Efficiency Table:
-----------------
           [-2.1,-1.2][-1.2,-0.8][-0.8,   0][   0, 0.8][ 0.8, 1.2][ 1.2, 2.1]
[  30,  50] 0.9155162  0.9081132  0.9014543  0.9010843  0.9055510  0.9196097 
[  50,  70] 0.9353547  0.9357270  0.9401088  0.9335855  0.9323561  0.9392103 
[  70,8000] 0.9272221  0.9373170  0.9334689  0.9361430  0.9173349  0.9287733 

Low Errors Table:
-----------------
           [-2.1,-1.2][-1.2,-0.8][-0.8,   0][   0, 0.8][ 0.8, 1.2][ 1.2, 2.1]
[  30,  50] 0.0000279  0.0002584  0.0010755  0.0006706  0.0029762  0.0004656 
[  50,  70] 0.0101416  0.0036299  0.0024303  0.0026034  0.0038463  0.0028398 
[  70,8000] 0.0058249  0.0130516  0.0005045  0.0078618  0.0007914  0.0001263 

High Errors Table:
------------------
           [-2.1,-1.2][-1.2,-0.8][-0.8,   0][   0, 0.8][ 0.8, 1.2][ 1.2, 2.1]
[  30,  50] 0.0000279  0.0002584  0.0012103  0.0006706  0.0029762  0.0004656 
[  50,  70] 0.0101416  0.0036299  0.0024303  0.0026034  0.0038463  0.0028398 
[  70,8000] 0.0058249  0.0150961  0.0005045  0.0078618  0.0007914  0.0001263 


Efficiency:
-----------
[-3.2, 3.2]
 0.9118861 

Low Errors:
-----------
[-3.2, 3.2]
 0.0007208 

High Errors:
------------
[-3.2, 3.2]
 0.0007208 


