9.9532e-01
9.9693e-01
9.9646e-01
9.9722e-01
9.9636e-01
9.9572e-01
9.9678e-01
9.9687e-01
9.9832e-01
9.9718e-01
9.9757e-01
9.9584e-01
9.9652e-01
9.9653e-01
9.9680e-01
9.9670e-01
9.9629e-01
9.9645e-01
9.9683e-01
9.9621e-01
9.9596e-01
9.9644e-01
9.9639e-01
9.9737e-01
9.9663e-01
9.9651e-01
9.9669e-01
9.9682e-01
9.9711e-01
9.9603e-01
9.9611e-01
9.9694e-01
9.9556e-01
9.9646e-01
9.9733e-01
9.9630e-01
9.9691e-01
9.9688e-01
9.9670e-01
9.9704e-01
9.9638e-01
9.9659e-01
9.9697e-01
9.9731e-01
9.9585e-01
9.9703e-01
9.9714e-01
9.9613e-01
9.9656e-01
9.9649e-01
9.9611e-01
9.9618e-01
9.9619e-01
9.9711e-01
9.9594e-01
9.9740e-01
9.9679e-01
9.9761e-01
9.9640e-01
9.9545e-01
9.9630e-01
9.9701e-01
9.9532e-01
9.9601e-01
9.9707e-01
9.9671e-01
9.9639e-01
9.9590e-01
9.9718e-01
9.9672e-01
9.9652e-01
9.9710e-01
9.9641e-01
9.9726e-01
9.9594e-01
9.9708e-01
9.9590e-01
9.9740e-01
9.9631e-01
9.9629e-01
9.9573e-01
9.9610e-01
9.9711e-01
9.9580e-01
9.9579e-01
9.9630e-01
9.9677e-01
9.9607e-01
9.9727e-01
9.9696e-01
9.9678e-01
9.9606e-01
9.9607e-01
9.9678e-01
9.9607e-01
9.9631e-01
9.9664e-01
9.9661e-01
9.9661e-01
9.9692e-01
9.9565e-01
9.9634e-01
9.9614e-01
9.9656e-01
9.9716e-01
9.9678e-01
9.9723e-01
9.9690e-01
9.9699e-01
9.9659e-01
9.9742e-01
9.9652e-01
9.9755e-01
9.9672e-01
9.9636e-01
9.9776e-01
9.9744e-01
9.9629e-01
9.9706e-01
9.9593e-01
9.9707e-01
9.9715e-01
9.9649e-01
9.9668e-01
9.9728e-01
9.9691e-01
9.9641e-01
9.9622e-01
9.9676e-01
9.9615e-01
9.9652e-01
9.9635e-01
9.9655e-01
9.9619e-01
9.9599e-01
9.9738e-01
9.9613e-01
9.9594e-01
9.9636e-01
9.9639e-01
9.9677e-01
9.9704e-01
9.9633e-01
9.9622e-01
9.9704e-01
9.9540e-01
9.9654e-01
9.9650e-01
9.9699e-01
9.9601e-01
9.9684e-01
9.9661e-01
9.9633e-01
9.9687e-01
9.9643e-01
9.9652e-01
9.9677e-01
9.9605e-01
9.9785e-01
9.9734e-01
9.9665e-01
9.9735e-01
9.9663e-01
9.9729e-01
9.9651e-01
9.9645e-01
9.9608e-01
9.9661e-01
9.9716e-01
9.9674e-01
9.9564e-01
9.9594e-01
9.9651e-01
9.9634e-01
9.9673e-01
9.9672e-01
9.9776e-01
9.9630e-01
9.9588e-01
9.9634e-01
9.9716e-01
9.9662e-01
9.9673e-01
9.9679e-01
9.9751e-01
9.9625e-01
9.9698e-01
9.9623e-01
9.9638e-01
9.9680e-01
9.9625e-01
9.9747e-01
9.9693e-01
9.9555e-01
9.9619e-01
9.9683e-01
9.9610e-01
9.9668e-01
9.9611e-01
9.9605e-01
9.9627e-01
9.9742e-01
9.9666e-01
9.9694e-01
9.9635e-01
9.9604e-01
9.9650e-01
9.9648e-01
9.9689e-01
9.9637e-01
9.9715e-01
9.9704e-01
9.9568e-01
9.9673e-01
9.9723e-01
9.9652e-01
9.9533e-01
9.9742e-01
9.9689e-01
9.9679e-01
9.9654e-01
9.9711e-01
9.9699e-01
9.9672e-01
9.9727e-01
9.9720e-01
9.9709e-01
9.9564e-01
9.9713e-01
9.9715e-01
9.9590e-01
9.9696e-01
9.9607e-01
9.9726e-01
9.9653e-01
9.9646e-01
9.9642e-01
9.9727e-01
9.9669e-01
9.9714e-01
9.9639e-01
9.9634e-01
9.9594e-01
9.9616e-01
9.9685e-01
9.9772e-01
9.9760e-01
9.9669e-01
9.9662e-01
9.9683e-01
9.9737e-01
9.9691e-01
9.9704e-01
9.9654e-01
9.9714e-01
9.9619e-01
9.9733e-01
9.9678e-01
9.9663e-01
9.9767e-01
9.9704e-01
9.9665e-01
9.9674e-01
9.9565e-01
9.9787e-01
9.9618e-01
9.9632e-01
9.9678e-01
9.9624e-01
9.9690e-01
9.9681e-01
9.9598e-01
9.9679e-01
9.9675e-01
9.9638e-01
9.9563e-01
9.9687e-01
9.9624e-01
9.9634e-01
9.9717e-01
9.9683e-01
9.9677e-01
9.9716e-01
9.9572e-01
9.9703e-01
9.9669e-01
9.9703e-01
9.9658e-01
9.9628e-01
9.9645e-01
9.9701e-01
9.9599e-01
9.9637e-01
9.9737e-01
9.9694e-01
9.9629e-01
9.9659e-01
9.9741e-01
9.9705e-01
9.9731e-01
9.9581e-01
9.9695e-01
9.9593e-01
9.9620e-01
9.9622e-01
9.9707e-01
9.9566e-01
9.9661e-01
9.9727e-01
9.9607e-01
9.9692e-01
9.9663e-01
9.9585e-01
9.9598e-01
9.9710e-01
9.9605e-01
9.9705e-01
9.9637e-01
9.9616e-01
9.9657e-01
9.9620e-01
9.9612e-01
9.9651e-01
9.9715e-01
9.9637e-01
9.9683e-01
9.9696e-01
9.9661e-01
9.9644e-01
9.9621e-01
9.9600e-01
9.9743e-01
9.9724e-01
9.9696e-01
9.9730e-01
9.9695e-01
9.9674e-01
9.9556e-01
9.9720e-01
9.9649e-01
9.9592e-01
9.9726e-01
9.9613e-01
9.9634e-01
9.9621e-01
9.9572e-01
9.9771e-01
9.9684e-01
9.9642e-01
9.9631e-01
9.9663e-01
9.9666e-01
9.9682e-01
9.9705e-01
9.9682e-01
9.9624e-01
9.9646e-01
9.9585e-01
9.9724e-01
9.9605e-01
9.9653e-01
9.9770e-01
9.9628e-01
9.9673e-01
9.9704e-01
9.9724e-01
9.9644e-01
9.9663e-01
9.9582e-01
9.9695e-01
9.9720e-01
9.9619e-01
9.9625e-01
9.9599e-01
9.9702e-01
9.9654e-01
9.9552e-01
9.9612e-01
9.9552e-01
9.9628e-01
9.9699e-01
9.9616e-01
9.9587e-01
9.9628e-01
9.9735e-01
9.9735e-01
9.9595e-01
9.9647e-01
9.9686e-01
9.9673e-01
9.9638e-01
9.9573e-01
9.9725e-01
9.9687e-01
9.9678e-01
9.9678e-01
9.9607e-01
9.9654e-01
9.9658e-01
9.9662e-01
9.9657e-01
9.9685e-01
9.9654e-01
9.9710e-01
9.9611e-01
9.9699e-01
9.9658e-01
9.9631e-01
9.9630e-01
9.9683e-01
9.9599e-01
9.9690e-01
9.9668e-01
9.9586e-01
9.9568e-01
9.9721e-01
9.9594e-01
9.9589e-01
9.9580e-01
9.9684e-01
9.9576e-01
9.9628e-01
9.9615e-01
9.9644e-01
9.9684e-01
9.9601e-01
9.9637e-01
9.9604e-01
9.9632e-01
9.9766e-01
9.9673e-01
9.9632e-01
9.9709e-01
9.9606e-01
9.9723e-01
9.9709e-01
9.9700e-01
9.9629e-01
9.9655e-01
9.9653e-01
9.9589e-01
9.9607e-01
9.9758e-01
9.9662e-01
9.9743e-01
9.9699e-01
9.9655e-01
9.9676e-01
9.9709e-01
9.9720e-01
9.9800e-01
9.9652e-01
9.9647e-01
9.9686e-01
9.9714e-01
9.9693e-01
9.9599e-01
9.9662e-01
9.9615e-01
9.9668e-01
9.9641e-01
9.9640e-01
9.9749e-01
9.9588e-01
9.9634e-01
9.9674e-01
9.9612e-01
9.9674e-01
9.9651e-01
9.9670e-01
9.9598e-01
9.9767e-01
9.9652e-01
9.9613e-01
9.9568e-01
9.9643e-01
9.9698e-01
9.9639e-01
9.9720e-01
9.9603e-01
9.9672e-01
9.9707e-01
9.9675e-01
9.9646e-01
9.9698e-01
9.9617e-01
9.9721e-01
9.9605e-01
9.9737e-01
9.9677e-01
9.9656e-01
9.9697e-01
9.9675e-01
9.9587e-01
9.9641e-01
9.9687e-01
9.9662e-01
9.9671e-01
9.9674e-01
9.9686e-01
9.9593e-01
9.9602e-01
9.9612e-01
9.9610e-01
9.9584e-01
9.9612e-01
9.9717e-01
9.9652e-01
9.9679e-01
9.9674e-01
9.9691e-01
9.9623e-01
9.9611e-01
9.9638e-01
9.9705e-01
9.9581e-01
9.9569e-01
9.9723e-01
9.9628e-01
9.9723e-01
9.9717e-01
9.9753e-01
9.9637e-01
9.9708e-01
9.9692e-01
9.9689e-01
9.9638e-01
9.9723e-01
9.9609e-01
9.9676e-01
9.9580e-01
9.9616e-01
9.9710e-01
9.9742e-01
9.9687e-01
9.9664e-01
9.9571e-01
9.9729e-01
9.9612e-01
9.9564e-01
9.9713e-01
9.9613e-01
9.9585e-01
9.9604e-01
9.9634e-01
9.9745e-01
9.9658e-01
9.9655e-01
9.9557e-01
9.9651e-01
9.9747e-01
9.9616e-01
9.9664e-01
9.9664e-01
9.9652e-01
9.9715e-01
9.9628e-01
9.9693e-01
9.9669e-01
9.9707e-01
9.9707e-01
9.9667e-01
9.9550e-01
9.9714e-01
9.9727e-01
9.9750e-01
9.9779e-01
9.9667e-01
9.9477e-01
9.9641e-01
9.9626e-01
9.9699e-01
9.9713e-01
9.9643e-01
9.9717e-01
9.9575e-01
9.9703e-01
9.9613e-01
9.9631e-01
9.9651e-01
9.9584e-01
9.9683e-01
9.9685e-01
9.9682e-01
9.9664e-01
9.9645e-01
9.9733e-01
9.9665e-01
9.9648e-01
9.9804e-01
9.9655e-01
9.9641e-01
9.9686e-01
9.9672e-01
9.9734e-01
9.9635e-01
9.9697e-01
9.9670e-01
9.9736e-01
9.9766e-01
9.9706e-01
9.9711e-01
9.9701e-01
9.9713e-01
9.9624e-01
9.9621e-01
9.9719e-01
9.9738e-01
9.9637e-01
9.9725e-01
9.9629e-01
9.9674e-01
9.9694e-01
9.9668e-01
9.9685e-01
9.9674e-01
9.9625e-01
9.9743e-01
9.9757e-01
9.9587e-01
9.9711e-01
9.9698e-01
9.9686e-01
9.9682e-01
9.9638e-01
9.9673e-01
9.9695e-01
9.9697e-01
9.9625e-01
9.9653e-01
9.9513e-01
9.9686e-01
9.9642e-01
9.9694e-01
9.9569e-01
9.9713e-01
9.9674e-01
9.9579e-01
9.9655e-01
9.9688e-01
9.9609e-01
9.9672e-01
9.9729e-01
9.9701e-01
9.9693e-01
9.9605e-01
9.9630e-01
9.9658e-01
9.9710e-01
9.9710e-01
9.9764e-01
9.9635e-01
9.9697e-01
9.9620e-01
9.9687e-01
9.9747e-01
9.9581e-01
9.9733e-01
9.9705e-01
9.9665e-01
9.9673e-01
9.9650e-01
9.9763e-01
9.9712e-01
9.9671e-01
9.9632e-01
9.9689e-01
9.9643e-01
9.9598e-01
9.9645e-01
9.9622e-01
9.9560e-01
9.9534e-01
9.9655e-01
9.9700e-01
9.9620e-01
9.9662e-01
9.9649e-01
9.9639e-01
9.9640e-01
9.9651e-01
9.9763e-01
9.9612e-01
9.9612e-01
9.9599e-01
9.9644e-01
9.9690e-01
9.9722e-01
9.9650e-01
9.9643e-01
9.9636e-01
9.9574e-01
9.9656e-01
9.9697e-01
9.9672e-01
9.9730e-01
9.9727e-01
9.9744e-01
9.9631e-01
9.9615e-01
9.9687e-01
9.9721e-01
9.9619e-01
9.9640e-01
9.9647e-01
9.9586e-01
9.9653e-01
9.9598e-01
9.9625e-01
9.9677e-01
9.9648e-01
9.9611e-01
9.9700e-01
9.9688e-01
9.9688e-01
9.9732e-01
9.9547e-01
9.9703e-01
9.9687e-01
9.9569e-01
9.9658e-01
9.9664e-01
9.9753e-01
9.9763e-01
9.9619e-01
9.9633e-01
9.9607e-01
9.9691e-01
9.9597e-01
9.9680e-01
9.9712e-01
9.9643e-01
9.9612e-01
9.9721e-01
9.9522e-01
9.9603e-01
9.9632e-01
9.9678e-01
9.9627e-01
9.9582e-01
9.9667e-01
9.9616e-01
9.9693e-01
9.9657e-01
9.9598e-01
9.9645e-01
9.9585e-01
9.9726e-01
9.9774e-01
9.9705e-01
9.9612e-01
9.9751e-01
9.9715e-01
9.9720e-01
9.9715e-01
9.9695e-01
9.9555e-01
9.9554e-01
9.9658e-01
9.9594e-01
9.9589e-01
9.9633e-01
9.9659e-01
9.9611e-01
9.9670e-01
9.9720e-01
9.9586e-01
9.9641e-01
9.9627e-01
9.9616e-01
9.9639e-01
9.9703e-01
9.9677e-01
9.9706e-01
9.9584e-01
9.9740e-01
9.9668e-01
9.9611e-01
9.9689e-01
9.9597e-01
9.9558e-01
9.9614e-01
9.9656e-01
9.9630e-01
9.9667e-01
9.9721e-01
9.9773e-01
9.9685e-01
9.9697e-01
9.9617e-01
9.9647e-01
9.9581e-01
9.9596e-01
9.9593e-01
9.9742e-01
9.9684e-01
9.9663e-01
9.9642e-01
9.9660e-01
9.9527e-01
9.9612e-01
9.9716e-01
9.9710e-01
9.9620e-01
9.9630e-01
9.9736e-01
9.9770e-01
9.9623e-01
9.9646e-01
9.9643e-01
9.9679e-01
9.9622e-01
9.9680e-01
9.9689e-01
9.9623e-01
9.9718e-01
9.9702e-01
9.9780e-01
9.9659e-01
9.9632e-01
9.9682e-01
9.9615e-01
9.9678e-01
9.9622e-01
9.9739e-01
9.9635e-01
9.9581e-01
9.9675e-01
9.9647e-01
9.9697e-01
9.9649e-01
9.9619e-01
9.9720e-01
9.9677e-01
9.9721e-01
9.9697e-01
9.9734e-01
9.9578e-01
9.9650e-01
9.9653e-01
9.9693e-01
9.9711e-01
9.9598e-01
9.9590e-01
9.9676e-01
9.9697e-01
9.9693e-01
9.9835e-01
9.9732e-01
9.9585e-01
9.9564e-01
9.9693e-01
9.9679e-01
9.9650e-01
9.9662e-01
9.9747e-01
9.9696e-01
9.9719e-01
9.9667e-01
9.9637e-01
9.9633e-01
9.9587e-01
9.9661e-01
9.9585e-01
9.9680e-01
9.9612e-01
9.9728e-01
9.9693e-01
9.9631e-01
9.9602e-01
9.9633e-01
9.9772e-01
9.9688e-01
9.9613e-01
9.9698e-01
9.9717e-01
9.9688e-01
9.9630e-01
9.9666e-01
9.9720e-01
9.9652e-01
9.9679e-01
9.9635e-01
9.9611e-01
9.9722e-01
9.9582e-01
9.9636e-01
9.9782e-01
9.9734e-01
9.9621e-01
9.9678e-01
9.9700e-01
9.9638e-01
9.9648e-01
9.9612e-01
9.9597e-01
9.9658e-01
9.9603e-01
9.9554e-01
9.9638e-01
9.9555e-01
9.9612e-01
9.9660e-01
9.9716e-01
9.9688e-01
9.9558e-01
9.9603e-01
9.9670e-01
9.9556e-01
9.9675e-01
9.9707e-01
9.9618e-01
9.9667e-01
9.9674e-01
9.9708e-01
9.9618e-01
9.9557e-01
9.9686e-01
9.9641e-01
9.9711e-01
9.9712e-01
9.9553e-01
9.9717e-01
9.9616e-01
9.9667e-01
9.9653e-01
9.9582e-01
9.9755e-01
9.9657e-01
9.9589e-01
9.9679e-01
9.9565e-01
9.9647e-01
9.9683e-01
9.9663e-01
9.9685e-01
9.9647e-01
9.9684e-01
9.9706e-01
9.9607e-01
9.9629e-01
9.9695e-01
9.9662e-01
9.9639e-01
9.9663e-01
9.9740e-01
9.9658e-01
9.9684e-01
9.9613e-01
9.9605e-01
9.9646e-01
9.9679e-01
9.9676e-01
9.9668e-01
9.9706e-01
9.9629e-01
9.9656e-01
9.9640e-01
9.9629e-01
9.9710e-01
9.9625e-01
9.9618e-01
9.9651e-01
9.9661e-01
9.9742e-01
9.9713e-01
9.9599e-01
9.9694e-01
9.9678e-01
9.9532e-01
9.9659e-01
9.9620e-01
9.9641e-01
9.9692e-01
9.9744e-01
9.9611e-01
9.9749e-01
9.9656e-01
9.9626e-01
9.9641e-01
9.9681e-01
9.9645e-01
9.9689e-01
9.9625e-01
9.9736e-01
9.9635e-01
9.9687e-01
9.9657e-01
9.9685e-01
9.9682e-01
9.9664e-01
9.9749e-01
9.9654e-01
9.9686e-01
9.9614e-01
9.9589e-01
9.9713e-01
9.9700e-01
9.9661e-01
9.9674e-01
