9.9696e-01
9.9531e-01
9.9657e-01
9.9620e-01
9.9475e-01
9.9651e-01
9.9749e-01
9.9702e-01
9.9685e-01
9.9461e-01
9.9460e-01
9.9520e-01
9.9648e-01
9.9693e-01
9.9560e-01
9.9396e-01
9.9569e-01
9.9501e-01
9.9449e-01
9.9602e-01
9.9604e-01
9.9587e-01
9.9396e-01
9.9690e-01
9.9558e-01
9.9585e-01
9.9531e-01
9.9729e-01
9.9605e-01
9.9544e-01
9.9830e-01
9.9533e-01
9.9568e-01
9.9573e-01
9.9657e-01
9.9593e-01
9.9572e-01
9.9753e-01
9.9299e-01
9.9543e-01
9.9788e-01
9.9592e-01
9.9738e-01
9.9739e-01
9.9566e-01
9.9687e-01
9.9649e-01
9.9616e-01
9.9624e-01
9.9723e-01
9.9690e-01
9.9607e-01
9.9740e-01
9.9567e-01
9.9695e-01
9.9636e-01
9.9743e-01
9.9692e-01
9.9618e-01
9.9735e-01
9.9465e-01
9.9759e-01
9.9654e-01
9.9576e-01
9.9733e-01
9.9764e-01
9.9806e-01
9.9716e-01
9.9704e-01
9.9595e-01
9.9794e-01
9.9526e-01
9.9685e-01
9.9707e-01
9.9631e-01
9.9735e-01
9.9543e-01
9.9608e-01
9.9689e-01
9.9678e-01
9.9685e-01
9.9555e-01
9.9751e-01
9.9699e-01
9.9471e-01
9.9516e-01
9.9556e-01
9.9683e-01
9.9639e-01
9.9629e-01
9.9636e-01
9.9527e-01
9.9626e-01
9.9662e-01
9.9536e-01
9.9490e-01
9.9611e-01
9.9584e-01
9.9649e-01
9.9628e-01
9.9736e-01
9.9672e-01
9.9582e-01
9.9556e-01
9.9484e-01
9.9579e-01
9.9606e-01
9.9696e-01
9.9727e-01
9.9618e-01
9.9741e-01
9.9564e-01
9.9708e-01
9.9572e-01
9.9708e-01
9.9372e-01
9.9799e-01
9.9493e-01
9.9467e-01
9.9600e-01
9.9532e-01
9.9648e-01
9.9546e-01
9.9735e-01
9.9660e-01
9.9616e-01
9.9527e-01
9.9625e-01
9.9711e-01
9.9542e-01
9.9572e-01
9.9616e-01
9.9637e-01
9.9527e-01
9.9661e-01
9.9613e-01
9.9473e-01
9.9611e-01
9.9615e-01
9.9629e-01
9.9631e-01
9.9614e-01
9.9683e-01
9.9627e-01
9.9680e-01
9.9719e-01
9.9549e-01
9.9757e-01
9.9606e-01
9.9615e-01
9.9679e-01
9.9735e-01
9.9812e-01
9.9531e-01
9.9750e-01
9.9560e-01
9.9611e-01
9.9597e-01
9.9594e-01
9.9792e-01
9.9655e-01
9.9464e-01
9.9664e-01
9.9656e-01
9.9669e-01
9.9539e-01
9.9463e-01
9.9719e-01
9.9755e-01
9.9498e-01
9.9650e-01
9.9652e-01
9.9686e-01
9.9603e-01
9.9633e-01
9.9608e-01
9.9742e-01
9.9696e-01
9.9750e-01
9.9658e-01
9.9598e-01
9.9694e-01
9.9653e-01
9.9712e-01
9.9509e-01
9.9683e-01
9.9585e-01
9.9496e-01
9.9836e-01
9.9689e-01
9.9594e-01
9.9662e-01
9.9579e-01
9.9418e-01
9.9685e-01
9.9572e-01
9.9505e-01
9.9615e-01
9.9684e-01
9.9496e-01
9.9721e-01
9.9702e-01
9.9507e-01
9.9603e-01
9.9526e-01
9.9558e-01
9.9594e-01
9.9407e-01
9.9687e-01
9.9531e-01
9.9507e-01
9.9595e-01
9.9685e-01
9.9726e-01
9.9712e-01
9.9507e-01
9.9554e-01
9.9446e-01
9.9652e-01
9.9610e-01
9.9752e-01
9.9285e-01
9.9713e-01
9.9652e-01
9.9676e-01
9.9542e-01
9.9637e-01
9.9610e-01
9.9664e-01
9.9355e-01
9.9586e-01
9.9679e-01
9.9703e-01
9.9599e-01
9.9531e-01
9.9486e-01
9.9632e-01
9.9602e-01
9.9465e-01
9.9434e-01
9.9653e-01
9.9391e-01
9.9529e-01
9.9662e-01
9.9645e-01
9.9870e-01
9.9708e-01
9.9617e-01
9.9575e-01
9.9524e-01
9.9668e-01
9.9680e-01
9.9545e-01
9.9670e-01
9.9578e-01
9.9547e-01
9.9724e-01
9.9594e-01
9.9799e-01
9.9663e-01
9.9675e-01
9.9699e-01
9.9619e-01
9.9696e-01
9.9661e-01
9.9488e-01
9.9612e-01
9.9655e-01
9.9554e-01
9.9634e-01
9.9625e-01
9.9618e-01
9.9606e-01
9.9623e-01
9.9694e-01
9.9798e-01
9.9619e-01
9.9679e-01
9.9695e-01
9.9694e-01
9.9669e-01
9.9567e-01
9.9563e-01
9.9516e-01
9.9545e-01
9.9515e-01
9.9583e-01
9.9547e-01
9.9660e-01
9.9267e-01
9.9555e-01
9.9360e-01
9.9672e-01
9.9530e-01
9.9571e-01
9.9466e-01
9.9538e-01
9.9688e-01
9.9574e-01
9.9553e-01
9.9526e-01
9.9740e-01
9.9561e-01
9.9530e-01
9.9638e-01
9.9669e-01
9.9628e-01
9.9663e-01
9.9679e-01
9.9528e-01
9.9641e-01
9.9735e-01
9.9769e-01
9.9801e-01
9.9585e-01
9.9452e-01
9.9520e-01
9.9793e-01
9.9635e-01
9.9540e-01
9.9723e-01
9.9720e-01
9.9599e-01
9.9691e-01
9.9456e-01
9.9664e-01
9.9666e-01
9.9545e-01
9.9510e-01
9.9548e-01
9.9660e-01
9.9836e-01
9.9476e-01
9.9598e-01
9.9573e-01
9.9736e-01
9.9592e-01
9.9630e-01
9.9558e-01
9.9672e-01
9.9676e-01
9.9752e-01
9.9551e-01
9.9543e-01
9.9643e-01
9.9645e-01
9.9554e-01
9.9619e-01
9.9552e-01
9.9375e-01
9.9632e-01
9.9709e-01
9.9712e-01
9.9692e-01
9.9498e-01
9.9698e-01
9.9702e-01
9.9695e-01
9.9583e-01
9.9472e-01
9.9655e-01
9.9554e-01
9.9468e-01
9.9513e-01
9.9795e-01
9.9535e-01
9.9608e-01
9.9727e-01
9.9602e-01
9.9721e-01
9.9455e-01
9.9718e-01
9.9617e-01
9.9605e-01
9.9667e-01
9.9601e-01
9.9713e-01
9.9379e-01
9.9723e-01
9.9595e-01
9.9502e-01
9.9641e-01
9.9481e-01
9.9558e-01
9.9674e-01
9.9639e-01
9.9659e-01
9.9499e-01
9.9701e-01
9.9693e-01
9.9636e-01
9.9583e-01
9.9685e-01
9.9604e-01
9.9557e-01
9.9641e-01
9.9625e-01
9.9779e-01
9.9650e-01
9.9644e-01
9.9505e-01
9.9230e-01
9.9774e-01
9.9609e-01
9.9633e-01
9.9454e-01
9.9723e-01
9.9389e-01
9.9546e-01
9.9637e-01
9.9364e-01
9.9720e-01
9.9540e-01
9.9652e-01
9.9568e-01
9.9651e-01
9.9670e-01
9.9750e-01
9.9548e-01
9.9568e-01
9.9641e-01
9.9544e-01
9.9426e-01
9.9588e-01
9.9705e-01
9.9614e-01
9.9584e-01
9.9648e-01
9.9729e-01
9.9623e-01
9.9561e-01
9.9698e-01
9.9619e-01
9.9349e-01
9.9715e-01
9.9742e-01
9.9627e-01
9.9724e-01
9.9539e-01
9.9585e-01
9.9673e-01
9.9687e-01
9.9382e-01
9.9675e-01
9.9660e-01
9.9639e-01
9.9597e-01
9.9671e-01
9.9706e-01
9.9497e-01
9.9752e-01
9.9599e-01
9.9449e-01
9.9723e-01
9.9471e-01
9.9638e-01
9.9623e-01
9.9519e-01
9.9578e-01
9.9585e-01
9.9623e-01
9.9524e-01
9.9528e-01
9.9504e-01
9.9692e-01
9.9655e-01
9.9432e-01
9.9690e-01
9.9729e-01
9.9713e-01
9.9680e-01
9.9747e-01
9.9807e-01
9.9610e-01
9.9742e-01
9.9600e-01
9.9496e-01
9.9749e-01
9.9559e-01
9.9651e-01
9.9550e-01
9.9527e-01
9.9504e-01
9.9723e-01
9.9663e-01
9.9504e-01
9.9543e-01
9.9483e-01
9.9636e-01
9.9487e-01
9.9559e-01
9.9660e-01
9.9796e-01
9.9690e-01
9.9678e-01
9.9363e-01
9.9752e-01
9.9720e-01
9.9749e-01
9.9466e-01
9.9709e-01
9.9537e-01
9.9734e-01
9.9470e-01
9.9572e-01
9.9653e-01
9.9566e-01
9.9620e-01
9.9681e-01
9.9572e-01
9.9624e-01
9.9442e-01
9.9710e-01
9.9628e-01
9.9702e-01
9.9639e-01
9.9508e-01
9.9605e-01
9.9701e-01
9.9562e-01
9.9594e-01
9.9702e-01
9.9653e-01
9.9562e-01
9.9700e-01
9.9578e-01
9.9699e-01
9.9527e-01
9.9572e-01
9.9650e-01
9.9647e-01
9.9608e-01
9.9690e-01
9.9522e-01
9.9488e-01
9.9795e-01
9.9534e-01
9.9677e-01
9.9610e-01
9.9707e-01
9.9704e-01
9.9742e-01
9.9623e-01
9.9597e-01
9.9540e-01
9.9776e-01
9.9565e-01
9.9544e-01
9.9644e-01
9.9710e-01
9.9691e-01
9.9503e-01
9.9723e-01
9.9573e-01
9.9364e-01
9.9776e-01
9.9620e-01
9.9643e-01
9.9643e-01
9.9658e-01
9.9814e-01
9.9357e-01
9.9544e-01
9.9597e-01
9.9679e-01
9.9690e-01
9.9715e-01
9.9695e-01
9.9658e-01
9.9772e-01
9.9792e-01
9.9514e-01
9.9775e-01
9.9445e-01
9.9599e-01
9.9357e-01
9.9600e-01
9.9781e-01
9.9408e-01
9.9579e-01
9.9428e-01
9.9657e-01
9.9490e-01
9.9519e-01
9.9682e-01
9.9705e-01
9.9597e-01
9.9545e-01
9.9665e-01
9.9648e-01
9.9556e-01
9.9613e-01
9.9514e-01
9.9689e-01
9.9640e-01
9.9531e-01
9.9564e-01
9.9678e-01
9.9637e-01
9.9635e-01
9.9582e-01
9.9627e-01
9.9619e-01
9.9753e-01
9.9715e-01
9.9479e-01
9.9492e-01
9.9567e-01
9.9365e-01
9.9641e-01
9.9372e-01
9.9730e-01
9.9637e-01
9.9790e-01
9.9586e-01
9.9486e-01
9.9483e-01
9.9519e-01
9.9578e-01
9.9606e-01
9.9361e-01
9.9588e-01
9.9621e-01
9.9544e-01
9.9729e-01
9.9502e-01
9.9646e-01
9.9555e-01
9.9632e-01
9.9715e-01
9.9657e-01
9.9618e-01
9.9706e-01
9.9419e-01
9.9642e-01
9.9536e-01
9.9649e-01
9.9692e-01
9.9539e-01
9.9591e-01
9.9619e-01
9.9480e-01
9.9545e-01
9.9369e-01
9.9643e-01
9.9620e-01
9.9485e-01
9.9633e-01
9.9740e-01
9.9857e-01
9.9629e-01
9.9673e-01
9.9610e-01
9.9547e-01
9.9589e-01
9.9654e-01
9.9596e-01
9.9536e-01
9.9638e-01
9.9493e-01
9.9735e-01
9.9812e-01
9.9627e-01
9.9662e-01
9.9717e-01
9.9596e-01
9.9774e-01
9.9875e-01
9.9692e-01
9.9517e-01
9.9658e-01
9.9585e-01
9.9533e-01
9.9603e-01
9.9658e-01
9.9545e-01
9.9595e-01
9.9639e-01
9.9443e-01
9.9708e-01
9.9702e-01
9.9657e-01
9.9598e-01
9.9555e-01
9.9563e-01
9.9702e-01
9.9653e-01
9.9595e-01
9.9624e-01
9.9790e-01
9.9314e-01
9.9514e-01
9.9629e-01
9.9452e-01
9.9667e-01
9.9389e-01
9.9491e-01
9.9576e-01
9.9632e-01
9.9530e-01
9.9619e-01
9.9615e-01
9.9559e-01
9.9585e-01
9.9470e-01
9.9568e-01
9.9609e-01
9.9619e-01
9.9513e-01
9.9398e-01
9.9542e-01
9.9606e-01
9.9779e-01
9.9775e-01
9.9620e-01
9.9654e-01
9.9640e-01
9.9578e-01
9.9641e-01
9.9523e-01
9.9605e-01
9.9706e-01
9.9446e-01
9.9629e-01
9.9484e-01
9.9568e-01
9.9401e-01
9.9540e-01
9.9669e-01
9.9647e-01
9.9638e-01
9.9654e-01
9.9752e-01
9.9586e-01
9.9549e-01
9.9754e-01
9.9656e-01
9.9603e-01
9.9761e-01
9.9534e-01
9.9740e-01
9.9623e-01
9.9608e-01
9.9593e-01
9.9580e-01
9.9587e-01
9.9644e-01
9.9705e-01
9.9560e-01
9.9711e-01
9.9571e-01
9.9541e-01
9.9335e-01
9.9545e-01
9.9651e-01
9.9691e-01
9.9528e-01
9.9790e-01
9.9478e-01
9.9595e-01
9.9424e-01
9.9707e-01
9.9670e-01
9.9565e-01
9.9594e-01
9.9449e-01
9.9666e-01
9.9621e-01
9.9802e-01
9.9582e-01
9.9546e-01
9.9643e-01
9.9776e-01
9.9441e-01
9.9708e-01
9.9580e-01
9.9664e-01
9.9817e-01
9.9716e-01
9.9310e-01
9.9635e-01
9.9582e-01
9.9420e-01
9.9569e-01
9.9644e-01
9.9545e-01
9.9554e-01
9.9759e-01
9.9640e-01
9.9590e-01
9.9660e-01
9.9508e-01
9.9755e-01
9.9586e-01
9.9625e-01
9.9660e-01
9.9610e-01
9.9656e-01
9.9624e-01
9.9521e-01
9.9754e-01
9.9609e-01
9.9591e-01
9.9439e-01
9.9641e-01
9.9667e-01
9.9455e-01
9.9708e-01
9.9663e-01
9.9557e-01
9.9730e-01
9.9719e-01
9.9732e-01
9.9444e-01
9.9524e-01
9.9561e-01
9.9830e-01
9.9552e-01
9.9650e-01
9.9672e-01
9.9651e-01
9.9773e-01
9.9481e-01
9.9609e-01
9.9487e-01
9.9653e-01
9.9587e-01
9.9520e-01
9.9545e-01
9.9628e-01
9.9617e-01
9.9592e-01
9.9593e-01
9.9470e-01
9.9669e-01
9.9595e-01
9.9691e-01
9.9749e-01
9.9624e-01
9.9478e-01
9.9592e-01
9.9644e-01
9.9602e-01
9.9702e-01
9.9683e-01
9.9591e-01
9.9633e-01
9.9598e-01
9.9687e-01
9.9606e-01
9.9506e-01
9.9599e-01
9.9586e-01
9.9723e-01
9.9679e-01
9.9869e-01
9.9767e-01
9.9709e-01
9.9717e-01
9.9712e-01
9.9719e-01
9.9732e-01
9.9650e-01
9.9636e-01
9.9449e-01
9.9526e-01
9.9736e-01
9.9571e-01
9.9651e-01
9.9618e-01
9.9620e-01
9.9314e-01
9.9538e-01
9.9670e-01
9.9554e-01
9.9634e-01
9.9479e-01
9.9688e-01
9.9650e-01
9.9712e-01
9.9472e-01
9.9529e-01
9.9608e-01
9.9723e-01
9.9729e-01
9.9621e-01
9.9582e-01
9.9507e-01
9.9613e-01
9.9470e-01
9.9580e-01
9.9709e-01
9.9525e-01
9.9688e-01
9.9649e-01
9.9420e-01
9.9738e-01
9.9649e-01
9.9553e-01
9.9594e-01
9.9463e-01
9.9647e-01
9.9738e-01
9.9633e-01
9.9688e-01
9.9550e-01
9.9786e-01
9.9583e-01
9.9501e-01
9.9578e-01
9.9472e-01
9.9516e-01
9.9616e-01
9.9403e-01
9.9774e-01
9.9541e-01
9.9627e-01
9.9485e-01
9.9568e-01
9.9601e-01
9.9536e-01
9.9670e-01
9.9607e-01
9.9253e-01
9.9468e-01
9.9697e-01
9.9620e-01
9.9580e-01
9.9725e-01
9.9607e-01
9.9770e-01
9.9650e-01
9.9509e-01
9.9782e-01
9.9647e-01
9.9649e-01
9.9606e-01
9.9615e-01
9.9656e-01
9.9654e-01
9.9546e-01
9.9759e-01
9.9571e-01
9.9660e-01
9.9636e-01
9.9772e-01
9.9727e-01
9.9525e-01
9.9535e-01
9.9475e-01
9.9366e-01
9.9844e-01
9.9806e-01
9.9619e-01
9.9355e-01
9.9581e-01
9.9620e-01
9.9642e-01
9.9695e-01
9.9669e-01
9.9528e-01
9.9704e-01
9.9686e-01
9.9622e-01
9.9695e-01
9.9533e-01
9.9600e-01
9.9749e-01
9.9638e-01
9.9523e-01
9.9743e-01
9.9606e-01
9.9715e-01
9.9497e-01
9.9769e-01
9.9676e-01
9.9513e-01
9.9584e-01
9.9579e-01
9.9739e-01
9.9647e-01
9.9547e-01
9.9571e-01
9.9584e-01
9.9613e-01
9.9789e-01
9.9474e-01
9.9529e-01
9.9700e-01
9.9712e-01
9.9569e-01
9.9609e-01
9.9616e-01
9.9536e-01
9.9630e-01
9.9570e-01
9.9541e-01
9.9811e-01
9.9705e-01
9.9470e-01
