9.9006e-01
9.9313e-01
9.9276e-01
9.9054e-01
9.8975e-01
9.9151e-01
9.8921e-01
9.9329e-01
9.9371e-01
9.9421e-01
9.9060e-01
9.9109e-01
9.8953e-01
9.9200e-01
9.9376e-01
9.8903e-01
9.9647e-01
9.9538e-01
9.9077e-01
9.9169e-01
9.9315e-01
9.9114e-01
9.9156e-01
9.9316e-01
9.9400e-01
9.9460e-01
9.9334e-01
9.9329e-01
9.9353e-01
9.8661e-01
9.9317e-01
9.9178e-01
9.9160e-01
9.9135e-01
9.9419e-01
9.9465e-01
9.9452e-01
9.9227e-01
9.9519e-01
9.9089e-01
9.9374e-01
9.9116e-01
9.9049e-01
9.8719e-01
9.9207e-01
9.8633e-01
9.8996e-01
9.9379e-01
9.9471e-01
9.8982e-01
9.9299e-01
9.9149e-01
9.8811e-01
9.9286e-01
9.9310e-01
9.9396e-01
9.9058e-01
9.8885e-01
9.9256e-01
9.9212e-01
9.9389e-01
9.9454e-01
9.8924e-01
9.9213e-01
9.9548e-01
9.9168e-01
9.9369e-01
9.9512e-01
9.8857e-01
9.9476e-01
9.8595e-01
9.9390e-01
9.9162e-01
9.9052e-01
9.8488e-01
9.9158e-01
9.9326e-01
9.8977e-01
9.9212e-01
9.8775e-01
9.8190e-01
9.8597e-01
9.9374e-01
9.9421e-01
9.9162e-01
9.9634e-01
9.9587e-01
9.9205e-01
9.9310e-01
9.9510e-01
9.9414e-01
9.9101e-01
9.9330e-01
9.9296e-01
9.8785e-01
9.9092e-01
9.9216e-01
9.8910e-01
9.9139e-01
9.9259e-01
9.9346e-01
9.9167e-01
9.9437e-01
9.9319e-01
9.9135e-01
9.9317e-01
9.9103e-01
9.9273e-01
9.8927e-01
9.9086e-01
9.9456e-01
9.8978e-01
9.9181e-01
9.9281e-01
9.9342e-01
9.9129e-01
9.9409e-01
9.9312e-01
9.9630e-01
9.9003e-01
9.9126e-01
9.9396e-01
9.9482e-01
9.9057e-01
9.8962e-01
9.9203e-01
9.9012e-01
9.8906e-01
9.9264e-01
9.9717e-01
9.9141e-01
9.9542e-01
9.9096e-01
9.9250e-01
9.9364e-01
9.9307e-01
9.8743e-01
9.9017e-01
9.9236e-01
9.9203e-01
9.9139e-01
9.9184e-01
9.9125e-01
9.9099e-01
9.9288e-01
9.9463e-01
9.8938e-01
9.9195e-01
9.9120e-01
9.9036e-01
9.9323e-01
9.8859e-01
9.8954e-01
9.8557e-01
9.9533e-01
9.8805e-01
9.9154e-01
9.9149e-01
9.9574e-01
9.8844e-01
9.9137e-01
9.9249e-01
9.9113e-01
9.9209e-01
9.8932e-01
9.9534e-01
9.8931e-01
9.9096e-01
9.9028e-01
9.9154e-01
9.9525e-01
9.9319e-01
9.9362e-01
9.9535e-01
9.9358e-01
9.9290e-01
9.8730e-01
9.9372e-01
9.9234e-01
9.8935e-01
9.9173e-01
9.9082e-01
9.9201e-01
9.9088e-01
9.9268e-01
9.9671e-01
9.9214e-01
9.9374e-01
9.9181e-01
9.9307e-01
9.9033e-01
9.9360e-01
9.9014e-01
9.9234e-01
9.9406e-01
9.9147e-01
9.9137e-01
9.9124e-01
9.9025e-01
9.9501e-01
9.9213e-01
9.9758e-01
9.9308e-01
9.9108e-01
9.9240e-01
9.9324e-01
9.9273e-01
9.9541e-01
9.9050e-01
9.9353e-01
9.9225e-01
9.9289e-01
9.9146e-01
9.9058e-01
9.9382e-01
9.9614e-01
9.9009e-01
9.9622e-01
9.9133e-01
9.9188e-01
9.9199e-01
9.9354e-01
9.9106e-01
9.9176e-01
9.9217e-01
9.9183e-01
9.9256e-01
9.9052e-01
9.9054e-01
9.9344e-01
9.9457e-01
9.9251e-01
9.9247e-01
9.8838e-01
9.9378e-01
9.9349e-01
9.8914e-01
9.9286e-01
9.9170e-01
9.9329e-01
9.9177e-01
9.9434e-01
9.9379e-01
9.8837e-01
9.9462e-01
9.8980e-01
9.9326e-01
9.9110e-01
9.9332e-01
9.9371e-01
9.9470e-01
9.9232e-01
9.9082e-01
9.8997e-01
9.9257e-01
9.9183e-01
9.9166e-01
9.9278e-01
9.9600e-01
9.9466e-01
9.9192e-01
9.8942e-01
9.9353e-01
9.8782e-01
9.9319e-01
9.9205e-01
9.9489e-01
9.9243e-01
9.9632e-01
9.9177e-01
9.9026e-01
9.9618e-01
9.9432e-01
9.9349e-01
9.9547e-01
9.9041e-01
9.8974e-01
9.9224e-01
9.9130e-01
9.9488e-01
9.9057e-01
9.9576e-01
9.9303e-01
9.9182e-01
9.9099e-01
9.9151e-01
9.9361e-01
9.9362e-01
9.8834e-01
9.9166e-01
9.8920e-01
9.9070e-01
9.9167e-01
9.8924e-01
9.8884e-01
9.8959e-01
9.9395e-01
9.9009e-01
9.9178e-01
9.9277e-01
9.9107e-01
9.9632e-01
9.8886e-01
9.9494e-01
9.9200e-01
9.9182e-01
9.9145e-01
9.9373e-01
9.9155e-01
9.9611e-01
9.9213e-01
9.9584e-01
9.9195e-01
9.9195e-01
9.9306e-01
9.9023e-01
9.9206e-01
9.9009e-01
9.9295e-01
9.9496e-01
9.9214e-01
9.9188e-01
9.9421e-01
9.8993e-01
9.9067e-01
9.9117e-01
9.9227e-01
9.9051e-01
9.9406e-01
9.9248e-01
9.9661e-01
9.9074e-01
9.9234e-01
9.9184e-01
9.9713e-01
9.9184e-01
9.9125e-01
9.9374e-01
9.9264e-01
9.9055e-01
9.9349e-01
9.9187e-01
9.9212e-01
9.9171e-01
9.9475e-01
9.9109e-01
9.9219e-01
9.9379e-01
9.9601e-01
9.9559e-01
9.9104e-01
9.9399e-01
9.9463e-01
9.8851e-01
9.9261e-01
9.9320e-01
9.9055e-01
9.8763e-01
9.8683e-01
9.9043e-01
9.8845e-01
9.9313e-01
9.9295e-01
9.9379e-01
9.9033e-01
9.9352e-01
9.9411e-01
9.9312e-01
9.9362e-01
9.8941e-01
9.9238e-01
9.9432e-01
9.8753e-01
9.9649e-01
9.9505e-01
9.9271e-01
9.9107e-01
9.8986e-01
9.9105e-01
9.8944e-01
9.9081e-01
9.9405e-01
9.8732e-01
9.9444e-01
9.8839e-01
9.9206e-01
9.9276e-01
9.9274e-01
9.9526e-01
9.8871e-01
9.9205e-01
9.9146e-01
9.9532e-01
9.9319e-01
9.9401e-01
9.9008e-01
9.8723e-01
9.9528e-01
9.9269e-01
9.9064e-01
9.9290e-01
9.9144e-01
9.9348e-01
9.9604e-01
9.9203e-01
9.9442e-01
9.9442e-01
9.8933e-01
9.9401e-01
9.9133e-01
9.9204e-01
9.9127e-01
9.9473e-01
9.9068e-01
9.9346e-01
9.8987e-01
9.8907e-01
9.9188e-01
9.9499e-01
9.9456e-01
9.9067e-01
9.9396e-01
9.8656e-01
9.9321e-01
9.8831e-01
9.9061e-01
9.9263e-01
9.9548e-01
9.9397e-01
9.9332e-01
9.8901e-01
9.9234e-01
9.9051e-01
9.9087e-01
9.9600e-01
9.9329e-01
9.9203e-01
9.8807e-01
9.9252e-01
9.9376e-01
9.9108e-01
9.9211e-01
9.8850e-01
9.9403e-01
9.9089e-01
9.9145e-01
9.9398e-01
9.9142e-01
9.9109e-01
9.9250e-01
9.9258e-01
9.9226e-01
9.9492e-01
9.9582e-01
9.9194e-01
9.9538e-01
9.9121e-01
9.9127e-01
9.9133e-01
9.9523e-01
9.9146e-01
9.9232e-01
9.8940e-01
9.9401e-01
9.9511e-01
9.9268e-01
9.9448e-01
9.9421e-01
9.9032e-01
9.9651e-01
9.9277e-01
9.9238e-01
9.9168e-01
9.9350e-01
9.9303e-01
9.9434e-01
9.9271e-01
9.8880e-01
9.9195e-01
9.9225e-01
9.9350e-01
9.9039e-01
9.9116e-01
9.8786e-01
9.8865e-01
9.9109e-01
9.9249e-01
9.9354e-01
9.9001e-01
9.8887e-01
9.8863e-01
9.8863e-01
9.9171e-01
9.9204e-01
9.9661e-01
9.9454e-01
9.9128e-01
9.9294e-01
9.9343e-01
9.9197e-01
9.9323e-01
9.9078e-01
9.8657e-01
9.9151e-01
9.9244e-01
9.9199e-01
9.9177e-01
9.9242e-01
9.9142e-01
9.9417e-01
9.9264e-01
9.9388e-01
9.9452e-01
9.9112e-01
9.9389e-01
9.9348e-01
9.8849e-01
9.9469e-01
9.9333e-01
9.9248e-01
9.9510e-01
9.9406e-01
9.8655e-01
9.9220e-01
9.9190e-01
9.9341e-01
9.9400e-01
9.9283e-01
9.9126e-01
9.8984e-01
9.9373e-01
9.9048e-01
9.9161e-01
9.9573e-01
9.9216e-01
9.9285e-01
9.9074e-01
9.9281e-01
9.9531e-01
9.9427e-01
9.9382e-01
9.9624e-01
9.9095e-01
9.8800e-01
9.9131e-01
9.9443e-01
9.9218e-01
9.9121e-01
9.9222e-01
9.9448e-01
9.9445e-01
9.9329e-01
9.9391e-01
9.9199e-01
9.9501e-01
9.9313e-01
9.9378e-01
9.9036e-01
9.9395e-01
9.9134e-01
9.9448e-01
9.9464e-01
9.9160e-01
9.9402e-01
9.9090e-01
9.9362e-01
9.9393e-01
9.8832e-01
9.9387e-01
9.9452e-01
9.9389e-01
9.9254e-01
9.9344e-01
9.9115e-01
9.9174e-01
9.8890e-01
9.9241e-01
9.9250e-01
9.9503e-01
9.9239e-01
9.9384e-01
9.8915e-01
9.8802e-01
9.9252e-01
9.9192e-01
9.9134e-01
9.9376e-01
9.9372e-01
9.9394e-01
9.8953e-01
9.9561e-01
9.9499e-01
9.9170e-01
9.9506e-01
9.9244e-01
9.9164e-01
9.9280e-01
9.9225e-01
9.9215e-01
9.9026e-01
9.9300e-01
9.8174e-01
9.9165e-01
9.9428e-01
9.9276e-01
9.9392e-01
9.9290e-01
9.9653e-01
9.9125e-01
9.9230e-01
9.9359e-01
9.9441e-01
9.9343e-01
9.9302e-01
9.9553e-01
9.9323e-01
9.9210e-01
9.9060e-01
9.9141e-01
9.9015e-01
9.9658e-01
9.9158e-01
9.9461e-01
9.9023e-01
9.9554e-01
9.9181e-01
9.9395e-01
9.8967e-01
9.9541e-01
9.9241e-01
9.9061e-01
9.9272e-01
9.9037e-01
9.9700e-01
9.9337e-01
9.9331e-01
9.9466e-01
9.9261e-01
9.9363e-01
9.9288e-01
9.9330e-01
9.9345e-01
9.9447e-01
9.9267e-01
9.9079e-01
9.9599e-01
9.9209e-01
9.9056e-01
9.9445e-01
9.9271e-01
9.9229e-01
9.8914e-01
9.8959e-01
9.9411e-01
9.9260e-01
9.9356e-01
9.9407e-01
9.9501e-01
9.9417e-01
9.9493e-01
9.9287e-01
9.9333e-01
9.9347e-01
9.9341e-01
9.9101e-01
9.9057e-01
9.9263e-01
9.9318e-01
9.9036e-01
9.8700e-01
9.9508e-01
9.9417e-01
9.9298e-01
9.9189e-01
9.9235e-01
9.9283e-01
9.9062e-01
9.9135e-01
9.9137e-01
9.9071e-01
9.9215e-01
9.9191e-01
9.9138e-01
9.9271e-01
9.9345e-01
9.9302e-01
9.9557e-01
9.9488e-01
9.8900e-01
9.9510e-01
9.9238e-01
9.9459e-01
9.9045e-01
9.9331e-01
9.9085e-01
9.9052e-01
9.9445e-01
9.9417e-01
9.9136e-01
9.9176e-01
9.8971e-01
9.9245e-01
9.9206e-01
9.9332e-01
9.9210e-01
9.9511e-01
9.9288e-01
9.8755e-01
9.8884e-01
9.9562e-01
9.9368e-01
9.9606e-01
9.9233e-01
9.9448e-01
9.9127e-01
9.9056e-01
9.9009e-01
9.9437e-01
9.9026e-01
9.9156e-01
9.9029e-01
9.9380e-01
9.8847e-01
9.9297e-01
9.9320e-01
9.9529e-01
9.9185e-01
9.9181e-01
9.9034e-01
9.9186e-01
9.9290e-01
9.9191e-01
9.9496e-01
9.9249e-01
9.9488e-01
9.9194e-01
9.8553e-01
9.9293e-01
9.8867e-01
9.9166e-01
9.9078e-01
9.9229e-01
9.8898e-01
9.9712e-01
9.9127e-01
9.9149e-01
9.9304e-01
9.9212e-01
9.9081e-01
9.9185e-01
9.9321e-01
9.9364e-01
9.9514e-01
9.9518e-01
9.9067e-01
9.9218e-01
9.9280e-01
9.9423e-01
9.9365e-01
9.8963e-01
9.9372e-01
9.9245e-01
9.9249e-01
9.9486e-01
9.9303e-01
9.9346e-01
9.9048e-01
9.9182e-01
9.9274e-01
9.9392e-01
9.9499e-01
9.9416e-01
9.9081e-01
9.9135e-01
9.9290e-01
9.9318e-01
9.9087e-01
9.9263e-01
9.9182e-01
9.9278e-01
9.9062e-01
9.9280e-01
9.9303e-01
9.9368e-01
9.9108e-01
9.9217e-01
9.9187e-01
9.9391e-01
9.8950e-01
9.9007e-01
9.8871e-01
9.9053e-01
9.8848e-01
9.9265e-01
9.9252e-01
9.9171e-01
9.9139e-01
9.9428e-01
9.9495e-01
9.9270e-01
9.9162e-01
9.9303e-01
9.9195e-01
9.9406e-01
9.9207e-01
9.9523e-01
9.9044e-01
9.9053e-01
9.9241e-01
9.8867e-01
9.9171e-01
9.9077e-01
9.9303e-01
9.9106e-01
9.9153e-01
9.9270e-01
9.9308e-01
9.8929e-01
9.9105e-01
9.8807e-01
9.9255e-01
9.9418e-01
9.9200e-01
9.9527e-01
9.9283e-01
9.8626e-01
9.9375e-01
9.9041e-01
9.9289e-01
9.9294e-01
9.9211e-01
9.9125e-01
9.9485e-01
9.8988e-01
9.9283e-01
9.9353e-01
9.9294e-01
9.9521e-01
9.9658e-01
9.9191e-01
9.9368e-01
9.9209e-01
9.9007e-01
9.9240e-01
9.9408e-01
9.9426e-01
9.9646e-01
9.9461e-01
9.9445e-01
9.9377e-01
9.9475e-01
9.9437e-01
9.9235e-01
9.9404e-01
9.9385e-01
9.9506e-01
9.9598e-01
9.9240e-01
9.9245e-01
9.9540e-01
9.8818e-01
9.9347e-01
9.8794e-01
9.9386e-01
9.9281e-01
9.9227e-01
9.9255e-01
9.9299e-01
9.9423e-01
9.9412e-01
9.9079e-01
9.9252e-01
9.8877e-01
9.9223e-01
9.8567e-01
9.9251e-01
9.9211e-01
9.8991e-01
9.9220e-01
9.9181e-01
9.9074e-01
9.9286e-01
9.9809e-01
9.9225e-01
9.9069e-01
9.9058e-01
9.8881e-01
9.9079e-01
9.9139e-01
9.9542e-01
9.9370e-01
9.9076e-01
9.9242e-01
9.9317e-01
9.9366e-01
9.9475e-01
9.9019e-01
9.9243e-01
9.9273e-01
9.9155e-01
9.9071e-01
9.9045e-01
9.9184e-01
9.9504e-01
9.9277e-01
9.8797e-01
9.9398e-01
9.9302e-01
9.9224e-01
9.9212e-01
9.9071e-01
9.9165e-01
9.9360e-01
9.9210e-01
9.9144e-01
9.9412e-01
9.9223e-01
9.9059e-01
9.9168e-01
9.9418e-01
9.9460e-01
9.9474e-01
9.9069e-01
9.9493e-01
9.9292e-01
9.8922e-01
9.9283e-01
9.9068e-01
9.9258e-01
9.9002e-01
9.9351e-01
9.8798e-01
9.9128e-01
9.9260e-01
9.9205e-01
9.9323e-01
9.9335e-01
9.8939e-01
9.9235e-01
9.9158e-01
9.9206e-01
9.9528e-01
9.9454e-01
9.8976e-01
9.8807e-01
9.9081e-01
9.9319e-01
9.9126e-01
9.9547e-01
9.9203e-01
9.8909e-01
9.9436e-01
9.8942e-01
9.9064e-01
9.9305e-01
9.9099e-01
9.9257e-01
9.9334e-01
9.9360e-01
9.8833e-01
9.9075e-01
9.9354e-01
9.8978e-01
9.9268e-01
9.8951e-01
9.9501e-01
9.8695e-01
9.8972e-01
9.9441e-01
9.9389e-01
9.9218e-01
9.9090e-01
9.9290e-01
9.9466e-01
9.9068e-01
9.9371e-01
9.9248e-01
9.9190e-01
9.9335e-01
9.9031e-01
9.9215e-01
9.9346e-01
9.9296e-01
9.9326e-01
9.9234e-01
9.9445e-01
9.9397e-01
9.9232e-01
9.9306e-01
9.9182e-01
9.9175e-01
9.9038e-01
9.9517e-01
9.9039e-01
9.9267e-01
9.9383e-01
9.9596e-01
9.9456e-01
9.9300e-01
9.9335e-01
