9.9526e-01
9.9499e-01
9.9536e-01
9.9555e-01
9.9499e-01
9.9551e-01
9.9533e-01
9.9532e-01
9.9513e-01
9.9556e-01
9.9472e-01
9.9535e-01
9.9556e-01
9.9584e-01
9.9533e-01
9.9571e-01
9.9489e-01
9.9494e-01
9.9519e-01
9.9510e-01
9.9562e-01
9.9559e-01
9.9520e-01
9.9558e-01
9.9497e-01
9.9544e-01
9.9538e-01
9.9540e-01
9.9495e-01
9.9544e-01
9.9549e-01
9.9519e-01
9.9490e-01
9.9550e-01
9.9517e-01
9.9563e-01
9.9558e-01
9.9547e-01
9.9509e-01
9.9543e-01
9.9553e-01
9.9486e-01
9.9557e-01
9.9460e-01
9.9483e-01
9.9513e-01
9.9551e-01
9.9576e-01
9.9539e-01
9.9557e-01
9.9540e-01
9.9468e-01
9.9599e-01
9.9528e-01
9.9506e-01
9.9590e-01
9.9527e-01
9.9503e-01
9.9553e-01
9.9507e-01
9.9519e-01
9.9562e-01
9.9561e-01
9.9527e-01
9.9520e-01
9.9473e-01
9.9554e-01
9.9473e-01
9.9490e-01
9.9494e-01
9.9605e-01
9.9471e-01
9.9557e-01
9.9529e-01
9.9578e-01
9.9512e-01
9.9475e-01
9.9527e-01
9.9568e-01
9.9528e-01
9.9544e-01
9.9583e-01
9.9557e-01
9.9534e-01
9.9462e-01
9.9529e-01
9.9548e-01
9.9518e-01
9.9487e-01
9.9549e-01
9.9627e-01
9.9546e-01
9.9574e-01
9.9503e-01
9.9526e-01
9.9536e-01
9.9558e-01
9.9557e-01
9.9556e-01
9.9546e-01
9.9549e-01
9.9539e-01
9.9551e-01
9.9567e-01
9.9567e-01
9.9477e-01
9.9574e-01
9.9575e-01
9.9558e-01
9.9542e-01
9.9535e-01
9.9507e-01
9.9534e-01
9.9487e-01
9.9508e-01
9.9545e-01
9.9524e-01
9.9524e-01
9.9520e-01
9.9533e-01
9.9566e-01
9.9482e-01
9.9517e-01
9.9520e-01
9.9520e-01
9.9509e-01
9.9501e-01
9.9529e-01
9.9590e-01
9.9482e-01
9.9472e-01
9.9468e-01
9.9508e-01
9.9462e-01
9.9512e-01
9.9540e-01
9.9538e-01
9.9555e-01
9.9498e-01
9.9585e-01
9.9545e-01
9.9469e-01
9.9492e-01
9.9542e-01
9.9544e-01
9.9552e-01
9.9560e-01
9.9557e-01
9.9537e-01
9.9596e-01
9.9529e-01
9.9500e-01
9.9588e-01
9.9478e-01
9.9510e-01
9.9567e-01
9.9513e-01
9.9445e-01
9.9451e-01
9.9504e-01
9.9512e-01
9.9543e-01
9.9564e-01
9.9679e-01
9.9526e-01
9.9489e-01
9.9537e-01
9.9545e-01
9.9553e-01
9.9510e-01
9.9527e-01
9.9499e-01
9.9517e-01
9.9503e-01
9.9460e-01
9.9456e-01
9.9449e-01
9.9582e-01
9.9542e-01
9.9493e-01
9.9573e-01
9.9538e-01
9.9634e-01
9.9515e-01
9.9491e-01
9.9548e-01
9.9540e-01
9.9545e-01
9.9549e-01
9.9509e-01
9.9516e-01
9.9466e-01
9.9525e-01
9.9562e-01
9.9436e-01
9.9521e-01
9.9463e-01
9.9576e-01
9.9531e-01
9.9498e-01
9.9556e-01
9.9459e-01
9.9557e-01
9.9508e-01
9.9467e-01
9.9588e-01
9.9512e-01
9.9534e-01
9.9563e-01
9.9498e-01
9.9580e-01
9.9506e-01
9.9506e-01
9.9571e-01
9.9477e-01
9.9508e-01
9.9521e-01
9.9501e-01
9.9500e-01
9.9479e-01
9.9541e-01
9.9503e-01
9.9526e-01
9.9496e-01
9.9558e-01
9.9567e-01
9.9532e-01
9.9573e-01
9.9532e-01
9.9498e-01
9.9557e-01
9.9540e-01
9.9498e-01
9.9594e-01
9.9529e-01
9.9549e-01
9.9526e-01
9.9614e-01
9.9510e-01
9.9493e-01
9.9500e-01
9.9515e-01
9.9555e-01
9.9515e-01
9.9513e-01
9.9584e-01
9.9560e-01
9.9541e-01
9.9495e-01
9.9556e-01
9.9527e-01
9.9460e-01
9.9496e-01
9.9540e-01
9.9533e-01
9.9528e-01
9.9493e-01
9.9549e-01
9.9489e-01
9.9557e-01
9.9488e-01
9.9516e-01
9.9464e-01
9.9541e-01
9.9506e-01
9.9541e-01
9.9458e-01
9.9535e-01
9.9541e-01
9.9504e-01
9.9539e-01
9.9505e-01
9.9512e-01
9.9554e-01
9.9514e-01
9.9519e-01
9.9539e-01
9.9506e-01
9.9552e-01
9.9564e-01
9.9592e-01
9.9558e-01
9.9511e-01
9.9511e-01
9.9558e-01
9.9491e-01
9.9524e-01
9.9489e-01
9.9479e-01
9.9476e-01
9.9511e-01
9.9495e-01
9.9562e-01
9.9436e-01
9.9523e-01
9.9479e-01
9.9491e-01
9.9569e-01
9.9503e-01
9.9529e-01
9.9560e-01
9.9501e-01
9.9548e-01
9.9498e-01
9.9571e-01
9.9522e-01
9.9581e-01
9.9499e-01
9.9523e-01
9.9546e-01
9.9517e-01
9.9591e-01
9.9585e-01
9.9564e-01
9.9478e-01
9.9592e-01
9.9496e-01
9.9467e-01
9.9544e-01
9.9529e-01
9.9561e-01
9.9494e-01
9.9568e-01
9.9475e-01
9.9561e-01
9.9562e-01
9.9525e-01
9.9553e-01
9.9557e-01
9.9543e-01
9.9519e-01
9.9524e-01
9.9508e-01
9.9528e-01
9.9553e-01
9.9516e-01
9.9498e-01
9.9538e-01
9.9523e-01
9.9543e-01
9.9549e-01
9.9505e-01
9.9539e-01
9.9475e-01
9.9547e-01
9.9526e-01
9.9573e-01
9.9498e-01
9.9485e-01
9.9525e-01
9.9548e-01
9.9534e-01
9.9513e-01
9.9523e-01
9.9553e-01
9.9550e-01
9.9563e-01
9.9594e-01
9.9544e-01
9.9569e-01
9.9528e-01
9.9626e-01
9.9538e-01
9.9542e-01
9.9533e-01
9.9512e-01
9.9502e-01
9.9520e-01
9.9536e-01
9.9547e-01
9.9518e-01
9.9538e-01
9.9504e-01
9.9572e-01
9.9529e-01
9.9528e-01
9.9498e-01
9.9522e-01
9.9576e-01
9.9537e-01
9.9442e-01
9.9565e-01
9.9585e-01
9.9516e-01
9.9539e-01
9.9546e-01
9.9549e-01
9.9494e-01
9.9530e-01
9.9501e-01
9.9509e-01
9.9484e-01
9.9456e-01
9.9585e-01
9.9506e-01
9.9553e-01
9.9507e-01
9.9599e-01
9.9533e-01
9.9429e-01
9.9531e-01
9.9575e-01
9.9522e-01
9.9534e-01
9.9535e-01
9.9552e-01
9.9567e-01
9.9526e-01
9.9492e-01
9.9529e-01
9.9512e-01
9.9518e-01
9.9572e-01
9.9506e-01
9.9511e-01
9.9527e-01
9.9571e-01
9.9489e-01
9.9533e-01
9.9480e-01
9.9508e-01
9.9481e-01
9.9475e-01
9.9507e-01
9.9528e-01
9.9481e-01
9.9561e-01
9.9512e-01
9.9548e-01
9.9598e-01
9.9512e-01
9.9548e-01
9.9524e-01
9.9496e-01
9.9519e-01
9.9496e-01
9.9482e-01
9.9538e-01
9.9601e-01
9.9572e-01
9.9530e-01
9.9569e-01
9.9537e-01
9.9529e-01
9.9469e-01
9.9478e-01
9.9489e-01
9.9568e-01
9.9531e-01
9.9537e-01
9.9502e-01
9.9500e-01
9.9506e-01
9.9539e-01
9.9536e-01
9.9477e-01
9.9497e-01
9.9537e-01
9.9593e-01
9.9470e-01
9.9537e-01
9.9599e-01
9.9523e-01
9.9561e-01
9.9489e-01
9.9593e-01
9.9485e-01
9.9489e-01
9.9543e-01
9.9613e-01
9.9528e-01
9.9507e-01
9.9463e-01
9.9551e-01
9.9531e-01
9.9547e-01
9.9539e-01
9.9471e-01
9.9524e-01
9.9509e-01
9.9527e-01
9.9564e-01
9.9477e-01
9.9553e-01
9.9544e-01
9.9495e-01
9.9563e-01
9.9560e-01
9.9572e-01
9.9540e-01
9.9521e-01
9.9528e-01
9.9561e-01
9.9505e-01
9.9509e-01
9.9490e-01
9.9489e-01
9.9540e-01
9.9533e-01
9.9555e-01
9.9505e-01
9.9525e-01
9.9548e-01
9.9493e-01
9.9490e-01
9.9516e-01
9.9516e-01
9.9517e-01
9.9570e-01
9.9531e-01
9.9529e-01
9.9530e-01
9.9533e-01
9.9589e-01
9.9528e-01
9.9525e-01
9.9519e-01
9.9559e-01
9.9498e-01
9.9546e-01
9.9519e-01
9.9509e-01
9.9577e-01
9.9526e-01
9.9565e-01
9.9533e-01
9.9498e-01
9.9525e-01
9.9521e-01
9.9532e-01
9.9539e-01
9.9571e-01
9.9498e-01
9.9553e-01
9.9508e-01
9.9568e-01
9.9473e-01
9.9539e-01
9.9535e-01
9.9565e-01
9.9499e-01
9.9537e-01
9.9531e-01
9.9594e-01
9.9513e-01
9.9583e-01
9.9575e-01
9.9544e-01
9.9460e-01
9.9492e-01
9.9563e-01
9.9536e-01
9.9522e-01
9.9522e-01
9.9515e-01
9.9519e-01
9.9554e-01
9.9505e-01
9.9531e-01
9.9580e-01
9.9521e-01
9.9544e-01
9.9479e-01
9.9507e-01
9.9469e-01
9.9470e-01
9.9504e-01
9.9542e-01
9.9535e-01
9.9572e-01
9.9560e-01
9.9519e-01
9.9542e-01
9.9452e-01
9.9561e-01
9.9486e-01
9.9517e-01
9.9522e-01
9.9476e-01
9.9512e-01
9.9520e-01
9.9578e-01
9.9566e-01
9.9520e-01
9.9511e-01
9.9511e-01
9.9499e-01
9.9514e-01
9.9574e-01
9.9518e-01
9.9522e-01
9.9504e-01
9.9505e-01
9.9554e-01
9.9534e-01
9.9521e-01
9.9521e-01
9.9545e-01
9.9531e-01
9.9581e-01
9.9572e-01
9.9527e-01
9.9576e-01
9.9560e-01
9.9543e-01
9.9511e-01
9.9504e-01
9.9588e-01
9.9518e-01
9.9526e-01
9.9521e-01
9.9546e-01
9.9526e-01
9.9556e-01
9.9511e-01
9.9555e-01
9.9511e-01
9.9537e-01
9.9544e-01
9.9492e-01
9.9528e-01
9.9535e-01
9.9547e-01
9.9560e-01
9.9517e-01
9.9540e-01
9.9553e-01
9.9545e-01
9.9532e-01
9.9553e-01
9.9542e-01
9.9534e-01
9.9539e-01
9.9543e-01
9.9572e-01
9.9502e-01
9.9553e-01
9.9540e-01
9.9581e-01
9.9507e-01
9.9542e-01
9.9503e-01
9.9538e-01
9.9560e-01
9.9471e-01
9.9568e-01
9.9520e-01
9.9493e-01
9.9553e-01
9.9465e-01
9.9503e-01
9.9498e-01
9.9458e-01
9.9533e-01
9.9498e-01
9.9520e-01
9.9570e-01
9.9507e-01
9.9547e-01
9.9538e-01
9.9581e-01
9.9577e-01
9.9489e-01
9.9522e-01
9.9513e-01
9.9517e-01
9.9557e-01
9.9540e-01
9.9586e-01
9.9494e-01
9.9507e-01
9.9530e-01
9.9592e-01
9.9564e-01
9.9524e-01
9.9560e-01
9.9583e-01
9.9507e-01
9.9512e-01
9.9516e-01
9.9520e-01
9.9513e-01
9.9528e-01
9.9472e-01
9.9549e-01
9.9572e-01
9.9496e-01
9.9503e-01
9.9495e-01
9.9527e-01
9.9519e-01
9.9582e-01
9.9572e-01
9.9513e-01
9.9582e-01
9.9502e-01
9.9562e-01
9.9525e-01
9.9533e-01
9.9553e-01
9.9548e-01
9.9494e-01
9.9536e-01
9.9554e-01
9.9514e-01
9.9533e-01
9.9530e-01
9.9568e-01
9.9552e-01
9.9578e-01
9.9526e-01
9.9547e-01
9.9523e-01
9.9566e-01
9.9578e-01
9.9547e-01
9.9504e-01
9.9547e-01
9.9532e-01
9.9465e-01
9.9528e-01
9.9520e-01
9.9566e-01
9.9556e-01
9.9509e-01
9.9538e-01
9.9565e-01
9.9532e-01
9.9544e-01
9.9590e-01
9.9467e-01
9.9577e-01
9.9563e-01
9.9534e-01
9.9518e-01
9.9560e-01
9.9486e-01
9.9486e-01
9.9543e-01
9.9531e-01
9.9565e-01
9.9484e-01
9.9516e-01
9.9565e-01
9.9526e-01
9.9562e-01
9.9542e-01
9.9499e-01
9.9522e-01
9.9506e-01
9.9517e-01
9.9476e-01
9.9549e-01
9.9500e-01
9.9534e-01
9.9568e-01
9.9519e-01
9.9493e-01
9.9515e-01
9.9542e-01
9.9478e-01
9.9505e-01
9.9531e-01
9.9564e-01
9.9510e-01
9.9510e-01
9.9477e-01
9.9533e-01
9.9494e-01
9.9564e-01
9.9555e-01
9.9550e-01
9.9539e-01
9.9531e-01
9.9603e-01
9.9493e-01
9.9489e-01
9.9544e-01
9.9574e-01
9.9490e-01
9.9472e-01
9.9566e-01
9.9547e-01
9.9489e-01
9.9491e-01
9.9550e-01
9.9509e-01
9.9532e-01
9.9508e-01
9.9570e-01
9.9559e-01
9.9535e-01
9.9524e-01
9.9553e-01
9.9525e-01
9.9566e-01
9.9570e-01
9.9510e-01
9.9581e-01
9.9544e-01
9.9532e-01
9.9498e-01
9.9557e-01
9.9529e-01
9.9484e-01
9.9494e-01
9.9450e-01
9.9468e-01
9.9550e-01
9.9508e-01
9.9568e-01
9.9505e-01
9.9483e-01
9.9519e-01
9.9526e-01
9.9579e-01
9.9481e-01
9.9513e-01
9.9572e-01
9.9485e-01
9.9551e-01
9.9540e-01
9.9535e-01
9.9561e-01
9.9559e-01
9.9435e-01
9.9512e-01
9.9514e-01
9.9551e-01
9.9505e-01
9.9557e-01
9.9554e-01
9.9564e-01
9.9534e-01
9.9642e-01
9.9471e-01
9.9545e-01
9.9530e-01
9.9469e-01
9.9535e-01
9.9552e-01
9.9497e-01
9.9546e-01
9.9559e-01
9.9498e-01
9.9541e-01
9.9496e-01
9.9521e-01
9.9550e-01
9.9499e-01
9.9505e-01
9.9512e-01
9.9540e-01
9.9540e-01
9.9593e-01
9.9477e-01
9.9497e-01
9.9518e-01
9.9566e-01
9.9530e-01
9.9546e-01
9.9553e-01
9.9598e-01
9.9520e-01
9.9542e-01
9.9455e-01
9.9560e-01
9.9532e-01
9.9467e-01
9.9528e-01
9.9518e-01
9.9502e-01
9.9546e-01
9.9525e-01
9.9586e-01
9.9588e-01
9.9571e-01
9.9494e-01
9.9543e-01
9.9493e-01
9.9551e-01
9.9479e-01
9.9533e-01
9.9531e-01
9.9554e-01
9.9527e-01
9.9511e-01
9.9461e-01
9.9573e-01
9.9516e-01
9.9512e-01
9.9536e-01
9.9520e-01
9.9523e-01
9.9519e-01
9.9563e-01
9.9525e-01
9.9563e-01
9.9557e-01
9.9501e-01
9.9557e-01
9.9501e-01
9.9575e-01
9.9541e-01
9.9529e-01
9.9513e-01
9.9582e-01
9.9477e-01
9.9530e-01
9.9596e-01
9.9619e-01
9.9444e-01
9.9432e-01
9.9535e-01
9.9530e-01
9.9519e-01
9.9553e-01
9.9558e-01
9.9477e-01
9.9491e-01
9.9546e-01
9.9524e-01
9.9532e-01
9.9515e-01
9.9461e-01
9.9544e-01
9.9509e-01
9.9527e-01
9.9489e-01
9.9577e-01
9.9506e-01
9.9553e-01
9.9526e-01
9.9584e-01
9.9492e-01
9.9524e-01
9.9538e-01
9.9480e-01
9.9537e-01
9.9578e-01
9.9506e-01
9.9489e-01
9.9487e-01
9.9538e-01
9.9528e-01
9.9525e-01
9.9482e-01
9.9473e-01
9.9484e-01
9.9566e-01
9.9549e-01
9.9530e-01
9.9530e-01
9.9526e-01
9.9556e-01
9.9476e-01
9.9586e-01
9.9550e-01
9.9482e-01
9.9488e-01
9.9501e-01
9.9584e-01
9.9551e-01
9.9583e-01
9.9529e-01
9.9500e-01
9.9545e-01
9.9523e-01
9.9526e-01
9.9489e-01
9.9541e-01
9.9554e-01
9.9511e-01
9.9561e-01
9.9457e-01
9.9531e-01
9.9552e-01
9.9515e-01
9.9532e-01
9.9511e-01
9.9480e-01
9.9508e-01
9.9496e-01
9.9493e-01
9.9511e-01
9.9591e-01
9.9517e-01
9.9526e-01
9.9567e-01
9.9575e-01
9.9551e-01
9.9557e-01
9.9569e-01
9.9478e-01
9.9588e-01
9.9549e-01
9.9531e-01
9.9474e-01
9.9515e-01
9.9548e-01
