8.6181e-01
8.5385e-01
8.4960e-01
8.5400e-01
8.5803e-01
8.6423e-01
8.6125e-01
8.7426e-01
8.4741e-01
8.4125e-01
8.6170e-01
8.5305e-01
8.4717e-01
8.4629e-01
8.5339e-01
8.4457e-01
8.5966e-01
8.4719e-01
8.6458e-01
8.5833e-01
8.3680e-01
8.8172e-01
8.5191e-01
8.5272e-01
8.5428e-01
8.5055e-01
8.6591e-01
8.4737e-01
8.7196e-01
8.5492e-01
8.6246e-01
8.5793e-01
8.5517e-01
8.3942e-01
8.4585e-01
8.6067e-01
8.5628e-01
8.6553e-01
8.6737e-01
8.5639e-01
8.5931e-01
8.5815e-01
8.5517e-01
8.6011e-01
8.5227e-01
8.5367e-01
8.6077e-01
8.4843e-01
8.3544e-01
8.5629e-01
8.5262e-01
8.7277e-01
8.5907e-01
8.6675e-01
8.5368e-01
8.4823e-01
8.5838e-01
8.5917e-01
8.5261e-01
8.6002e-01
8.6231e-01
8.4283e-01
8.5944e-01
8.5714e-01
8.6523e-01
8.5388e-01
8.5427e-01
8.4293e-01
8.6225e-01
8.6405e-01
8.4600e-01
8.5028e-01
8.5098e-01
8.5129e-01
8.6344e-01
8.6649e-01
8.5369e-01
8.4863e-01
8.5472e-01
8.5083e-01
8.5626e-01
8.6079e-01
8.3734e-01
8.5980e-01
8.7157e-01
8.6042e-01
8.6023e-01
8.6562e-01
8.6280e-01
8.6645e-01
8.4973e-01
8.6548e-01
8.6515e-01
8.4688e-01
8.3589e-01
8.5163e-01
8.6436e-01
8.5993e-01
8.7121e-01
8.7217e-01
8.6324e-01
8.5771e-01
8.4547e-01
8.5693e-01
8.3197e-01
8.3550e-01
8.5868e-01
8.6318e-01
8.4740e-01
8.6334e-01
8.5311e-01
8.5966e-01
8.3270e-01
8.4900e-01
8.5708e-01
8.7002e-01
8.7232e-01
8.6053e-01
8.5967e-01
8.6466e-01
8.4825e-01
8.5576e-01
8.6282e-01
8.4746e-01
8.5434e-01
8.5991e-01
8.5547e-01
8.6722e-01
8.4918e-01
8.5235e-01
8.4884e-01
8.6005e-01
8.6416e-01
8.6116e-01
8.6593e-01
8.4090e-01
8.5932e-01
8.6675e-01
8.5579e-01
8.6860e-01
8.5249e-01
8.5754e-01
8.6069e-01
8.5718e-01
8.5618e-01
8.5257e-01
8.6651e-01
8.6445e-01
8.5941e-01
8.3802e-01
7.8965e-01
8.6687e-01
8.4779e-01
8.5820e-01
8.5816e-01
8.5198e-01
8.5767e-01
8.5310e-01
8.7211e-01
8.5851e-01
8.6105e-01
8.4861e-01
8.5810e-01
8.4908e-01
8.4261e-01
8.5847e-01
8.6317e-01
8.5379e-01
8.5205e-01
8.5636e-01
8.5057e-01
8.4282e-01
8.6084e-01
8.5320e-01
8.5348e-01
8.6365e-01
8.6691e-01
8.5927e-01
8.3587e-01
8.6270e-01
8.5441e-01
8.6752e-01
8.5561e-01
8.5082e-01
8.5811e-01
8.6415e-01
8.5860e-01
8.6334e-01
8.7063e-01
8.5848e-01
8.5327e-01
8.7491e-01
8.4411e-01
8.5529e-01
8.6618e-01
8.4584e-01
8.6303e-01
8.5578e-01
8.4585e-01
8.6408e-01
8.6316e-01
8.5164e-01
8.4682e-01
8.5618e-01
8.6332e-01
8.4214e-01
8.5904e-01
8.3443e-01
8.4992e-01
8.3803e-01
8.6411e-01
8.6042e-01
8.5160e-01
8.6418e-01
8.5358e-01
8.4487e-01
8.6661e-01
8.4855e-01
8.4937e-01
8.5532e-01
8.4907e-01
8.5578e-01
8.6319e-01
8.5213e-01
8.5318e-01
8.6312e-01
8.4902e-01
8.5404e-01
8.5816e-01
8.5064e-01
8.6748e-01
8.5896e-01
8.4096e-01
8.6548e-01
8.6058e-01
8.5967e-01
8.1363e-01
8.5303e-01
8.4474e-01
8.6909e-01
8.4847e-01
8.5310e-01
8.4777e-01
8.4717e-01
8.6295e-01
8.5833e-01
8.5582e-01
8.6511e-01
8.4760e-01
8.4192e-01
8.5840e-01
8.6587e-01
8.4719e-01
8.5358e-01
8.4976e-01
8.6576e-01
8.5850e-01
8.4293e-01
8.5038e-01
8.6265e-01
8.5503e-01
8.7372e-01
8.6651e-01
8.4806e-01
8.5908e-01
8.6295e-01
8.5977e-01
8.6411e-01
8.4877e-01
8.6005e-01
8.3955e-01
8.5874e-01
8.6462e-01
8.4866e-01
8.5096e-01
8.6691e-01
8.6256e-01
8.5849e-01
8.6713e-01
8.1424e-01
8.5122e-01
8.6635e-01
8.5514e-01
8.6882e-01
8.5002e-01
8.7015e-01
8.5590e-01
8.5942e-01
8.6874e-01
8.5547e-01
8.4124e-01
8.6757e-01
8.4848e-01
8.4370e-01
8.6705e-01
8.6043e-01
8.5716e-01
8.5517e-01
8.5498e-01
8.6159e-01
8.5503e-01
8.5904e-01
8.5342e-01
8.5830e-01
8.6977e-01
8.5995e-01
8.4606e-01
8.4999e-01
8.6620e-01
8.5971e-01
8.4675e-01
8.3883e-01
8.5361e-01
8.4442e-01
8.4813e-01
8.4304e-01
8.4867e-01
8.4722e-01
8.5839e-01
8.6529e-01
8.5309e-01
8.5366e-01
8.6269e-01
8.4503e-01
8.6090e-01
8.4313e-01
8.4727e-01
8.6754e-01
8.7363e-01
8.5392e-01
8.5825e-01
8.5379e-01
8.5441e-01
8.7695e-01
8.4123e-01
8.6425e-01
8.5020e-01
8.6595e-01
8.6971e-01
8.6844e-01
8.6063e-01
8.6840e-01
8.3663e-01
8.5691e-01
8.6915e-01
8.4454e-01
8.5403e-01
8.6367e-01
8.6854e-01
8.6199e-01
8.5603e-01
8.6054e-01
8.4724e-01
8.5219e-01
8.5287e-01
8.4398e-01
8.4508e-01
8.6864e-01
8.5384e-01
8.4694e-01
8.5752e-01
8.4921e-01
8.5064e-01
8.4560e-01
8.6310e-01
8.6198e-01
8.5544e-01
8.6379e-01
8.6159e-01
8.5598e-01
8.5291e-01
8.4590e-01
8.5592e-01
8.4181e-01
8.6236e-01
8.4415e-01
8.5443e-01
8.4641e-01
8.5985e-01
8.4695e-01
8.4587e-01
8.5700e-01
8.6353e-01
8.5683e-01
8.5832e-01
8.6516e-01
8.3555e-01
8.6122e-01
8.4986e-01
8.6530e-01
8.5741e-01
8.5402e-01
8.6612e-01
8.5194e-01
8.6489e-01
8.4975e-01
8.6080e-01
8.5609e-01
8.3823e-01
8.6725e-01
8.5789e-01
8.5164e-01
8.4936e-01
8.6945e-01
8.5916e-01
8.6200e-01
8.5109e-01
8.5960e-01
8.6228e-01
8.7078e-01
8.6160e-01
8.4675e-01
8.4956e-01
8.4639e-01
8.5688e-01
8.5426e-01
8.3855e-01
8.6203e-01
8.4496e-01
8.4828e-01
8.4823e-01
8.6940e-01
8.6752e-01
8.6607e-01
8.4072e-01
8.6852e-01
8.4868e-01
8.7213e-01
8.6181e-01
8.5729e-01
8.7527e-01
8.5869e-01
8.5695e-01
8.5305e-01
8.5266e-01
8.6473e-01
8.4600e-01
8.5688e-01
8.4622e-01
8.5465e-01
8.5545e-01
8.6068e-01
8.5371e-01
8.6483e-01
8.4942e-01
8.5977e-01
8.5484e-01
8.5834e-01
8.5734e-01
8.4731e-01
8.4765e-01
8.5971e-01
8.6618e-01
8.5974e-01
8.6524e-01
8.5350e-01
8.6003e-01
8.4929e-01
8.5158e-01
8.5396e-01
8.5937e-01
8.5895e-01
8.4362e-01
8.6988e-01
8.6053e-01
8.4820e-01
8.4365e-01
8.5951e-01
8.5899e-01
8.5370e-01
8.3072e-01
8.5033e-01
8.4682e-01
8.5359e-01
8.6539e-01
8.5480e-01
8.7262e-01
8.6730e-01
8.5320e-01
8.4911e-01
8.5164e-01
8.5751e-01
8.4177e-01
8.5916e-01
8.5348e-01
8.6482e-01
8.5643e-01
8.5929e-01
8.5676e-01
8.3778e-01
8.4819e-01
8.6427e-01
8.7240e-01
8.4155e-01
8.5796e-01
8.5076e-01
8.4968e-01
8.6834e-01
8.5868e-01
8.3521e-01
8.6143e-01
8.6144e-01
8.4904e-01
8.7048e-01
8.5100e-01
8.4391e-01
8.5054e-01
8.4512e-01
8.5778e-01
8.5326e-01
8.6495e-01
8.5784e-01
8.6203e-01
8.5740e-01
8.5279e-01
8.5560e-01
8.6290e-01
8.5361e-01
8.5476e-01
8.5722e-01
8.5940e-01
8.6408e-01
8.5558e-01
8.4819e-01
8.6041e-01
8.6884e-01
8.5848e-01
8.8306e-01
8.4179e-01
8.6416e-01
8.6080e-01
8.4333e-01
8.5029e-01
8.5529e-01
8.4820e-01
8.6671e-01
8.5909e-01
8.6199e-01
8.6871e-01
8.5882e-01
8.6489e-01
8.5856e-01
8.7343e-01
8.5110e-01
8.5663e-01
8.5702e-01
8.5282e-01
8.6202e-01
8.5264e-01
8.5056e-01
8.4376e-01
8.4243e-01
8.5844e-01
8.5389e-01
8.5276e-01
8.6140e-01
8.2904e-01
8.5664e-01
8.7401e-01
8.5885e-01
8.4826e-01
8.5958e-01
8.7455e-01
8.4484e-01
8.6632e-01
9.0000e-01
8.6234e-01
8.5650e-01
8.5254e-01
8.5319e-01
8.6299e-01
8.4220e-01
8.5817e-01
8.5673e-01
8.5298e-01
8.6195e-01
8.5671e-01
8.4851e-01
8.4470e-01
8.4074e-01
8.5568e-01
8.5205e-01
8.4737e-01
8.5507e-01
8.4208e-01
8.4084e-01
8.4925e-01
8.6867e-01
8.6395e-01
8.3667e-01
8.5000e-01
8.5906e-01
8.4298e-01
8.7022e-01
8.3953e-01
8.4532e-01
8.7504e-01
8.5529e-01
8.6380e-01
8.5093e-01
8.7018e-01
8.6826e-01
8.5821e-01
8.6332e-01
8.7973e-01
8.6229e-01
8.5108e-01
8.6440e-01
8.5017e-01
8.5468e-01
8.6310e-01
8.5046e-01
8.5109e-01
8.5656e-01
8.5812e-01
8.5117e-01
8.6314e-01
8.2924e-01
8.6652e-01
8.4160e-01
8.5322e-01
8.4720e-01
8.6021e-01
8.5519e-01
8.6120e-01
8.6456e-01
8.5768e-01
8.6102e-01
8.4976e-01
8.5061e-01
8.4742e-01
8.6617e-01
8.5112e-01
8.5181e-01
8.4919e-01
8.4834e-01
8.4368e-01
9.3861e-01
8.5709e-01
8.5443e-01
8.4803e-01
8.6752e-01
8.6910e-01
8.5953e-01
8.6328e-01
8.4653e-01
8.5622e-01
8.6227e-01
8.5025e-01
8.6399e-01
8.5361e-01
8.6589e-01
8.5251e-01
8.4234e-01
8.4109e-01
8.4339e-01
8.6639e-01
8.6306e-01
8.5998e-01
8.5906e-01
8.5659e-01
8.5460e-01
8.5942e-01
8.5067e-01
8.5328e-01
8.5694e-01
8.7216e-01
8.5257e-01
8.6505e-01
8.5117e-01
8.5636e-01
8.4555e-01
8.6628e-01
8.5397e-01
8.5874e-01
8.5349e-01
8.6811e-01
8.6531e-01
8.6175e-01
8.6614e-01
8.4567e-01
8.4185e-01
8.5930e-01
8.5411e-01
8.6572e-01
8.6406e-01
8.5474e-01
8.6211e-01
8.6571e-01
8.5373e-01
8.5980e-01
8.5665e-01
8.8281e-01
8.6216e-01
8.6635e-01
8.4161e-01
8.5244e-01
8.4986e-01
8.6093e-01
8.6950e-01
8.6115e-01
8.6438e-01
8.5479e-01
8.3065e-01
8.6197e-01
8.5598e-01
8.6395e-01
8.5652e-01
8.5924e-01
8.6488e-01
8.3577e-01
8.4909e-01
8.3815e-01
8.4655e-01
8.3943e-01
8.5548e-01
8.6598e-01
8.5590e-01
8.4687e-01
8.5531e-01
8.5117e-01
8.4684e-01
8.5018e-01
8.6747e-01
8.6010e-01
8.6211e-01
8.6266e-01
8.5548e-01
8.6168e-01
8.5629e-01
8.5490e-01
8.4902e-01
8.6958e-01
8.5208e-01
8.4754e-01
8.5203e-01
8.5135e-01
8.7059e-01
8.4722e-01
8.4096e-01
8.6170e-01
8.5051e-01
8.5602e-01
8.6771e-01
8.5876e-01
8.3663e-01
8.4360e-01
8.5739e-01
8.7765e-01
8.4593e-01
8.6305e-01
8.5341e-01
8.5777e-01
8.4351e-01
8.5140e-01
8.5992e-01
8.6099e-01
8.5702e-01
8.7223e-01
8.4413e-01
8.4197e-01
8.7282e-01
8.5573e-01
8.4844e-01
8.4195e-01
8.7219e-01
8.7339e-01
8.6428e-01
8.4839e-01
8.5147e-01
8.5880e-01
8.5671e-01
8.4974e-01
8.6500e-01
8.5864e-01
8.6057e-01
8.4529e-01
8.4151e-01
8.5355e-01
8.5242e-01
8.4004e-01
8.4457e-01
8.6227e-01
8.6800e-01
8.7267e-01
8.6610e-01
8.5246e-01
8.5804e-01
8.5358e-01
8.5746e-01
8.5329e-01
8.5367e-01
8.5726e-01
8.6197e-01
8.5485e-01
8.5160e-01
8.3884e-01
8.3418e-01
8.4605e-01
8.5996e-01
8.6848e-01
8.3571e-01
8.5273e-01
8.4083e-01
8.4907e-01
8.3027e-01
8.4218e-01
8.5469e-01
8.4909e-01
8.5694e-01
8.6941e-01
8.7390e-01
8.4579e-01
8.6105e-01
8.5949e-01
8.5452e-01
8.6814e-01
8.7139e-01
8.6571e-01
8.4349e-01
8.7605e-01
8.5367e-01
8.5158e-01
8.5684e-01
8.5562e-01
8.4821e-01
8.4892e-01
8.5046e-01
8.6356e-01
8.6943e-01
8.3895e-01
8.6391e-01
8.5917e-01
8.5268e-01
8.5202e-01
8.6481e-01
8.5783e-01
8.6319e-01
8.6145e-01
8.6530e-01
8.6279e-01
8.6902e-01
8.7159e-01
8.6202e-01
8.3447e-01
8.5579e-01
7.4766e-01
8.5451e-01
8.5465e-01
8.6055e-01
8.6260e-01
8.4298e-01
8.7194e-01
8.6691e-01
8.5162e-01
8.5957e-01
8.4092e-01
8.6664e-01
8.6542e-01
8.5757e-01
8.7626e-01
8.5414e-01
8.6180e-01
8.5192e-01
8.2902e-01
8.6384e-01
8.6454e-01
8.6514e-01
8.5875e-01
8.4090e-01
8.6117e-01
8.5425e-01
8.5718e-01
8.3236e-01
8.5222e-01
8.5073e-01
8.4105e-01
8.5211e-01
8.5793e-01
8.5290e-01
8.5014e-01
8.5497e-01
8.5148e-01
8.5753e-01
8.4226e-01
8.6570e-01
8.5458e-01
8.6577e-01
8.6228e-01
8.6131e-01
8.4885e-01
8.4760e-01
8.4306e-01
8.5710e-01
8.6067e-01
8.5587e-01
8.5692e-01
8.5278e-01
8.6161e-01
8.6588e-01
8.5316e-01
8.5293e-01
8.5110e-01
8.4952e-01
8.6454e-01
8.5648e-01
8.5474e-01
8.6088e-01
8.5885e-01
8.4400e-01
8.4177e-01
8.6903e-01
8.4062e-01
8.6280e-01
8.6911e-01
8.3692e-01
8.6977e-01
8.6002e-01
8.5294e-01
8.8281e-01
8.5673e-01
8.7422e-01
8.5902e-01
8.4030e-01
8.5538e-01
8.4482e-01
8.4538e-01
8.4488e-01
8.5156e-01
8.5539e-01
8.7207e-01
8.4968e-01
8.5161e-01
8.5907e-01
8.5115e-01
8.6189e-01
8.5667e-01
8.6579e-01
8.5149e-01
8.5700e-01
8.5761e-01
8.3758e-01
8.5701e-01
8.6288e-01
8.5675e-01
8.5960e-01
8.5913e-01
8.4926e-01
8.3769e-01
8.6232e-01
8.5276e-01
8.6864e-01
8.3698e-01
8.4841e-01
8.4522e-01
8.5634e-01
8.6319e-01
8.6724e-01
8.6402e-01
8.5691e-01
8.6180e-01
8.5261e-01
8.5047e-01
8.8167e-01
8.5524e-01
8.6023e-01
8.6307e-01
8.5538e-01
8.6444e-01
8.4900e-01
8.5588e-01
8.6125e-01
8.5203e-01
8.6878e-01
8.4872e-01
8.4919e-01
8.6047e-01
8.6661e-01
8.6661e-01
8.6698e-01
8.5143e-01
8.4774e-01
8.5653e-01
8.6308e-01
8.5901e-01
8.4462e-01
8.5960e-01
8.5988e-01
8.4270e-01
8.6902e-01
8.5455e-01
8.6238e-01
8.5418e-01
8.4598e-01
8.6447e-01
8.4140e-01
8.6928e-01
8.6030e-01
8.4535e-01
8.3980e-01
