6.8332e-01
6.7920e-01
6.8167e-01
6.8587e-01
6.8404e-01
6.7225e-01
6.8946e-01
6.8303e-01
6.7977e-01
6.7736e-01
6.7848e-01
6.8951e-01
6.8537e-01
6.7789e-01
6.9000e-01
6.8398e-01
6.9513e-01
6.7981e-01
6.8619e-01
6.7880e-01
6.8459e-01
6.9004e-01
6.8136e-01
6.8446e-01
6.8267e-01
6.8710e-01
6.8737e-01
6.8537e-01
6.7409e-01
6.7345e-01
6.8019e-01
6.8194e-01
6.8861e-01
6.8778e-01
6.8337e-01
6.8572e-01
6.8736e-01
6.9007e-01
6.7334e-01
6.8908e-01
6.8720e-01
6.8590e-01
6.8427e-01
6.8573e-01
6.9089e-01
6.9208e-01
6.8306e-01
6.8053e-01
6.8358e-01
6.7623e-01
6.7856e-01
6.8349e-01
6.8909e-01
6.8261e-01
6.8084e-01
6.8942e-01
6.7650e-01
6.8558e-01
6.8162e-01
6.8708e-01
6.9132e-01
6.8817e-01
6.8371e-01
6.8413e-01
6.8844e-01
6.8545e-01
6.8083e-01
6.8630e-01
6.7688e-01
6.7526e-01
6.8363e-01
6.8138e-01
6.8585e-01
6.8424e-01
6.8486e-01
6.8469e-01
6.7714e-01
6.8368e-01
6.8655e-01
6.8599e-01
6.8822e-01
6.8905e-01
6.8805e-01
6.8556e-01
6.7789e-01
6.8504e-01
6.7905e-01
6.8103e-01
6.8697e-01
6.8213e-01
6.9057e-01
6.8488e-01
6.7761e-01
6.8561e-01
6.8413e-01
6.8648e-01
6.8635e-01
6.8793e-01
6.9228e-01
6.9533e-01
6.9526e-01
6.8612e-01
6.8054e-01
6.8858e-01
6.8468e-01
6.9011e-01
6.8849e-01
6.8837e-01
6.8583e-01
6.8083e-01
6.8769e-01
6.8367e-01
6.8243e-01
6.8106e-01
6.8260e-01
6.8851e-01
6.8627e-01
6.7408e-01
6.9054e-01
6.8102e-01
6.7592e-01
6.8707e-01
6.8288e-01
6.7994e-01
6.8197e-01
6.8937e-01
6.7874e-01
6.8642e-01
6.7996e-01
6.8826e-01
6.8484e-01
6.8504e-01
6.8106e-01
6.8340e-01
6.7800e-01
6.8800e-01
6.8749e-01
6.9278e-01
6.9029e-01
6.9335e-01
6.8628e-01
6.8349e-01
6.8418e-01
6.8542e-01
6.7042e-01
6.8219e-01
6.8764e-01
6.8136e-01
6.8330e-01
6.8947e-01
6.8451e-01
6.8322e-01
6.8529e-01
6.8269e-01
6.8334e-01
6.8579e-01
6.8678e-01
6.8118e-01
6.8332e-01
6.8500e-01
6.8149e-01
6.8084e-01
6.8338e-01
6.8428e-01
6.8759e-01
6.8157e-01
6.8317e-01
6.9055e-01
6.7834e-01
6.8987e-01
6.8340e-01
6.8528e-01
6.8748e-01
6.8820e-01
6.8598e-01
6.9139e-01
6.8647e-01
6.8432e-01
6.8771e-01
6.8450e-01
6.8445e-01
6.8977e-01
6.8989e-01
6.8093e-01
6.8553e-01
6.8655e-01
6.8156e-01
6.8492e-01
6.8421e-01
6.8126e-01
6.8574e-01
6.8208e-01
6.8054e-01
6.8233e-01
6.8210e-01
6.8035e-01
6.8203e-01
6.8541e-01
6.8506e-01
6.8782e-01
6.8410e-01
6.9297e-01
6.8537e-01
6.7870e-01
6.8403e-01
6.7977e-01
6.7734e-01
6.8317e-01
6.8418e-01
6.8616e-01
6.8242e-01
6.9305e-01
6.8718e-01
6.7776e-01
6.8560e-01
6.8743e-01
6.8757e-01
6.7864e-01
6.8704e-01
6.8331e-01
6.8934e-01
6.8488e-01
6.7701e-01
6.7844e-01
6.8428e-01
6.8342e-01
6.8297e-01
6.7816e-01
6.8044e-01
6.8940e-01
6.8061e-01
6.7945e-01
6.8557e-01
6.8238e-01
6.8032e-01
6.7900e-01
6.8760e-01
6.8454e-01
6.8233e-01
6.8816e-01
6.8429e-01
6.8889e-01
6.8411e-01
6.9314e-01
6.7459e-01
6.8180e-01
6.8029e-01
6.8340e-01
6.8179e-01
6.7891e-01
6.8193e-01
6.7210e-01
6.9196e-01
6.8916e-01
6.8518e-01
6.8467e-01
6.8331e-01
6.8186e-01
6.8289e-01
6.8151e-01
6.8036e-01
6.7993e-01
6.8513e-01
6.7306e-01
6.8533e-01
6.8495e-01
6.8549e-01
6.8214e-01
6.8530e-01
6.9195e-01
6.8644e-01
6.8436e-01
6.7427e-01
6.7538e-01
6.8071e-01
6.8743e-01
6.8426e-01
6.7905e-01
6.8277e-01
6.8393e-01
6.8617e-01
6.8757e-01
6.8993e-01
6.8433e-01
6.8363e-01
6.7701e-01
6.8666e-01
6.8610e-01
6.9464e-01
6.8275e-01
6.8448e-01
6.8665e-01
6.8275e-01
6.8167e-01
6.8789e-01
6.7624e-01
6.8559e-01
6.8429e-01
6.8639e-01
6.8418e-01
6.8525e-01
6.8235e-01
6.8291e-01
6.8830e-01
6.8258e-01
6.8647e-01
6.8520e-01
6.9153e-01
6.8202e-01
6.8616e-01
6.8324e-01
6.8703e-01
6.8632e-01
6.9142e-01
6.9133e-01
6.7829e-01
6.8632e-01
6.8633e-01
6.8256e-01
6.7788e-01
6.8755e-01
6.7332e-01
6.8506e-01
6.7959e-01
6.7516e-01
6.8696e-01
6.8476e-01
6.8735e-01
6.8718e-01
6.7873e-01
6.8724e-01
6.8046e-01
6.8635e-01
6.9122e-01
6.7672e-01
6.8401e-01
6.8333e-01
6.8583e-01
6.7384e-01
6.8487e-01
6.8039e-01
6.7644e-01
6.8117e-01
6.7933e-01
6.7588e-01
6.8643e-01
6.8098e-01
6.8175e-01
6.8405e-01
6.8384e-01
6.8233e-01
6.8292e-01
6.6769e-01
6.8453e-01
6.8448e-01
6.8155e-01
6.7843e-01
6.8555e-01
6.8587e-01
6.9230e-01
6.8281e-01
6.9096e-01
6.8760e-01
6.8676e-01
6.8616e-01
6.8831e-01
6.8500e-01
6.8057e-01
6.8208e-01
6.8372e-01
6.8603e-01
6.9051e-01
6.8059e-01
6.8905e-01
6.9128e-01
6.8075e-01
6.7719e-01
6.7968e-01
6.8036e-01
6.7928e-01
6.8491e-01
6.8046e-01
6.8308e-01
6.8668e-01
6.8422e-01
6.7375e-01
6.7545e-01
6.7695e-01
6.3321e-01
6.8691e-01
6.7646e-01
6.8791e-01
6.8898e-01
6.8829e-01
6.8702e-01
6.8049e-01
6.8810e-01
6.8615e-01
6.8718e-01
6.8547e-01
6.7709e-01
6.8952e-01
6.7810e-01
6.8186e-01
6.7187e-01
6.8858e-01
6.8242e-01
6.7500e-01
6.8571e-01
6.7710e-01
6.8633e-01
6.8258e-01
6.9240e-01
6.7602e-01
6.8932e-01
6.8031e-01
6.8376e-01
6.8511e-01
6.7992e-01
6.7929e-01
6.8629e-01
6.8382e-01
6.8427e-01
6.8746e-01
6.8042e-01
6.8987e-01
6.8264e-01
6.8308e-01
6.8099e-01
6.9098e-01
6.6446e-01
6.8684e-01
6.8734e-01
6.8637e-01
6.8104e-01
6.8814e-01
6.8264e-01
6.7921e-01
6.7812e-01
6.8815e-01
6.8062e-01
6.8398e-01
6.8669e-01
6.8524e-01
6.8647e-01
6.8118e-01
6.8329e-01
6.8861e-01
6.8311e-01
6.8674e-01
6.8745e-01
6.7958e-01
6.7562e-01
6.8615e-01
6.8077e-01
6.7713e-01
6.8311e-01
6.8578e-01
6.8771e-01
6.7859e-01
6.8140e-01
6.8141e-01
6.8651e-01
6.8357e-01
6.6424e-01
6.7583e-01
6.8260e-01
6.8001e-01
6.7422e-01
6.8299e-01
6.8591e-01
6.7944e-01
6.8566e-01
6.8724e-01
6.8405e-01
6.8478e-01
6.8562e-01
6.8457e-01
6.3484e-01
6.8386e-01
6.8489e-01
6.8758e-01
6.8453e-01
6.8910e-01
6.9089e-01
6.8767e-01
6.8347e-01
6.8133e-01
6.8334e-01
6.7704e-01
6.7526e-01
6.9310e-01
6.8449e-01
6.8959e-01
6.7508e-01
6.9080e-01
6.9028e-01
6.7719e-01
6.8070e-01
6.9096e-01
6.7947e-01
6.8050e-01
6.8518e-01
6.8471e-01
6.8425e-01
6.8390e-01
6.8508e-01
6.8299e-01
6.7825e-01
6.8355e-01
6.7773e-01
6.8589e-01
6.8273e-01
6.8388e-01
6.8141e-01
6.8650e-01
6.8040e-01
6.8703e-01
6.8791e-01
6.8041e-01
6.8843e-01
6.7789e-01
6.8783e-01
6.8129e-01
6.8243e-01
6.7424e-01
6.8483e-01
6.7954e-01
6.8749e-01
6.8844e-01
6.6982e-01
6.8855e-01
6.8504e-01
6.8242e-01
6.8569e-01
6.8367e-01
6.7727e-01
6.8407e-01
6.8921e-01
6.8428e-01
6.8265e-01
6.8368e-01
6.7904e-01
6.8633e-01
6.7456e-01
6.8526e-01
6.7824e-01
6.9157e-01
6.8331e-01
6.8302e-01
6.8454e-01
6.8437e-01
6.8830e-01
6.8423e-01
6.8524e-01
6.8264e-01
6.8378e-01
6.8533e-01
6.7866e-01
6.8823e-01
6.8113e-01
6.8212e-01
6.8443e-01
6.8496e-01
6.8747e-01
6.8695e-01
6.8179e-01
6.9170e-01
6.7762e-01
6.9272e-01
6.8577e-01
6.8175e-01
6.8880e-01
6.8768e-01
6.8894e-01
6.7979e-01
6.8882e-01
6.7824e-01
6.6506e-01
6.8463e-01
6.8713e-01
6.7835e-01
6.8563e-01
6.8656e-01
6.8171e-01
6.7873e-01
6.7842e-01
6.8315e-01
6.7676e-01
6.8794e-01
6.9034e-01
6.8785e-01
6.8401e-01
6.9202e-01
6.8852e-01
6.8272e-01
6.8324e-01
6.8310e-01
6.9318e-01
6.8714e-01
6.8103e-01
6.8434e-01
6.8006e-01
6.8891e-01
6.7426e-01
6.8500e-01
6.9207e-01
6.8967e-01
6.8999e-01
6.8778e-01
6.8311e-01
6.8141e-01
6.8669e-01
6.8662e-01
6.8868e-01
6.8514e-01
6.7506e-01
6.8319e-01
6.8464e-01
6.8068e-01
6.8454e-01
6.7921e-01
6.8323e-01
6.7973e-01
6.8801e-01
6.8654e-01
6.8367e-01
6.8266e-01
6.8556e-01
6.8250e-01
6.8418e-01
6.8154e-01
6.7303e-01
6.8312e-01
6.8405e-01
6.7795e-01
6.8558e-01
6.8885e-01
6.9016e-01
6.6699e-01
6.7574e-01
6.8278e-01
6.8280e-01
6.8293e-01
6.8197e-01
6.8604e-01
6.8454e-01
6.8519e-01
6.9201e-01
6.8525e-01
6.8241e-01
6.8104e-01
6.8127e-01
6.7766e-01
6.7908e-01
6.8516e-01
6.8660e-01
6.7848e-01
6.8213e-01
6.8680e-01
6.8591e-01
6.8682e-01
6.7751e-01
6.8766e-01
6.8373e-01
6.7456e-01
6.7704e-01
6.8179e-01
6.8466e-01
6.8241e-01
6.8579e-01
6.8614e-01
6.8641e-01
6.7835e-01
6.8999e-01
6.8102e-01
6.8421e-01
6.8079e-01
6.8298e-01
6.8929e-01
6.7778e-01
6.8612e-01
6.8187e-01
6.8881e-01
6.9056e-01
6.9092e-01
6.8388e-01
6.8749e-01
6.8502e-01
6.7831e-01
6.8271e-01
6.8891e-01
6.8287e-01
6.7965e-01
6.8936e-01
6.7658e-01
6.7920e-01
6.8401e-01
6.8277e-01
6.8553e-01
6.9027e-01
6.8126e-01
6.8646e-01
6.8811e-01
6.8177e-01
6.8241e-01
6.7724e-01
6.8222e-01
6.8620e-01
6.8188e-01
6.9106e-01
6.8085e-01
6.8164e-01
6.8718e-01
6.3839e-01
6.8310e-01
6.8676e-01
6.9132e-01
6.8805e-01
6.8100e-01
6.7992e-01
6.8492e-01
6.5879e-01
6.8352e-01
6.7892e-01
6.8628e-01
6.8125e-01
6.8791e-01
6.8898e-01
6.7924e-01
6.8669e-01
6.7954e-01
6.8686e-01
6.8321e-01
6.8437e-01
6.8885e-01
6.7274e-01
6.8112e-01
6.8406e-01
6.7948e-01
6.8951e-01
6.8084e-01
6.8248e-01
6.8741e-01
6.9098e-01
6.8643e-01
6.8970e-01
6.8971e-01
6.8803e-01
6.7509e-01
6.8857e-01
6.8080e-01
6.9032e-01
6.8831e-01
6.8305e-01
6.8257e-01
6.7972e-01
6.8122e-01
6.8448e-01
6.8172e-01
6.7348e-01
6.8924e-01
6.8533e-01
6.8785e-01
6.8440e-01
6.8847e-01
6.7595e-01
6.8483e-01
6.8515e-01
6.7622e-01
6.7687e-01
6.8098e-01
6.8180e-01
6.9116e-01
6.6662e-01
6.7662e-01
6.8181e-01
6.8689e-01
6.7810e-01
6.8160e-01
6.8442e-01
6.8514e-01
6.8326e-01
6.8579e-01
6.8693e-01
6.8606e-01
6.8062e-01
6.8230e-01
6.8675e-01
6.8188e-01
6.8017e-01
6.8961e-01
6.7135e-01
6.8301e-01
6.8046e-01
6.8385e-01
6.8565e-01
6.8313e-01
6.8277e-01
6.7635e-01
6.7134e-01
6.8735e-01
6.8494e-01
6.8574e-01
6.8458e-01
6.7900e-01
6.8875e-01
6.8921e-01
6.8202e-01
6.8225e-01
6.8529e-01
6.7678e-01
6.8347e-01
6.8271e-01
6.8867e-01
6.8551e-01
6.8694e-01
6.8653e-01
6.8374e-01
6.8366e-01
6.8383e-01
6.8014e-01
6.8492e-01
6.8108e-01
6.8480e-01
6.8364e-01
6.8870e-01
6.8848e-01
6.8300e-01
6.8530e-01
6.8145e-01
6.9464e-01
6.8752e-01
6.8383e-01
6.7960e-01
6.8809e-01
6.8076e-01
6.8335e-01
6.8818e-01
6.8133e-01
6.7479e-01
6.8090e-01
6.8948e-01
6.8096e-01
6.8515e-01
6.8402e-01
6.8580e-01
6.8539e-01
6.8696e-01
6.8762e-01
6.7485e-01
6.8885e-01
6.8707e-01
6.7266e-01
6.8442e-01
6.7356e-01
6.8791e-01
6.8633e-01
6.8582e-01
6.7453e-01
6.8961e-01
6.8438e-01
6.8314e-01
6.7451e-01
6.7763e-01
6.9202e-01
6.9012e-01
6.8361e-01
6.9421e-01
6.8611e-01
6.8293e-01
6.8333e-01
6.7678e-01
6.7932e-01
6.8378e-01
6.8398e-01
6.8548e-01
6.7910e-01
6.8822e-01
6.8233e-01
6.8803e-01
6.8659e-01
6.7988e-01
6.8332e-01
6.8300e-01
6.8485e-01
6.7546e-01
6.7600e-01
6.7578e-01
6.8896e-01
6.8420e-01
6.8837e-01
6.9237e-01
6.7821e-01
6.7884e-01
6.7651e-01
6.8047e-01
6.8062e-01
6.8473e-01
6.8867e-01
6.8970e-01
6.8414e-01
6.7559e-01
6.7736e-01
6.7647e-01
6.8865e-01
6.8380e-01
6.8867e-01
6.9081e-01
6.7842e-01
6.8477e-01
6.8362e-01
6.8157e-01
6.8634e-01
6.8173e-01
6.7981e-01
6.9081e-01
6.8872e-01
6.8104e-01
6.8255e-01
6.8351e-01
6.8791e-01
6.8369e-01
6.8212e-01
6.8277e-01
6.8493e-01
6.9130e-01
6.7610e-01
6.8124e-01
6.8379e-01
6.8200e-01
6.8470e-01
6.7286e-01
6.8398e-01
6.9028e-01
6.8164e-01
6.8967e-01
6.8699e-01
6.9001e-01
6.8636e-01
6.8801e-01
6.8207e-01
6.8369e-01
6.8945e-01
6.8230e-01
6.7983e-01
6.8470e-01
6.8052e-01
6.8814e-01
6.8781e-01
6.8612e-01
6.9037e-01
6.8177e-01
6.8287e-01
6.8395e-01
6.8584e-01
6.8713e-01
6.8262e-01
6.8082e-01
6.8117e-01
6.8489e-01
6.8721e-01
6.8582e-01
6.8645e-01
6.8096e-01
6.8726e-01
6.8493e-01
6.8401e-01
6.8938e-01
6.8742e-01
6.9007e-01
6.8989e-01
6.8565e-01
6.8706e-01
6.8385e-01
6.7949e-01
6.8510e-01
6.7676e-01
6.7783e-01
6.8792e-01
6.8688e-01
6.8176e-01
6.7925e-01
6.7680e-01
6.9562e-01
6.8575e-01
6.8538e-01
6.8338e-01
6.7926e-01
6.7817e-01
6.8711e-01
6.8897e-01
6.8285e-01
6.8592e-01
6.8292e-01
6.7899e-01
6.8376e-01
6.8408e-01
6.8539e-01
6.9053e-01
