8.1806e-01
8.2068e-01
8.1997e-01
8.1830e-01
8.1675e-01
8.1875e-01
8.1785e-01
8.1789e-01
8.2260e-01
8.2110e-01
8.2156e-01
8.1917e-01
8.2392e-01
8.2041e-01
8.1727e-01
8.2120e-01
8.1957e-01
8.1997e-01
8.1903e-01
8.1948e-01
8.2027e-01
8.1865e-01
8.1959e-01
8.2149e-01
8.2179e-01
8.1464e-01
8.1863e-01
8.2154e-01
8.1690e-01
8.1929e-01
8.1739e-01
8.2001e-01
8.1694e-01
8.1829e-01
8.2275e-01
8.1854e-01
8.1785e-01
8.2022e-01
8.2116e-01
8.2108e-01
8.2056e-01
8.1887e-01
8.2040e-01
8.1954e-01
8.2004e-01
8.1736e-01
8.1995e-01
8.1992e-01
8.1695e-01
8.2178e-01
8.1818e-01
8.1793e-01
8.2122e-01
8.1820e-01
8.2124e-01
8.1866e-01
8.1844e-01
8.2025e-01
8.2078e-01
8.1939e-01
8.1841e-01
8.1987e-01
8.2142e-01
8.1900e-01
8.1894e-01
8.1940e-01
8.1763e-01
8.1853e-01
8.2247e-01
8.1554e-01
8.1873e-01
8.1889e-01
8.1953e-01
8.1997e-01
8.1891e-01
8.2021e-01
8.2258e-01
8.1501e-01
8.1874e-01
8.2121e-01
8.1940e-01
8.1859e-01
8.1836e-01
8.2100e-01
8.1726e-01
8.2088e-01
8.2173e-01
8.1830e-01
8.1594e-01
8.2017e-01
8.1836e-01
8.2235e-01
8.1880e-01
8.2131e-01
8.2077e-01
8.2256e-01
8.2022e-01
8.2121e-01
8.1913e-01
8.1936e-01
8.1833e-01
8.2113e-01
8.2017e-01
8.1740e-01
8.1840e-01
8.1700e-01
8.1787e-01
8.2120e-01
8.2016e-01
8.1897e-01
8.2181e-01
8.1625e-01
8.1769e-01
8.1921e-01
8.1771e-01
8.1969e-01
8.2102e-01
8.1891e-01
8.2031e-01
8.1998e-01
8.1920e-01
8.2174e-01
8.1674e-01
8.1686e-01
8.1877e-01
8.1749e-01
8.1914e-01
8.1833e-01
8.2062e-01
8.1894e-01
8.1709e-01
8.1949e-01
8.1950e-01
8.1775e-01
8.2059e-01
8.1801e-01
8.1832e-01
8.1562e-01
8.1880e-01
8.2123e-01
8.2210e-01
8.2390e-01
8.1552e-01
8.1985e-01
8.2005e-01
8.1849e-01
8.1980e-01
8.1903e-01
8.2127e-01
8.1739e-01
8.2158e-01
8.1807e-01
8.1865e-01
8.2502e-01
8.1741e-01
8.2064e-01
8.2000e-01
8.2145e-01
8.1843e-01
8.1950e-01
8.1618e-01
8.1766e-01
8.2102e-01
8.1946e-01
8.1999e-01
8.2066e-01
8.1869e-01
8.1786e-01
8.1915e-01
8.1816e-01
8.1883e-01
8.1754e-01
8.1797e-01
8.2148e-01
8.1866e-01
8.1876e-01
8.1846e-01
8.1903e-01
8.1972e-01
8.1622e-01
8.1810e-01
8.1800e-01
8.1627e-01
8.1824e-01
8.1813e-01
8.1939e-01
8.1881e-01
8.2052e-01
8.2014e-01
8.1873e-01
8.1906e-01
8.2057e-01
8.2363e-01
8.1866e-01
8.2269e-01
8.1991e-01
8.2337e-01
8.1805e-01
8.2194e-01
8.1959e-01
8.2161e-01
8.2186e-01
8.1636e-01
8.1915e-01
8.1779e-01
8.1919e-01
8.2255e-01
8.1909e-01
8.2089e-01
8.1719e-01
8.1888e-01
8.2260e-01
8.2162e-01
8.1874e-01
8.2120e-01
8.1917e-01
8.1909e-01
8.1799e-01
8.2220e-01
8.1860e-01
8.1710e-01
8.2048e-01
8.1703e-01
8.2048e-01
8.1820e-01
8.2003e-01
8.1881e-01
8.1454e-01
8.1987e-01
8.1739e-01
8.1695e-01
8.1629e-01
8.1907e-01
8.1945e-01
8.2070e-01
8.1808e-01
8.2169e-01
8.1901e-01
8.1844e-01
8.1761e-01
8.1859e-01
8.2043e-01
8.2094e-01
8.1634e-01
8.2404e-01
8.2134e-01
8.1880e-01
8.2092e-01
8.1922e-01
8.2130e-01
8.1773e-01
8.2300e-01
8.2271e-01
8.2155e-01
8.2228e-01
8.1741e-01
8.1789e-01
8.1671e-01
8.1874e-01
8.1884e-01
8.2451e-01
8.1691e-01
8.2272e-01
8.1959e-01
8.1814e-01
8.2032e-01
8.1723e-01
8.2016e-01
8.1833e-01
8.1827e-01
8.2103e-01
8.2075e-01
8.1765e-01
8.2017e-01
8.1945e-01
8.2535e-01
8.1727e-01
8.1887e-01
8.1960e-01
8.2043e-01
8.2042e-01
8.1819e-01
8.2060e-01
8.1856e-01
8.1693e-01
8.2201e-01
8.1906e-01
8.2011e-01
8.2203e-01
8.1858e-01
8.2440e-01
8.2073e-01
8.1888e-01
8.1635e-01
8.1661e-01
8.2009e-01
8.2182e-01
8.2019e-01
8.1860e-01
8.1869e-01
8.1842e-01
8.1915e-01
8.1886e-01
8.1616e-01
8.1630e-01
8.1884e-01
8.2105e-01
8.2243e-01
8.2015e-01
8.1857e-01
8.1908e-01
8.1909e-01
8.2063e-01
8.1871e-01
8.2113e-01
8.1949e-01
8.1885e-01
8.2239e-01
8.2050e-01
8.1983e-01
8.2052e-01
8.1835e-01
8.1817e-01
8.1871e-01
8.1850e-01
8.1676e-01
8.2060e-01
8.1800e-01
8.1897e-01
8.1931e-01
8.1873e-01
8.1873e-01
8.1948e-01
8.1850e-01
8.1997e-01
8.2410e-01
8.2093e-01
8.2137e-01
8.1847e-01
8.1770e-01
8.1814e-01
8.1684e-01
8.2207e-01
8.1806e-01
8.2191e-01
8.2034e-01
8.1869e-01
8.1976e-01
8.1899e-01
8.1670e-01
8.1806e-01
8.1735e-01
8.1919e-01
8.2130e-01
8.2166e-01
8.1687e-01
8.2126e-01
8.1841e-01
8.1990e-01
8.1916e-01
8.1933e-01
8.1911e-01
8.1907e-01
8.1929e-01
8.1692e-01
8.1734e-01
8.1546e-01
8.1931e-01
8.1995e-01
8.1897e-01
8.1749e-01
8.1859e-01
8.1719e-01
8.1964e-01
8.1852e-01
8.1627e-01
8.2204e-01
8.1868e-01
8.1902e-01
8.1977e-01
8.2182e-01
8.1881e-01
8.2048e-01
8.1949e-01
8.1963e-01
8.1954e-01
8.2003e-01
8.1920e-01
8.2272e-01
8.1695e-01
8.1766e-01
8.1708e-01
8.1671e-01
8.2010e-01
8.1938e-01
8.2027e-01
8.2004e-01
8.1914e-01
8.1878e-01
8.2182e-01
8.1910e-01
8.2043e-01
8.1846e-01
8.1977e-01
8.1909e-01
8.1746e-01
8.1831e-01
8.1812e-01
8.1994e-01
8.1926e-01
8.1976e-01
8.0334e-01
8.1822e-01
7.9467e-01
8.1893e-01
8.1895e-01
8.1710e-01
8.1699e-01
8.1597e-01
8.1855e-01
8.1987e-01
8.1880e-01
8.2143e-01
8.2216e-01
8.2200e-01
8.2032e-01
8.1676e-01
8.1562e-01
8.1949e-01
8.2164e-01
8.1814e-01
8.2018e-01
8.1865e-01
8.1479e-01
8.1928e-01
8.1995e-01
8.1623e-01
8.2201e-01
8.1916e-01
8.1803e-01
8.1963e-01
8.2151e-01
8.2175e-01
8.1754e-01
8.2314e-01
8.1938e-01
8.1814e-01
8.1889e-01
8.1836e-01
8.1959e-01
8.2188e-01
8.1953e-01
8.1649e-01
8.1779e-01
8.2309e-01
8.1791e-01
7.9263e-01
8.1717e-01
8.1809e-01
8.2113e-01
8.2157e-01
8.2039e-01
8.1888e-01
8.2130e-01
8.1948e-01
8.1634e-01
8.2203e-01
8.1846e-01
8.2043e-01
8.1981e-01
8.1736e-01
8.1907e-01
8.2105e-01
8.2053e-01
8.1893e-01
8.1799e-01
8.2012e-01
8.1916e-01
8.1729e-01
8.1998e-01
8.2062e-01
8.1943e-01
8.1598e-01
8.2074e-01
8.1996e-01
8.2123e-01
8.2005e-01
8.2307e-01
8.1846e-01
8.1821e-01
8.1817e-01
8.1932e-01
8.1996e-01
8.1926e-01
8.2065e-01
8.1902e-01
8.1795e-01
8.1972e-01
8.2079e-01
8.2079e-01
8.2186e-01
8.2052e-01
8.1913e-01
8.1787e-01
8.1885e-01
8.2108e-01
8.1807e-01
8.2299e-01
8.2045e-01
8.1569e-01
8.1955e-01
8.1898e-01
8.1832e-01
8.1896e-01
8.1952e-01
8.1857e-01
8.1850e-01
8.2082e-01
8.1836e-01
8.1960e-01
8.2086e-01
8.1917e-01
8.1855e-01
8.1423e-01
8.2116e-01
8.2104e-01
8.1786e-01
8.2038e-01
8.2033e-01
8.1889e-01
8.2179e-01
8.2066e-01
8.2056e-01
8.1960e-01
8.1583e-01
8.1829e-01
8.1831e-01
8.1988e-01
8.1762e-01
8.1820e-01
8.2200e-01
8.2349e-01
8.1939e-01
8.1662e-01
8.1970e-01
8.1717e-01
8.1987e-01
8.1988e-01
8.2189e-01
8.1870e-01
8.1839e-01
8.1714e-01
8.2008e-01
8.2046e-01
8.1886e-01
8.1940e-01
8.1790e-01
8.1739e-01
8.1825e-01
8.1840e-01
8.2007e-01
8.1874e-01
8.2085e-01
8.1942e-01
8.1946e-01
8.1728e-01
8.1900e-01
8.1838e-01
8.1805e-01
8.1779e-01
8.1898e-01
8.1989e-01
8.1826e-01
8.1875e-01
8.1685e-01
8.2008e-01
8.1817e-01
8.1974e-01
8.1467e-01
8.2090e-01
8.2007e-01
8.1855e-01
8.2227e-01
8.2106e-01
8.2105e-01
8.1927e-01
8.2346e-01
8.1920e-01
8.2019e-01
8.1865e-01
8.2078e-01
8.2152e-01
8.1830e-01
8.2076e-01
8.1960e-01
8.1922e-01
8.1972e-01
8.1788e-01
8.2078e-01
8.1743e-01
8.1849e-01
8.1846e-01
8.1979e-01
8.1740e-01
8.1881e-01
8.1983e-01
8.1866e-01
8.1922e-01
8.1727e-01
8.2078e-01
8.1997e-01
8.2037e-01
8.2016e-01
8.1944e-01
8.1755e-01
8.1902e-01
8.2028e-01
8.1737e-01
8.1970e-01
8.1880e-01
8.2269e-01
8.1849e-01
8.1756e-01
8.1840e-01
8.2239e-01
8.1840e-01
8.1991e-01
8.1846e-01
8.1903e-01
8.2028e-01
8.2067e-01
8.2081e-01
8.1710e-01
8.1957e-01
8.1727e-01
8.1751e-01
8.1805e-01
8.1967e-01
8.2052e-01
8.2095e-01
8.1938e-01
8.2132e-01
8.1960e-01
8.2085e-01
8.2128e-01
8.2045e-01
8.2074e-01
8.1823e-01
8.1793e-01
8.1892e-01
8.2021e-01
8.2278e-01
8.1951e-01
8.1862e-01
8.1900e-01
8.1957e-01
8.1953e-01
8.1850e-01
8.1679e-01
8.1808e-01
8.1883e-01
8.2154e-01
8.1890e-01
8.1920e-01
8.2060e-01
8.2245e-01
8.1872e-01
8.1891e-01
8.2056e-01
8.1981e-01
8.2043e-01
8.1852e-01
8.2031e-01
8.1939e-01
8.1981e-01
8.2134e-01
8.1643e-01
8.2033e-01
8.2002e-01
8.1992e-01
8.1830e-01
8.2107e-01
8.1855e-01
8.1957e-01
8.1980e-01
8.1799e-01
8.1716e-01
8.1781e-01
8.2241e-01
8.2322e-01
8.1900e-01
8.2008e-01
8.2124e-01
8.1772e-01
8.2100e-01
8.1673e-01
8.1949e-01
8.2110e-01
8.1886e-01
8.1832e-01
8.2018e-01
8.2357e-01
8.2159e-01
8.1836e-01
8.2145e-01
8.1943e-01
8.1828e-01
8.1771e-01
8.2007e-01
8.1865e-01
8.1781e-01
8.1937e-01
8.1869e-01
8.1984e-01
8.1691e-01
8.1840e-01
8.1997e-01
8.2039e-01
8.1567e-01
8.2019e-01
8.1616e-01
8.1659e-01
8.2069e-01
8.2073e-01
8.2031e-01
8.2066e-01
8.2149e-01
8.1842e-01
8.1775e-01
8.1754e-01
8.1990e-01
8.1967e-01
8.2334e-01
8.2134e-01
8.1730e-01
8.1618e-01
8.2280e-01
8.1849e-01
8.2081e-01
8.1910e-01
8.1829e-01
8.1826e-01
8.2022e-01
8.1827e-01
8.1982e-01
8.1935e-01
8.1661e-01
8.2027e-01
8.2091e-01
8.1999e-01
8.1890e-01
8.2100e-01
8.1855e-01
8.1857e-01
8.2158e-01
8.1858e-01
8.1749e-01
8.1834e-01
8.1912e-01
8.2019e-01
8.2375e-01
8.1989e-01
8.1950e-01
8.1850e-01
8.1959e-01
8.1866e-01
8.1976e-01
8.2159e-01
8.1886e-01
8.2151e-01
8.2064e-01
8.1954e-01
8.1913e-01
8.2024e-01
8.1780e-01
8.2007e-01
8.1952e-01
8.2097e-01
8.1676e-01
8.1733e-01
8.1915e-01
8.1940e-01
8.1892e-01
8.1999e-01
8.1771e-01
8.1778e-01
8.1897e-01
8.1992e-01
8.1972e-01
8.2025e-01
8.1699e-01
8.2118e-01
8.1988e-01
8.2056e-01
8.1849e-01
8.1580e-01
8.1911e-01
8.2137e-01
8.1813e-01
8.1659e-01
8.2090e-01
8.1940e-01
8.1776e-01
8.2108e-01
8.2272e-01
8.2038e-01
8.1916e-01
8.1690e-01
8.2080e-01
8.2060e-01
8.1923e-01
8.1756e-01
8.1986e-01
8.2088e-01
8.1715e-01
8.2262e-01
8.1527e-01
8.1778e-01
8.2061e-01
8.2074e-01
8.2177e-01
8.2113e-01
8.1943e-01
8.1693e-01
7.9436e-01
8.1679e-01
8.1775e-01
8.2035e-01
8.2230e-01
8.1933e-01
8.1734e-01
8.1685e-01
8.1969e-01
8.1910e-01
8.1917e-01
8.1936e-01
8.2134e-01
8.1705e-01
8.1899e-01
8.1799e-01
8.1848e-01
8.1777e-01
8.1744e-01
8.1869e-01
8.2073e-01
8.1654e-01
8.2162e-01
8.1937e-01
8.1930e-01
8.1983e-01
8.2165e-01
8.2033e-01
8.2154e-01
8.1888e-01
8.1819e-01
8.1997e-01
8.1683e-01
8.2168e-01
8.2398e-01
8.1813e-01
8.1887e-01
8.2011e-01
8.1814e-01
8.1753e-01
8.2172e-01
8.1791e-01
8.1972e-01
8.1910e-01
8.2087e-01
8.2158e-01
8.2002e-01
8.2069e-01
8.1939e-01
8.1731e-01
8.2097e-01
8.1776e-01
8.2006e-01
8.1955e-01
8.1864e-01
8.1845e-01
8.1892e-01
8.1763e-01
8.1929e-01
8.2016e-01
8.1812e-01
8.1813e-01
8.1654e-01
8.2043e-01
8.1877e-01
8.1947e-01
8.1844e-01
8.1818e-01
8.2044e-01
8.2005e-01
8.2094e-01
8.2496e-01
8.2312e-01
8.2021e-01
8.1624e-01
8.1736e-01
8.1992e-01
8.1793e-01
8.1839e-01
8.1790e-01
8.1900e-01
8.1815e-01
8.1694e-01
8.2032e-01
8.2088e-01
8.1760e-01
8.1862e-01
8.1851e-01
8.1878e-01
8.2015e-01
8.2113e-01
8.2060e-01
8.1676e-01
8.1844e-01
8.1803e-01
8.2028e-01
8.1828e-01
8.2020e-01
8.1815e-01
8.1847e-01
8.1856e-01
8.2101e-01
8.2059e-01
8.1705e-01
8.2128e-01
8.1807e-01
8.1829e-01
8.1978e-01
8.2302e-01
8.1657e-01
8.2029e-01
8.1935e-01
8.1819e-01
8.1850e-01
8.1666e-01
8.2127e-01
8.2028e-01
8.1618e-01
8.2097e-01
8.2148e-01
8.1946e-01
8.1939e-01
8.1913e-01
8.1530e-01
8.1840e-01
8.2229e-01
8.2192e-01
8.1670e-01
8.1685e-01
8.2156e-01
8.1987e-01
8.2285e-01
8.2175e-01
7.6562e-01
8.1831e-01
8.2140e-01
8.0493e-01
8.2057e-01
8.2048e-01
8.1821e-01
8.2152e-01
8.1998e-01
8.1916e-01
8.2055e-01
8.1976e-01
8.2035e-01
8.1914e-01
8.1941e-01
8.1898e-01
8.1956e-01
8.2143e-01
8.2008e-01
8.1911e-01
8.1899e-01
8.2276e-01
8.2038e-01
8.2094e-01
8.1660e-01
8.1777e-01
8.1760e-01
8.1986e-01
8.2017e-01
8.2085e-01
8.1765e-01
8.1975e-01
8.1843e-01
8.1740e-01
8.1837e-01
8.1911e-01
8.1983e-01
8.1817e-01
8.2079e-01
8.1781e-01
8.1855e-01
8.1815e-01
8.1883e-01
