8.1850e-01
8.2128e-01
8.2289e-01
8.2102e-01
8.1962e-01
8.2156e-01
8.2211e-01
8.2568e-01
8.2472e-01
8.1873e-01
8.2437e-01
8.2299e-01
8.2179e-01
8.2255e-01
8.1905e-01
8.1913e-01
8.2367e-01
8.2524e-01
8.2102e-01
8.2358e-01
8.2342e-01
8.2006e-01
6.8394e-01
8.2781e-01
8.2359e-01
8.2092e-01
8.2446e-01
8.2699e-01
8.2712e-01
8.1829e-01
8.2241e-01
8.1797e-01
8.2586e-01
8.2516e-01
8.2069e-01
8.2303e-01
8.1961e-01
8.2281e-01
8.2272e-01
8.2445e-01
8.1499e-01
8.2303e-01
8.2888e-01
8.2150e-01
8.2642e-01
8.2504e-01
8.2479e-01
8.2158e-01
8.2262e-01
8.2153e-01
8.2471e-01
8.2360e-01
8.2536e-01
8.1939e-01
8.2655e-01
8.1924e-01
8.2446e-01
8.2436e-01
8.1854e-01
8.2311e-01
8.2393e-01
8.2613e-01
8.2202e-01
8.1898e-01
8.1998e-01
8.2138e-01
8.2303e-01
8.2401e-01
8.1765e-01
8.2676e-01
8.1996e-01
8.1902e-01
8.2299e-01
8.2559e-01
8.1974e-01
7.8140e-01
8.2008e-01
8.2128e-01
8.1670e-01
8.1958e-01
8.1971e-01
8.2233e-01
8.2337e-01
8.2557e-01
8.2119e-01
8.1804e-01
8.2350e-01
8.2373e-01
8.1861e-01
8.2203e-01
8.2315e-01
8.2173e-01
8.2510e-01
8.2412e-01
8.1914e-01
8.1911e-01
8.2174e-01
8.2368e-01
8.2681e-01
8.2110e-01
8.2151e-01
8.2360e-01
8.2211e-01
8.2141e-01
8.2053e-01
8.2641e-01
8.2555e-01
8.2349e-01
8.2068e-01
8.1882e-01
8.2352e-01
8.2308e-01
8.2376e-01
8.2100e-01
8.2082e-01
8.2353e-01
8.2732e-01
8.2746e-01
8.2181e-01
8.2517e-01
8.1874e-01
8.2748e-01
8.2147e-01
8.2252e-01
8.2441e-01
8.2297e-01
8.2211e-01
8.2395e-01
8.1930e-01
8.2506e-01
8.2064e-01
8.2233e-01
8.2445e-01
8.2430e-01
7.8025e-01
8.2057e-01
8.2414e-01
8.2343e-01
8.2106e-01
8.2444e-01
8.2257e-01
8.2299e-01
8.2329e-01
8.2058e-01
8.1749e-01
8.2579e-01
8.2017e-01
8.1776e-01
8.2124e-01
8.1768e-01
8.2021e-01
8.2003e-01
8.2227e-01
8.2673e-01
8.2232e-01
8.2571e-01
8.1865e-01
8.2379e-01
8.2371e-01
8.2411e-01
8.2085e-01
8.2397e-01
8.2401e-01
8.2178e-01
8.2336e-01
8.2352e-01
8.1954e-01
8.2417e-01
8.2351e-01
8.2151e-01
8.2237e-01
8.2440e-01
8.2281e-01
8.2323e-01
8.2301e-01
8.2004e-01
8.2488e-01
8.2118e-01
8.0015e-01
8.1938e-01
8.2244e-01
8.2181e-01
8.2066e-01
8.2374e-01
8.2070e-01
8.1957e-01
8.1855e-01
8.2226e-01
8.2011e-01
8.2360e-01
8.2107e-01
8.2477e-01
8.2664e-01
8.1910e-01
8.2060e-01
8.2621e-01
8.2111e-01
8.2213e-01
8.2072e-01
8.2072e-01
8.2045e-01
8.1941e-01
8.2367e-01
8.2246e-01
8.2219e-01
8.2163e-01
8.2801e-01
8.2597e-01
8.2097e-01
8.2197e-01
8.2487e-01
8.2444e-01
8.2371e-01
8.2573e-01
8.1960e-01
8.2397e-01
8.2327e-01
8.2330e-01
8.2209e-01
8.1953e-01
8.2337e-01
8.2158e-01
8.2054e-01
8.2001e-01
8.2276e-01
8.2670e-01
8.2840e-01
8.2042e-01
8.1832e-01
8.1818e-01
8.1964e-01
8.1980e-01
8.2456e-01
8.1851e-01
8.1986e-01
8.2191e-01
8.1853e-01
8.2191e-01
8.2701e-01
8.2172e-01
8.2336e-01
8.2613e-01
8.1895e-01
8.2322e-01
8.2472e-01
8.2486e-01
8.2001e-01
8.2051e-01
8.0469e-01
8.2653e-01
8.2345e-01
8.2404e-01
8.2196e-01
8.2399e-01
8.2202e-01
8.2498e-01
8.2342e-01
8.2558e-01
8.2333e-01
8.2328e-01
8.1562e-01
8.2331e-01
8.2477e-01
8.2334e-01
8.1969e-01
8.2136e-01
8.2161e-01
8.2218e-01
8.1748e-01
8.1780e-01
8.1899e-01
8.2593e-01
8.2003e-01
8.2294e-01
8.2269e-01
8.2242e-01
8.2011e-01
8.2167e-01
8.2547e-01
8.2664e-01
8.2363e-01
8.2629e-01
8.2572e-01
8.2386e-01
8.2425e-01
8.2216e-01
8.1774e-01
8.2422e-01
8.2290e-01
8.1993e-01
8.2560e-01
8.2565e-01
8.2235e-01
8.2345e-01
8.2569e-01
8.2146e-01
8.1981e-01
8.2115e-01
8.2373e-01
8.2485e-01
8.2250e-01
8.2468e-01
8.2376e-01
8.2301e-01
8.2714e-01
8.2383e-01
8.2476e-01
8.1923e-01
7.9935e-01
8.1655e-01
8.2432e-01
8.2548e-01
8.2151e-01
8.2433e-01
8.2456e-01
8.2377e-01
8.1894e-01
8.2297e-01
8.2305e-01
8.2332e-01
8.1919e-01
8.2049e-01
8.1962e-01
8.2243e-01
8.2244e-01
8.2329e-01
8.1820e-01
8.2273e-01
8.2338e-01
8.2733e-01
8.1709e-01
8.2005e-01
8.2230e-01
8.2306e-01
8.2492e-01
8.2462e-01
8.2686e-01
8.2201e-01
8.2132e-01
8.2213e-01
8.2446e-01
8.1915e-01
8.2689e-01
8.2546e-01
8.2075e-01
8.2060e-01
8.2366e-01
8.2679e-01
8.2211e-01
8.2279e-01
8.2603e-01
8.2176e-01
8.1709e-01
8.1937e-01
8.2154e-01
8.2070e-01
8.2247e-01
8.1910e-01
8.2112e-01
8.2614e-01
8.2551e-01
8.2463e-01
8.2283e-01
8.2597e-01
8.2494e-01
8.1899e-01
8.2265e-01
8.1873e-01
8.2365e-01
8.1832e-01
8.3116e-01
8.2265e-01
8.1936e-01
8.2156e-01
8.2043e-01
8.1762e-01
8.2709e-01
8.2202e-01
8.1858e-01
8.2265e-01
8.2512e-01
8.2430e-01
8.1833e-01
8.2501e-01
8.2191e-01
8.2233e-01
8.2162e-01
8.2327e-01
8.2605e-01
8.2301e-01
8.2751e-01
8.1793e-01
8.2549e-01
8.2476e-01
8.2226e-01
8.2146e-01
8.1933e-01
8.2252e-01
8.2258e-01
8.1730e-01
8.1867e-01
8.2207e-01
8.2327e-01
8.2161e-01
7.9958e-01
8.2581e-01
8.2383e-01
8.2037e-01
8.2294e-01
8.2492e-01
8.2241e-01
8.2143e-01
8.1733e-01
8.2515e-01
8.2044e-01
8.2456e-01
8.2145e-01
8.1956e-01
8.2334e-01
8.2712e-01
8.2234e-01
8.2417e-01
8.2281e-01
8.2176e-01
8.2207e-01
8.2340e-01
8.1960e-01
8.2679e-01
8.2063e-01
8.2029e-01
8.1812e-01
8.2283e-01
8.2407e-01
8.1810e-01
8.2348e-01
8.2510e-01
8.1829e-01
8.2425e-01
8.2098e-01
8.2407e-01
8.1842e-01
8.2085e-01
8.2202e-01
8.2307e-01
8.2418e-01
8.2242e-01
8.2172e-01
8.2269e-01
8.2587e-01
8.2264e-01
8.2426e-01
8.2166e-01
8.2506e-01
8.2244e-01
8.1817e-01
8.2059e-01
8.2425e-01
8.2456e-01
8.2305e-01
8.2584e-01
8.1885e-01
8.2387e-01
8.2218e-01
8.1807e-01
8.2361e-01
8.2433e-01
8.2196e-01
8.2446e-01
8.2106e-01
8.2381e-01
8.2306e-01
8.2375e-01
8.2167e-01
8.1891e-01
8.2127e-01
8.1910e-01
8.2167e-01
8.2524e-01
8.1998e-01
8.2293e-01
8.2071e-01
8.1696e-01
8.2160e-01
8.1942e-01
8.2040e-01
8.2249e-01
8.2068e-01
8.2653e-01
8.2215e-01
8.1900e-01
8.2370e-01
8.1984e-01
8.2361e-01
8.1977e-01
8.2119e-01
8.1918e-01
8.2650e-01
8.2226e-01
8.2099e-01
8.2040e-01
8.2166e-01
8.2486e-01
8.2451e-01
8.2084e-01
8.2175e-01
8.2095e-01
8.2503e-01
8.1956e-01
8.2235e-01
8.2141e-01
8.1977e-01
8.2175e-01
8.2178e-01
8.2153e-01
8.1784e-01
8.2134e-01
8.2714e-01
8.2517e-01
8.2270e-01
8.2277e-01
8.1989e-01
8.2238e-01
8.2164e-01
8.2186e-01
8.2001e-01
8.1602e-01
8.2491e-01
8.2143e-01
8.1968e-01
8.2182e-01
8.2433e-01
8.2222e-01
8.1579e-01
8.2171e-01
8.2167e-01
8.2235e-01
8.2141e-01
8.2018e-01
8.2256e-01
8.1817e-01
8.2178e-01
8.2485e-01
8.2216e-01
8.2136e-01
8.2296e-01
8.2354e-01
8.2289e-01
8.2511e-01
8.2724e-01
8.2280e-01
8.2585e-01
8.2271e-01
8.2256e-01
8.2717e-01
8.2059e-01
8.2353e-01
8.2401e-01
8.2593e-01
8.1851e-01
8.1610e-01
8.1869e-01
8.1859e-01
8.1844e-01
8.2051e-01
8.2068e-01
8.2714e-01
8.2595e-01
8.2122e-01
8.2633e-01
8.2204e-01
8.1941e-01
8.2414e-01
8.1626e-01
8.2455e-01
8.2308e-01
8.2383e-01
8.2329e-01
8.2615e-01
8.2571e-01
8.2517e-01
8.1897e-01
8.1821e-01
8.2427e-01
8.1851e-01
8.2652e-01
8.2339e-01
8.2059e-01
8.2423e-01
8.2295e-01
8.1935e-01
8.2265e-01
8.1643e-01
8.2433e-01
8.1996e-01
8.2354e-01
8.2369e-01
8.2092e-01
8.2618e-01
8.2150e-01
8.2234e-01
8.2096e-01
8.2385e-01
8.2148e-01
8.2381e-01
8.2160e-01
8.1599e-01
8.2080e-01
8.2486e-01
8.2471e-01
8.2488e-01
8.1973e-01
8.2249e-01
8.2220e-01
8.2083e-01
8.2197e-01
8.2266e-01
8.1801e-01
8.1867e-01
8.2150e-01
8.1892e-01
8.1929e-01
8.2154e-01
8.2400e-01
8.2364e-01
8.2613e-01
8.2592e-01
8.2303e-01
8.2304e-01
8.2154e-01
8.2322e-01
8.2355e-01
8.1999e-01
8.2341e-01
8.2222e-01
8.1764e-01
8.1960e-01
8.2387e-01
8.1846e-01
8.2331e-01
8.2697e-01
8.2450e-01
8.2418e-01
8.2050e-01
8.2366e-01
8.2735e-01
8.2461e-01
8.2557e-01
8.2519e-01
8.2794e-01
8.2326e-01
8.2066e-01
8.2168e-01
8.2306e-01
8.1787e-01
8.2248e-01
8.2177e-01
8.2035e-01
8.2027e-01
8.2100e-01
8.2132e-01
8.2244e-01
8.2281e-01
8.2441e-01
8.2436e-01
8.0559e-01
8.2628e-01
8.2426e-01
8.1906e-01
8.2242e-01
8.2509e-01
8.2042e-01
8.2228e-01
8.2243e-01
8.2360e-01
8.2108e-01
8.2014e-01
8.2121e-01
8.1705e-01
8.2527e-01
8.2477e-01
8.2229e-01
8.2439e-01
8.2369e-01
8.1889e-01
8.1928e-01
8.2096e-01
8.2457e-01
8.1925e-01
8.2274e-01
8.2183e-01
8.2712e-01
8.1806e-01
8.2023e-01
8.2322e-01
8.2440e-01
8.2055e-01
8.2033e-01
8.2192e-01
8.1911e-01
8.2151e-01
8.2641e-01
8.2022e-01
8.2011e-01
8.2066e-01
8.2658e-01
8.1954e-01
8.1606e-01
8.2320e-01
8.2543e-01
8.1907e-01
8.2089e-01
8.2285e-01
8.2408e-01
8.2272e-01
8.2182e-01
8.2881e-01
8.1711e-01
8.2329e-01
8.2839e-01
8.2246e-01
8.2539e-01
8.2104e-01
8.1720e-01
8.2362e-01
8.2147e-01
8.2138e-01
8.2559e-01
8.2378e-01
8.1945e-01
8.2235e-01
8.2728e-01
8.1984e-01
8.2456e-01
8.1987e-01
8.2762e-01
8.2348e-01
8.2313e-01
8.2540e-01
8.2127e-01
8.1952e-01
8.2445e-01
8.2333e-01
8.1774e-01
8.2043e-01
8.2234e-01
8.1996e-01
8.2267e-01
8.2137e-01
8.1911e-01
8.2709e-01
8.1834e-01
8.2602e-01
8.2619e-01
8.1863e-01
8.2329e-01
8.2244e-01
8.2161e-01
8.2135e-01
8.2400e-01
8.2365e-01
8.2721e-01
8.2289e-01
8.2671e-01
8.2431e-01
8.2294e-01
8.2330e-01
8.2281e-01
8.1915e-01
8.2486e-01
8.2361e-01
8.3181e-01
8.1761e-01
8.2591e-01
8.1977e-01
8.1846e-01
8.2043e-01
8.2170e-01
8.2365e-01
8.1825e-01
8.2265e-01
8.2008e-01
8.2211e-01
8.2260e-01
8.2090e-01
8.2597e-01
8.2166e-01
8.2448e-01
8.2135e-01
8.2218e-01
8.2304e-01
8.1947e-01
8.1705e-01
8.2156e-01
8.2304e-01
8.2136e-01
8.2295e-01
8.2709e-01
8.1996e-01
8.1974e-01
8.2253e-01
8.2239e-01
8.2358e-01
8.2431e-01
8.2390e-01
8.2092e-01
8.2324e-01
8.2356e-01
8.2119e-01
8.2480e-01
8.2034e-01
8.2630e-01
8.2660e-01
8.2152e-01
8.1902e-01
8.2073e-01
8.2304e-01
8.2055e-01
8.2608e-01
8.2327e-01
8.2458e-01
8.2312e-01
8.2375e-01
8.2495e-01
8.2454e-01
8.2079e-01
8.1985e-01
8.2205e-01
8.1760e-01
8.2340e-01
8.2649e-01
8.1951e-01
8.2389e-01
8.2303e-01
8.2230e-01
8.2251e-01
8.2280e-01
8.2234e-01
8.2578e-01
8.2134e-01
8.1816e-01
8.2311e-01
8.1808e-01
8.2000e-01
8.2966e-01
8.2294e-01
8.2150e-01
8.2516e-01
8.2408e-01
8.2155e-01
8.2228e-01
8.2024e-01
8.2381e-01
8.1946e-01
8.2230e-01
8.2011e-01
8.2523e-01
8.2627e-01
8.2206e-01
8.2648e-01
8.2315e-01
8.2195e-01
8.2200e-01
8.2127e-01
8.2166e-01
8.1839e-01
8.2310e-01
8.2300e-01
8.2264e-01
8.2375e-01
8.2559e-01
8.1860e-01
8.2222e-01
8.2287e-01
8.2207e-01
8.1830e-01
8.2535e-01
8.2050e-01
8.2167e-01
8.2644e-01
8.2064e-01
8.1786e-01
8.2790e-01
8.2221e-01
8.2135e-01
8.2205e-01
8.2371e-01
8.1784e-01
8.2603e-01
8.2071e-01
8.2398e-01
8.2437e-01
8.2307e-01
8.2587e-01
8.2655e-01
8.2159e-01
8.2533e-01
8.2493e-01
8.2380e-01
8.2693e-01
8.2230e-01
8.2057e-01
8.2311e-01
8.2035e-01
8.2093e-01
8.2544e-01
8.0588e-01
8.2232e-01
8.2232e-01
8.2478e-01
7.8146e-01
8.2310e-01
8.2807e-01
8.2082e-01
8.2506e-01
8.2457e-01
8.1743e-01
8.2384e-01
8.2282e-01
8.2464e-01
8.2688e-01
8.2017e-01
8.2021e-01
8.2014e-01
8.2386e-01
8.2520e-01
8.2384e-01
8.1988e-01
8.2143e-01
8.2639e-01
8.2147e-01
8.2012e-01
8.1917e-01
8.1903e-01
8.2266e-01
8.2349e-01
8.2017e-01
8.2156e-01
8.2447e-01
8.2619e-01
8.2192e-01
8.2231e-01
8.1991e-01
8.2214e-01
8.2446e-01
8.1769e-01
8.2040e-01
8.2002e-01
8.2386e-01
8.2569e-01
8.1622e-01
8.2386e-01
8.2567e-01
8.2290e-01
8.2291e-01
8.2205e-01
8.2463e-01
8.2340e-01
8.2118e-01
8.2613e-01
8.2683e-01
8.2546e-01
8.1807e-01
8.2429e-01
8.2104e-01
8.1961e-01
8.2131e-01
8.2533e-01
8.1960e-01
8.2231e-01
8.2140e-01
8.2237e-01
8.2040e-01
8.2195e-01
8.2146e-01
8.2705e-01
8.2361e-01
8.2159e-01
8.2365e-01
8.2575e-01
8.2115e-01
8.2224e-01
8.1959e-01
8.2282e-01
8.2227e-01
8.2112e-01
8.2701e-01
8.2066e-01
8.2539e-01
8.2428e-01
8.2257e-01
8.2589e-01
8.2005e-01
8.2305e-01
8.1951e-01
8.2346e-01
8.1915e-01
8.2222e-01
8.2257e-01
8.2528e-01
8.2082e-01
