7.9002e-01
7.5132e-01
7.8111e-01
7.6921e-01
7.5850e-01
7.4830e-01
7.3676e-01
7.5541e-01
7.6520e-01
7.2359e-01
7.6497e-01
7.6692e-01
7.3567e-01
7.5622e-01
7.7040e-01
5.8492e-01
7.6494e-01
7.8375e-01
7.5241e-01
7.6253e-01
7.5905e-01
7.8990e-01
7.5126e-01
7.5515e-01
7.4496e-01
7.4114e-01
7.5698e-01
7.7913e-01
7.6938e-01
7.6919e-01
7.7443e-01
7.5696e-01
7.6042e-01
7.6952e-01
7.9538e-01
7.5912e-01
7.8117e-01
7.5231e-01
7.6489e-01
7.6416e-01
7.5889e-01
7.9651e-01
7.6179e-01
7.4629e-01
7.5359e-01
7.5118e-01
7.5562e-01
7.6245e-01
7.6884e-01
7.8667e-01
7.5128e-01
7.7649e-01
7.8376e-01
7.5645e-01
7.7358e-01
7.3701e-01
7.5732e-01
7.5801e-01
7.7336e-01
7.7373e-01
7.4672e-01
7.6799e-01
7.8618e-01
7.7703e-01
7.5453e-01
7.6179e-01
8.1500e-01
7.8764e-01
7.5927e-01
7.4263e-01
7.5938e-01
7.7179e-01
7.7368e-01
7.4910e-01
7.7028e-01
7.5329e-01
7.4402e-01
7.5987e-01
7.8580e-01
7.4896e-01
7.4534e-01
7.8095e-01
7.6353e-01
7.7315e-01
7.6674e-01
7.4738e-01
7.7669e-01
7.5271e-01
7.4347e-01
7.6400e-01
7.7425e-01
7.8163e-01
7.5589e-01
7.5835e-01
7.5347e-01
7.5330e-01
7.7908e-01
7.4627e-01
7.6156e-01
7.8387e-01
7.6512e-01
7.8098e-01
7.3629e-01
7.8061e-01
7.4671e-01
7.8459e-01
7.2610e-01
7.7635e-01
7.7268e-01
7.7034e-01
7.4155e-01
7.3400e-01
7.5907e-01
7.4514e-01
7.8550e-01
7.6818e-01
7.5993e-01
7.9887e-01
7.4717e-01
7.7786e-01
7.6691e-01
7.3167e-01
7.3779e-01
7.5937e-01
7.6502e-01
7.3373e-01
7.6491e-01
7.8168e-01
7.0496e-01
7.4549e-01
7.8375e-01
7.5577e-01
7.5348e-01
7.8240e-01
7.5779e-01
7.3184e-01
7.7363e-01
7.6224e-01
7.5988e-01
7.3195e-01
7.6184e-01
7.6153e-01
7.7107e-01
7.5973e-01
7.8813e-01
7.7882e-01
7.4236e-01
7.5570e-01
7.8887e-01
7.6121e-01
7.6674e-01
7.5157e-01
7.4507e-01
7.6077e-01
7.5481e-01
7.6486e-01
7.4474e-01
7.8656e-01
7.7807e-01
7.1980e-01
7.5960e-01
7.6427e-01
7.7416e-01
7.4620e-01
7.8129e-01
7.6699e-01
7.7279e-01
7.4614e-01
7.6229e-01
7.7648e-01
7.0621e-01
6.0259e-01
7.3335e-01
7.6296e-01
7.5128e-01
7.9350e-01
7.6494e-01
7.1881e-01
7.6630e-01
7.3643e-01
7.9130e-01
7.6790e-01
7.5235e-01
7.8021e-01
7.8204e-01
7.7245e-01
7.4366e-01
7.7867e-01
7.5521e-01
7.4919e-01
7.6384e-01
7.8074e-01
7.4888e-01
7.8203e-01
7.5001e-01
7.6168e-01
7.6215e-01
7.7382e-01
7.5299e-01
7.6213e-01
7.8221e-01
7.5322e-01
7.0669e-01
7.5101e-01
7.4972e-01
7.7719e-01
7.6212e-01
7.6562e-01
7.4855e-01
7.4903e-01
7.5213e-01
7.4689e-01
7.3351e-01
7.5577e-01
7.5866e-01
7.6754e-01
7.4988e-01
7.6756e-01
7.3655e-01
7.4125e-01
7.6186e-01
7.4987e-01
7.7440e-01
7.4660e-01
7.6204e-01
7.6194e-01
7.5810e-01
7.7899e-01
7.4567e-01
7.6869e-01
7.8120e-01
7.9692e-01
7.7274e-01
7.5073e-01
7.5572e-01
7.5927e-01
7.4958e-01
7.8790e-01
7.5091e-01
7.7607e-01
7.8730e-01
7.8163e-01
7.6354e-01
7.5528e-01
7.6376e-01
7.5190e-01
7.4343e-01
7.4787e-01
5.8694e-01
7.4154e-01
7.6612e-01
7.5244e-01
7.5971e-01
7.5984e-01
7.6104e-01
7.1460e-01
7.7087e-01
7.5675e-01
7.6828e-01
7.7487e-01
7.6606e-01
7.6301e-01
7.6176e-01
7.8906e-01
7.6747e-01
7.8146e-01
7.6363e-01
7.4962e-01
7.7936e-01
7.6148e-01
7.4575e-01
7.7831e-01
7.3398e-01
7.5570e-01
7.8280e-01
7.5648e-01
7.6423e-01
7.6639e-01
7.6876e-01
7.6464e-01
7.8141e-01
7.7300e-01
7.4039e-01
7.9908e-01
7.5310e-01
7.5503e-01
7.8232e-01
7.7944e-01
7.6473e-01
7.7060e-01
7.6515e-01
7.7717e-01
7.2933e-01
7.7971e-01
7.9037e-01
7.5901e-01
7.5250e-01
7.2986e-01
7.2645e-01
7.7771e-01
7.3944e-01
7.5277e-01
7.5203e-01
7.5517e-01
7.7067e-01
7.7291e-01
7.7143e-01
7.5151e-01
7.4179e-01
7.6446e-01
7.7613e-01
7.7071e-01
7.7436e-01
7.5247e-01
7.6919e-01
8.1013e-01
7.7646e-01
7.7252e-01
7.8256e-01
7.7130e-01
7.5320e-01
7.6625e-01
7.5331e-01
7.7294e-01
7.6522e-01
7.3679e-01
7.5514e-01
7.3181e-01
6.4003e-01
7.7667e-01
7.5678e-01
7.4949e-01
5.9876e-01
7.7641e-01
7.3143e-01
7.5639e-01
7.6854e-01
7.4260e-01
7.5410e-01
7.4424e-01
7.9275e-01
7.6968e-01
7.8344e-01
7.7357e-01
7.7406e-01
7.4101e-01
7.4852e-01
7.3863e-01
7.6567e-01
8.0103e-01
7.6034e-01
7.5493e-01
7.7629e-01
7.5814e-01
7.6803e-01
7.5875e-01
7.7003e-01
7.5478e-01
7.6131e-01
8.0050e-01
7.6251e-01
7.6547e-01
7.6613e-01
7.3704e-01
7.5106e-01
7.6081e-01
7.4638e-01
7.7781e-01
7.4430e-01
7.7391e-01
7.5472e-01
7.5349e-01
7.4051e-01
7.3148e-01
8.0383e-01
7.6628e-01
7.4620e-01
7.6734e-01
7.7099e-01
7.4470e-01
7.6171e-01
7.5682e-01
7.4880e-01
7.3060e-01
7.5107e-01
7.6703e-01
7.6046e-01
7.6957e-01
7.7391e-01
7.6073e-01
7.3869e-01
7.8920e-01
7.4992e-01
7.7462e-01
7.4758e-01
7.5928e-01
7.2570e-01
7.8983e-01
7.1816e-01
7.8763e-01
7.5643e-01
7.2694e-01
7.4769e-01
7.3161e-01
7.5262e-01
7.7558e-01
7.6521e-01
7.7014e-01
7.6607e-01
7.4804e-01
7.5671e-01
7.3411e-01
7.8110e-01
7.6804e-01
7.5608e-01
7.3247e-01
7.7649e-01
7.5691e-01
7.4046e-01
7.6140e-01
6.9106e-01
7.8018e-01
7.6049e-01
7.4171e-01
7.9684e-01
7.3890e-01
7.5717e-01
7.4162e-01
7.5678e-01
7.7820e-01
7.8897e-01
7.5921e-01
7.7611e-01
7.6307e-01
7.4072e-01
7.5589e-01
7.5821e-01
7.6846e-01
7.5711e-01
7.4957e-01
7.6110e-01
7.6960e-01
7.5552e-01
7.7833e-01
7.9778e-01
7.7861e-01
7.5375e-01
7.4539e-01
7.6079e-01
7.7716e-01
7.5476e-01
7.6003e-01
7.6729e-01
7.8493e-01
7.7728e-01
7.6992e-01
7.9387e-01
7.7661e-01
7.9113e-01
7.6340e-01
7.5745e-01
7.8305e-01
7.7820e-01
7.8906e-01
7.7763e-01
7.7337e-01
7.7277e-01
7.8126e-01
7.5666e-01
7.5943e-01
7.6497e-01
7.7662e-01
7.6069e-01
7.8537e-01
7.7049e-01
7.6566e-01
7.7020e-01
7.7194e-01
7.6716e-01
7.7301e-01
7.7106e-01
7.6618e-01
7.5852e-01
7.3742e-01
7.9720e-01
7.7722e-01
7.6871e-01
7.7064e-01
7.8255e-01
7.7775e-01
7.5530e-01
7.5323e-01
7.4470e-01
7.4621e-01
7.7151e-01
7.6820e-01
7.6718e-01
7.8692e-01
7.6678e-01
7.9024e-01
7.4341e-01
7.7326e-01
7.4770e-01
7.5449e-01
7.6044e-01
7.4326e-01
7.5362e-01
7.5524e-01
7.6511e-01
7.7206e-01
7.5242e-01
7.6771e-01
7.5599e-01
7.8990e-01
7.5001e-01
7.8335e-01
7.7199e-01
7.7303e-01
7.4665e-01
7.4562e-01
7.5727e-01
7.5319e-01
7.2595e-01
7.2637e-01
7.1765e-01
7.5336e-01
7.9746e-01
7.7224e-01
7.6797e-01
7.8424e-01
7.8301e-01
7.4996e-01
7.4815e-01
7.5602e-01
7.4122e-01
7.5149e-01
7.7458e-01
7.7365e-01
7.5034e-01
7.6146e-01
7.4770e-01
7.6875e-01
7.3759e-01
7.8171e-01
7.8840e-01
7.6333e-01
7.9994e-01
7.3221e-01
7.5580e-01
7.9620e-01
8.0604e-01
7.5228e-01
7.8454e-01
7.7926e-01
7.6370e-01
7.8716e-01
7.4317e-01
7.5183e-01
7.7801e-01
7.1974e-01
7.4752e-01
7.6127e-01
7.5995e-01
7.7518e-01
7.8041e-01
7.5390e-01
7.4759e-01
8.0055e-01
7.6082e-01
7.7613e-01
7.7090e-01
7.8455e-01
7.7244e-01
6.5128e-01
7.6708e-01
7.4712e-01
7.5904e-01
7.8383e-01
7.6718e-01
7.6864e-01
7.5508e-01
7.8593e-01
7.7314e-01
7.9226e-01
7.8178e-01
7.5776e-01
7.3823e-01
7.6355e-01
7.5790e-01
7.7337e-01
7.8200e-01
7.6335e-01
7.6595e-01
7.8786e-01
7.8038e-01
7.5919e-01
7.7685e-01
7.6798e-01
7.3705e-01
7.7874e-01
7.6142e-01
8.0931e-01
7.7007e-01
7.9197e-01
7.6552e-01
7.7627e-01
7.2881e-01
7.5305e-01
7.7253e-01
7.8872e-01
7.4843e-01
7.5076e-01
7.7261e-01
7.7484e-01
7.3706e-01
7.6669e-01
7.9595e-01
7.8307e-01
7.7214e-01
7.5956e-01
7.8305e-01
7.4905e-01
7.3832e-01
7.3775e-01
7.8772e-01
7.4055e-01
7.6047e-01
7.6443e-01
7.6284e-01
7.5528e-01
7.5048e-01
7.6903e-01
7.8210e-01
7.6985e-01
7.4459e-01
7.6928e-01
7.8297e-01
7.6618e-01
7.6145e-01
7.4671e-01
7.6391e-01
7.6975e-01
7.2760e-01
7.6517e-01
8.0706e-01
6.8669e-01
7.6071e-01
7.7185e-01
7.6903e-01
7.7862e-01
7.6894e-01
7.5253e-01
7.4512e-01
7.6906e-01
7.4732e-01
7.7942e-01
7.5358e-01
7.4799e-01
7.7448e-01
7.7802e-01
7.8358e-01
7.7432e-01
7.8078e-01
7.6882e-01
7.5028e-01
7.6565e-01
7.5061e-01
7.7053e-01
7.6838e-01
7.6010e-01
7.5464e-01
7.6596e-01
7.5843e-01
7.6281e-01
7.4512e-01
7.7794e-01
7.6426e-01
7.8722e-01
7.6211e-01
7.5628e-01
7.7179e-01
7.5968e-01
7.9351e-01
7.6556e-01
7.3552e-01
7.8079e-01
7.7592e-01
7.8020e-01
7.7379e-01
7.7951e-01
7.5579e-01
5.9909e-01
7.7868e-01
7.6529e-01
7.7164e-01
7.8164e-01
7.7761e-01
7.4930e-01
7.7139e-01
7.9323e-01
7.6504e-01
6.9875e-01
7.8596e-01
7.6129e-01
7.5481e-01
7.6530e-01
7.5836e-01
7.8218e-01
7.3628e-01
7.6074e-01
7.6091e-01
7.6019e-01
7.6800e-01
7.6661e-01
7.7995e-01
7.3723e-01
7.8387e-01
7.6579e-01
8.0630e-01
7.4619e-01
7.5801e-01
7.5363e-01
7.5890e-01
7.7393e-01
7.5970e-01
6.7205e-01
7.4686e-01
7.5869e-01
7.5711e-01
7.8721e-01
7.5861e-01
7.5734e-01
7.7995e-01
7.7612e-01
7.6054e-01
7.8524e-01
6.2941e-01
7.4488e-01
7.6248e-01
7.8604e-01
7.3239e-01
7.4700e-01
7.7153e-01
7.5588e-01
7.9484e-01
7.9684e-01
7.6801e-01
7.4508e-01
7.5726e-01
7.5604e-01
7.1322e-01
7.2893e-01
7.5593e-01
7.6215e-01
7.3229e-01
7.4202e-01
7.8543e-01
7.6012e-01
7.5005e-01
7.6204e-01
7.8802e-01
7.8275e-01
7.5523e-01
7.6662e-01
7.3313e-01
7.5713e-01
7.5501e-01
7.5544e-01
7.6551e-01
7.6952e-01
7.4610e-01
7.8523e-01
7.5619e-01
7.9131e-01
7.6683e-01
7.7842e-01
7.9194e-01
7.3213e-01
7.5033e-01
7.5821e-01
7.7576e-01
7.4748e-01
7.4803e-01
7.7533e-01
7.8544e-01
7.6175e-01
6.4033e-01
7.4085e-01
7.7979e-01
7.5119e-01
7.3036e-01
7.6670e-01
7.5378e-01
7.7765e-01
7.7346e-01
7.7908e-01
7.7677e-01
7.4652e-01
7.5098e-01
7.7332e-01
7.7772e-01
7.5711e-01
7.7097e-01
7.3845e-01
7.8955e-01
7.7105e-01
7.4947e-01
7.5981e-01
7.7650e-01
7.6514e-01
7.4890e-01
7.8976e-01
7.5910e-01
7.6342e-01
7.6283e-01
7.3703e-01
7.7109e-01
7.6403e-01
7.8278e-01
7.7046e-01
7.7030e-01
7.9544e-01
7.8002e-01
7.7361e-01
7.6942e-01
7.4815e-01
7.6114e-01
7.7915e-01
7.8216e-01
7.7081e-01
7.7308e-01
7.7960e-01
8.1433e-01
7.5788e-01
7.5792e-01
7.6031e-01
7.4365e-01
7.3731e-01
7.6943e-01
7.6693e-01
7.4108e-01
7.4921e-01
7.5783e-01
7.8777e-01
7.7588e-01
7.3451e-01
7.8536e-01
7.6044e-01
7.4986e-01
7.3873e-01
7.6964e-01
7.5793e-01
7.8476e-01
7.8412e-01
7.6573e-01
7.9026e-01
7.8704e-01
8.0319e-01
7.6410e-01
7.7834e-01
7.7431e-01
7.5375e-01
7.7133e-01
5.9655e-01
7.3901e-01
7.7004e-01
7.7029e-01
7.7264e-01
7.6594e-01
7.6070e-01
7.9090e-01
7.8770e-01
7.7074e-01
7.7448e-01
7.4931e-01
7.4044e-01
7.9442e-01
7.6892e-01
8.0125e-01
7.4441e-01
7.6738e-01
7.3608e-01
7.6191e-01
7.5911e-01
7.5799e-01
7.6073e-01
7.5962e-01
7.9351e-01
7.6282e-01
7.6930e-01
7.4216e-01
7.5221e-01
7.7307e-01
7.5220e-01
7.9545e-01
7.6741e-01
7.6268e-01
7.5133e-01
7.7222e-01
7.6138e-01
7.5986e-01
5.8127e-01
7.5351e-01
7.0997e-01
7.6969e-01
7.6748e-01
7.6071e-01
7.4527e-01
7.4392e-01
7.0612e-01
7.7022e-01
7.4144e-01
7.7631e-01
7.6107e-01
7.6519e-01
7.4398e-01
7.6584e-01
7.8412e-01
7.4270e-01
7.8887e-01
7.7688e-01
7.6205e-01
7.5379e-01
7.6633e-01
7.6486e-01
7.7290e-01
7.0332e-01
7.7530e-01
7.6306e-01
7.8928e-01
7.7972e-01
7.7097e-01
7.9816e-01
7.8370e-01
7.8118e-01
8.0063e-01
7.7729e-01
7.7766e-01
7.2334e-01
7.4206e-01
7.7374e-01
7.7578e-01
7.6101e-01
7.4794e-01
7.2352e-01
7.4804e-01
7.7138e-01
8.0887e-01
7.6780e-01
7.7859e-01
7.5907e-01
7.4227e-01
7.5774e-01
7.5350e-01
7.5847e-01
7.7438e-01
7.3917e-01
7.5241e-01
7.5363e-01
7.4139e-01
5.9453e-01
7.8454e-01
7.5894e-01
7.6822e-01
7.6707e-01
7.7363e-01
7.3302e-01
7.2993e-01
7.5188e-01
7.7295e-01
7.3236e-01
7.3950e-01
7.5211e-01
6.7345e-01
7.1253e-01
7.4971e-01
7.8481e-01
7.5623e-01
7.6543e-01
7.8025e-01
7.4236e-01
7.5655e-01
7.5674e-01
7.6859e-01
7.6860e-01
7.3469e-01
7.8049e-01
7.7653e-01
7.6400e-01
7.7264e-01
7.8105e-01
7.6034e-01
7.7867e-01
7.5361e-01
7.7375e-01
7.8537e-01
7.2941e-01
7.9411e-01
8.0576e-01
7.4186e-01
