8.5322e-01
8.5855e-01
8.5830e-01
8.7736e-01
8.6243e-01
8.5578e-01
8.6183e-01
8.5434e-01
8.5160e-01
8.6478e-01
8.6926e-01
8.6704e-01
8.6512e-01
8.4986e-01
8.4851e-01
8.4063e-01
8.6332e-01
8.8181e-01
8.5459e-01
8.3165e-01
8.5756e-01
8.6916e-01
8.5890e-01
8.6014e-01
8.6447e-01
8.5184e-01
8.5644e-01
8.6005e-01
8.5524e-01
8.4888e-01
8.5660e-01
8.5650e-01
8.6974e-01
8.5596e-01
8.6450e-01
8.5646e-01
8.6972e-01
8.6542e-01
7.0754e-01
8.6220e-01
8.8033e-01
8.5475e-01
8.5338e-01
8.5273e-01
8.6204e-01
8.6291e-01
8.7139e-01
8.5053e-01
8.4738e-01
8.5158e-01
8.6305e-01
8.7130e-01
8.6648e-01
8.6214e-01
8.5343e-01
8.6915e-01
8.5578e-01
8.4539e-01
8.6004e-01
8.6069e-01
8.5153e-01
8.4817e-01
8.5819e-01
8.5782e-01
8.7246e-01
8.5103e-01
8.5748e-01
7.3644e-01
8.5693e-01
8.6119e-01
8.5829e-01
8.0622e-01
8.4458e-01
8.4444e-01
8.7503e-01
8.5811e-01
8.4079e-01
8.6586e-01
8.5433e-01
8.5217e-01
8.6930e-01
8.8312e-01
7.4423e-01
7.9843e-01
8.5766e-01
8.6618e-01
8.4715e-01
8.5113e-01
8.6326e-01
7.8188e-01
8.6410e-01
8.6748e-01
8.5111e-01
8.7045e-01
8.5387e-01
8.5776e-01
8.6354e-01
8.6404e-01
8.5370e-01
8.5719e-01
8.8263e-01
8.5645e-01
8.6222e-01
8.4392e-01
8.5955e-01
8.6078e-01
8.4952e-01
8.5075e-01
8.5666e-01
8.6800e-01
8.5206e-01
8.6311e-01
8.5576e-01
8.5676e-01
7.6422e-01
8.7501e-01
8.7065e-01
8.4779e-01
8.5059e-01
8.5156e-01
8.5734e-01
8.1340e-01
8.6796e-01
8.5762e-01
8.5568e-01
8.5494e-01
8.6238e-01
8.7169e-01
8.5970e-01
8.5746e-01
8.5769e-01
8.7441e-01
8.6130e-01
8.6419e-01
8.4428e-01
8.5572e-01
8.5990e-01
8.6133e-01
8.6606e-01
8.5741e-01
8.6950e-01
8.5873e-01
8.5784e-01
8.5677e-01
8.6016e-01
8.6516e-01
8.6275e-01
8.5736e-01
8.5135e-01
8.5750e-01
7.3575e-01
8.6139e-01
8.5293e-01
8.6361e-01
8.5867e-01
8.6642e-01
8.5965e-01
8.6578e-01
7.3450e-01
8.5949e-01
8.5538e-01
8.6340e-01
6.8936e-01
8.5689e-01
8.5181e-01
8.6915e-01
8.4210e-01
8.5810e-01
8.5235e-01
8.7189e-01
8.6579e-01
8.5350e-01
8.5244e-01
8.4678e-01
8.5588e-01
8.4996e-01
8.7352e-01
8.4602e-01
7.2261e-01
8.6530e-01
8.5938e-01
8.7188e-01
8.7284e-01
8.3667e-01
8.6010e-01
8.5495e-01
8.4704e-01
8.5958e-01
8.6021e-01
8.7334e-01
8.5115e-01
8.6184e-01
8.6281e-01
8.6375e-01
8.4203e-01
8.6221e-01
8.6034e-01
8.6851e-01
8.7531e-01
8.6369e-01
8.5586e-01
8.7544e-01
8.6707e-01
8.6815e-01
8.7478e-01
8.3253e-01
8.6780e-01
8.5914e-01
8.6307e-01
8.5901e-01
8.7308e-01
7.2211e-01
8.5687e-01
6.7813e-01
8.5485e-01
8.5915e-01
7.4134e-01
8.6414e-01
8.7886e-01
8.6042e-01
8.7216e-01
8.6855e-01
8.5816e-01
8.6523e-01
8.6604e-01
8.4862e-01
8.6320e-01
8.6670e-01
8.6490e-01
8.5730e-01
8.6649e-01
8.7514e-01
8.3745e-01
8.4268e-01
8.5980e-01
8.4678e-01
8.6189e-01
8.6522e-01
8.6299e-01
8.6479e-01
8.3927e-01
7.0258e-01
8.5068e-01
8.6365e-01
8.5160e-01
8.5545e-01
8.6013e-01
8.6061e-01
8.3917e-01
8.3441e-01
8.5211e-01
8.6891e-01
8.5572e-01
8.4835e-01
8.4814e-01
8.7556e-01
8.5849e-01
8.5286e-01
8.6356e-01
8.5920e-01
8.4871e-01
8.5844e-01
8.8960e-01
8.5477e-01
8.5263e-01
8.6842e-01
8.5062e-01
8.6859e-01
8.1160e-01
8.6296e-01
8.6840e-01
8.5776e-01
8.6061e-01
8.6234e-01
8.6598e-01
8.7636e-01
8.4450e-01
8.7149e-01
8.4560e-01
8.5475e-01
8.5782e-01
8.4817e-01
8.6372e-01
8.5871e-01
8.6601e-01
8.4224e-01
8.6116e-01
8.4937e-01
8.6302e-01
8.5765e-01
8.6350e-01
8.7580e-01
8.4795e-01
8.6167e-01
8.5568e-01
8.4434e-01
8.6958e-01
8.3941e-01
8.5387e-01
8.5394e-01
8.5515e-01
8.6990e-01
8.5247e-01
8.6185e-01
8.5629e-01
8.5205e-01
8.5176e-01
8.5580e-01
8.5473e-01
8.4572e-01
7.2464e-01
8.4916e-01
8.7044e-01
8.5160e-01
8.5786e-01
8.5942e-01
8.5668e-01
8.7955e-01
8.6406e-01
8.6880e-01
8.6104e-01
8.4211e-01
8.7432e-01
8.5739e-01
8.5941e-01
8.6113e-01
8.6631e-01
6.5611e-01
8.4846e-01
8.6246e-01
7.2850e-01
8.5912e-01
8.7469e-01
8.6318e-01
8.4712e-01
8.6003e-01
8.5633e-01
8.5700e-01
8.6822e-01
8.4990e-01
8.5787e-01
8.6096e-01
8.1785e-01
8.4551e-01
8.6667e-01
8.4651e-01
8.5478e-01
8.5483e-01
8.6745e-01
8.4397e-01
8.4835e-01
8.6810e-01
8.5857e-01
8.4429e-01
8.6341e-01
8.7388e-01
8.4320e-01
8.6448e-01
8.6600e-01
8.4175e-01
8.5446e-01
8.6340e-01
8.6093e-01
8.5742e-01
8.5416e-01
8.3575e-01
7.6019e-01
8.4298e-01
8.5533e-01
8.6115e-01
8.4857e-01
8.6137e-01
8.6264e-01
8.5270e-01
8.6004e-01
8.7162e-01
8.5700e-01
6.6559e-01
8.5981e-01
8.5864e-01
8.5274e-01
8.5957e-01
8.7998e-01
7.1659e-01
8.6403e-01
8.5790e-01
8.6098e-01
8.6519e-01
8.5092e-01
8.6682e-01
8.6132e-01
8.4284e-01
8.5403e-01
7.2113e-01
8.7085e-01
8.5099e-01
8.4869e-01
8.6105e-01
8.4953e-01
8.4901e-01
8.5639e-01
8.5417e-01
8.4802e-01
8.4216e-01
7.5054e-01
8.5388e-01
8.5878e-01
8.5742e-01
8.7248e-01
8.7139e-01
8.6226e-01
8.5976e-01
8.6512e-01
8.6623e-01
8.5012e-01
8.6474e-01
8.5843e-01
8.4981e-01
8.6492e-01
8.5018e-01
8.5628e-01
8.7082e-01
8.5811e-01
8.6670e-01
8.6416e-01
8.5126e-01
8.5281e-01
8.6680e-01
8.5109e-01
8.6119e-01
8.6063e-01
8.5590e-01
8.6595e-01
8.6080e-01
8.4901e-01
8.6393e-01
8.5168e-01
8.6006e-01
8.6237e-01
8.5427e-01
8.6465e-01
8.6840e-01
8.5766e-01
8.6345e-01
8.6739e-01
8.7197e-01
8.5897e-01
8.6334e-01
8.5916e-01
8.7655e-01
8.4848e-01
8.4735e-01
8.4172e-01
7.3155e-01
8.6343e-01
8.5089e-01
8.5873e-01
8.5662e-01
8.4701e-01
8.4596e-01
8.7594e-01
8.6233e-01
8.6158e-01
8.4594e-01
7.0852e-01
8.5809e-01
8.5660e-01
8.6055e-01
8.7004e-01
8.5535e-01
8.6053e-01
8.6971e-01
8.5641e-01
8.4970e-01
8.6772e-01
8.6903e-01
8.5932e-01
8.2234e-01
8.5266e-01
8.6543e-01
8.6195e-01
8.8163e-01
8.6062e-01
8.6594e-01
8.5847e-01
8.6017e-01
8.5202e-01
8.5783e-01
8.6950e-01
7.3480e-01
8.4853e-01
8.5893e-01
8.5158e-01
8.8293e-01
8.7820e-01
8.6311e-01
8.3844e-01
8.6838e-01
8.7467e-01
8.5464e-01
8.5057e-01
8.4941e-01
8.4648e-01
8.5533e-01
8.3330e-01
8.6439e-01
8.5051e-01
8.6245e-01
8.6117e-01
8.6646e-01
8.0656e-01
8.6504e-01
8.6963e-01
8.6867e-01
8.5992e-01
8.5863e-01
8.5221e-01
8.6098e-01
8.6975e-01
7.2238e-01
8.6813e-01
8.7525e-01
8.6176e-01
8.5638e-01
7.7382e-01
8.5067e-01
8.5308e-01
8.5249e-01
8.6367e-01
8.6063e-01
8.6012e-01
7.4176e-01
8.5592e-01
8.6101e-01
8.5872e-01
8.4748e-01
8.5364e-01
8.6580e-01
8.6465e-01
8.6024e-01
8.6195e-01
8.5531e-01
8.6246e-01
8.6262e-01
8.5013e-01
8.5979e-01
8.3327e-01
8.6521e-01
8.4549e-01
8.6110e-01
8.5298e-01
8.5877e-01
8.5824e-01
8.6589e-01
8.6687e-01
8.6290e-01
8.6458e-01
8.6917e-01
8.5487e-01
8.5317e-01
8.6734e-01
8.5071e-01
8.6778e-01
8.4995e-01
8.7114e-01
8.6524e-01
8.5563e-01
8.5811e-01
8.7432e-01
8.4725e-01
8.5994e-01
8.6479e-01
8.7396e-01
8.6650e-01
8.5559e-01
7.2989e-01
8.6527e-01
8.6957e-01
8.5187e-01
8.5654e-01
8.7229e-01
8.5995e-01
8.5010e-01
8.7251e-01
8.6374e-01
8.5074e-01
8.8294e-01
8.4736e-01
8.5484e-01
8.6091e-01
8.5438e-01
8.3519e-01
8.4745e-01
8.5731e-01
8.7637e-01
7.1754e-01
8.6273e-01
8.5779e-01
8.6175e-01
8.5922e-01
8.4606e-01
8.5074e-01
8.5452e-01
8.7114e-01
8.4817e-01
8.6269e-01
8.7249e-01
8.7100e-01
8.6265e-01
8.4916e-01
8.6233e-01
8.5594e-01
8.6276e-01
8.6194e-01
8.7556e-01
8.6909e-01
8.5662e-01
8.6320e-01
8.6545e-01
8.6969e-01
8.5110e-01
8.5365e-01
8.6348e-01
8.4526e-01
8.3931e-01
8.7824e-01
8.4706e-01
8.5269e-01
8.5189e-01
8.5810e-01
8.6489e-01
8.6734e-01
8.5593e-01
8.6723e-01
8.7326e-01
8.6046e-01
8.3626e-01
8.5367e-01
8.5873e-01
8.5683e-01
8.7149e-01
8.6293e-01
8.8100e-01
8.7306e-01
8.6565e-01
8.5807e-01
7.1848e-01
8.5537e-01
8.5222e-01
8.7124e-01
8.5126e-01
8.6703e-01
8.6068e-01
8.4615e-01
8.6235e-01
8.5669e-01
8.6899e-01
8.6136e-01
8.5471e-01
8.6432e-01
8.5763e-01
8.6704e-01
8.4016e-01
8.4187e-01
8.8626e-01
8.5596e-01
8.3078e-01
8.2812e-01
8.5881e-01
8.6857e-01
8.4690e-01
8.5237e-01
8.4438e-01
8.6851e-01
8.5677e-01
8.6184e-01
7.8382e-01
8.7408e-01
8.6147e-01
8.6692e-01
8.5880e-01
7.4769e-01
8.5937e-01
8.4863e-01
8.6043e-01
8.6358e-01
8.6487e-01
8.7117e-01
8.7051e-01
8.5485e-01
8.6005e-01
8.6216e-01
8.6571e-01
8.4700e-01
8.6172e-01
8.5587e-01
8.5797e-01
8.5640e-01
8.5946e-01
8.7429e-01
8.5794e-01
8.6989e-01
8.4973e-01
8.5821e-01
7.5771e-01
8.4599e-01
8.4389e-01
8.2975e-01
8.6759e-01
8.6186e-01
8.9766e-01
8.4864e-01
8.6267e-01
8.5563e-01
8.6727e-01
8.5936e-01
8.5622e-01
8.3756e-01
8.5975e-01
8.4730e-01
8.6212e-01
8.6649e-01
8.5820e-01
8.6819e-01
9.2457e-01
8.4669e-01
8.8754e-01
8.5653e-01
8.5792e-01
8.4747e-01
8.6722e-01
8.5640e-01
8.6311e-01
8.6550e-01
8.6381e-01
8.1918e-01
7.2866e-01
8.6622e-01
8.6604e-01
8.5560e-01
8.6416e-01
8.6954e-01
8.5652e-01
8.4642e-01
8.6673e-01
8.7568e-01
8.6125e-01
8.7065e-01
8.4135e-01
8.4978e-01
8.6429e-01
8.5880e-01
8.4724e-01
8.5249e-01
8.5821e-01
8.5460e-01
8.5059e-01
8.5936e-01
8.7449e-01
8.6936e-01
8.6087e-01
8.5235e-01
8.4411e-01
8.6189e-01
8.5841e-01
8.6331e-01
8.3730e-01
8.5743e-01
8.5555e-01
8.5395e-01
8.6517e-01
8.5511e-01
8.4842e-01
8.5815e-01
8.5437e-01
8.4368e-01
8.5297e-01
8.5398e-01
8.5112e-01
8.5624e-01
8.4493e-01
8.5066e-01
8.5382e-01
8.4557e-01
7.7039e-01
8.5541e-01
8.7590e-01
8.6123e-01
8.4860e-01
8.5907e-01
8.5549e-01
8.7033e-01
8.6666e-01
8.5385e-01
8.6358e-01
8.5773e-01
8.6645e-01
8.6775e-01
8.6530e-01
8.3687e-01
8.5524e-01
8.4904e-01
8.6022e-01
9.1244e-01
8.7077e-01
8.5162e-01
8.4737e-01
8.7550e-01
8.6770e-01
8.4976e-01
8.5561e-01
8.6303e-01
8.5622e-01
8.7121e-01
8.6352e-01
8.5092e-01
8.7086e-01
8.6098e-01
8.5267e-01
8.6244e-01
8.3048e-01
8.6983e-01
8.5078e-01
8.5661e-01
8.6136e-01
7.9030e-01
8.5894e-01
8.7251e-01
8.5116e-01
8.6599e-01
8.5578e-01
8.5191e-01
8.6264e-01
8.5158e-01
8.6624e-01
8.5943e-01
7.4117e-01
8.5744e-01
8.4219e-01
8.6270e-01
8.5025e-01
8.6518e-01
8.5775e-01
8.4473e-01
8.6765e-01
8.5797e-01
8.6976e-01
8.6654e-01
8.6316e-01
8.6507e-01
8.4836e-01
8.5910e-01
8.6784e-01
8.5288e-01
8.6462e-01
8.7337e-01
8.6332e-01
8.6202e-01
8.6611e-01
8.5168e-01
8.6455e-01
8.6311e-01
8.6791e-01
8.6180e-01
7.9041e-01
8.5622e-01
8.5111e-01
8.5313e-01
8.5810e-01
8.6465e-01
8.8060e-01
8.1457e-01
8.4193e-01
8.5925e-01
8.4949e-01
8.8089e-01
8.6326e-01
8.4224e-01
8.4265e-01
8.5683e-01
8.6664e-01
8.6130e-01
8.5879e-01
8.4647e-01
8.5759e-01
8.6216e-01
8.6042e-01
8.5827e-01
8.7154e-01
8.5379e-01
8.5450e-01
8.4950e-01
8.4588e-01
8.6784e-01
8.5635e-01
8.5776e-01
8.5524e-01
8.5728e-01
8.6449e-01
8.6097e-01
8.6456e-01
8.5885e-01
8.6803e-01
8.7676e-01
8.5915e-01
8.6149e-01
8.7109e-01
8.6525e-01
8.5435e-01
8.4989e-01
8.5141e-01
7.0996e-01
7.9619e-01
8.7316e-01
8.7160e-01
8.6105e-01
8.4495e-01
8.4583e-01
8.5528e-01
8.6038e-01
8.6767e-01
8.2080e-01
8.6669e-01
8.6639e-01
8.5482e-01
8.6133e-01
8.6322e-01
8.5410e-01
8.6637e-01
8.6257e-01
8.5146e-01
8.7618e-01
6.7294e-01
8.6169e-01
8.5257e-01
8.3866e-01
8.7702e-01
8.4501e-01
8.6805e-01
8.6929e-01
8.4948e-01
8.6168e-01
8.2784e-01
8.7003e-01
8.4192e-01
6.9851e-01
8.5071e-01
8.5004e-01
8.4932e-01
8.3871e-01
8.6773e-01
8.3880e-01
8.7139e-01
8.5211e-01
8.5631e-01
8.4932e-01
8.5629e-01
8.5165e-01
8.6571e-01
8.6089e-01
8.8410e-01
8.7130e-01
8.6260e-01
8.3487e-01
8.6127e-01
8.7322e-01
8.6280e-01
8.6569e-01
8.4090e-01
8.6058e-01
8.6759e-01
8.5559e-01
8.5615e-01
8.5429e-01
8.6949e-01
8.6207e-01
8.5467e-01
8.6067e-01
8.7650e-01
8.7232e-01
8.2892e-01
8.2780e-01
8.5125e-01
8.5623e-01
8.5178e-01
8.5683e-01
8.5671e-01
8.7151e-01
8.6725e-01
8.7373e-01
8.5755e-01
8.6075e-01
8.6626e-01
8.7328e-01
8.5737e-01
8.5765e-01
8.5228e-01
8.7796e-01
8.3966e-01
8.6258e-01
