7.7778e-01
8.5839e-01
8.6166e-01
8.1593e-01
8.6447e-01
7.1159e-01
7.8104e-01
8.5939e-01
8.6439e-01
8.5196e-01
8.6247e-01
8.4161e-01
8.7618e-01
8.4954e-01
8.5771e-01
8.5864e-01
8.4932e-01
8.4248e-01
7.0923e-01
8.4871e-01
8.5405e-01
8.3881e-01
8.3229e-01
8.7084e-01
8.5893e-01
8.5874e-01
7.8700e-01
8.6043e-01
8.6766e-01
8.3830e-01
8.4291e-01
8.1996e-01
8.5833e-01
8.5451e-01
8.5576e-01
7.5060e-01
8.3157e-01
8.4488e-01
8.5785e-01
8.4853e-01
8.5270e-01
8.4342e-01
8.3593e-01
8.5704e-01
8.5196e-01
8.0922e-01
7.7443e-01
8.5834e-01
8.5422e-01
8.2222e-01
8.3476e-01
8.6030e-01
8.4069e-01
7.8849e-01
8.5184e-01
8.3679e-01
8.7157e-01
7.7424e-01
8.6371e-01
7.3305e-01
8.4644e-01
8.6472e-01
8.4492e-01
8.4716e-01
8.3894e-01
6.6589e-01
7.3661e-01
8.6062e-01
8.5535e-01
8.6450e-01
8.6457e-01
8.4226e-01
7.6364e-01
8.5446e-01
8.6514e-01
8.7699e-01
8.6005e-01
6.7827e-01
7.3512e-01
8.7831e-01
8.5217e-01
8.6409e-01
7.3597e-01
8.6994e-01
7.1865e-01
8.5581e-01
8.7028e-01
8.6176e-01
8.2819e-01
8.5846e-01
8.6765e-01
8.4071e-01
8.5470e-01
8.6520e-01
8.5455e-01
8.4726e-01
8.5267e-01
8.5327e-01
8.6276e-01
8.5310e-01
8.6970e-01
8.4461e-01
7.7310e-01
8.2619e-01
8.5521e-01
8.5863e-01
8.5236e-01
8.4879e-01
7.6407e-01
8.5866e-01
8.5430e-01
8.6190e-01
8.6137e-01
8.4459e-01
8.5415e-01
8.6157e-01
6.9474e-01
7.8618e-01
8.5615e-01
8.4045e-01
7.1659e-01
8.5519e-01
8.7789e-01
8.5650e-01
8.4524e-01
8.5223e-01
8.4997e-01
8.5729e-01
8.5780e-01
8.5170e-01
8.5155e-01
8.5976e-01
8.5262e-01
8.5532e-01
8.4979e-01
8.3262e-01
8.3523e-01
8.6146e-01
8.6192e-01
8.5229e-01
8.5592e-01
8.5358e-01
8.1047e-01
8.5570e-01
8.5702e-01
8.6063e-01
8.4270e-01
8.5660e-01
8.3032e-01
8.5991e-01
8.4512e-01
8.4499e-01
8.4581e-01
8.5844e-01
8.4910e-01
8.5202e-01
8.5244e-01
8.7626e-01
8.2648e-01
8.6150e-01
8.5907e-01
8.5721e-01
8.5592e-01
8.5613e-01
8.1372e-01
8.3290e-01
8.6317e-01
8.6050e-01
7.7551e-01
6.6291e-01
8.5616e-01
8.5892e-01
8.5795e-01
8.5827e-01
8.5872e-01
8.5212e-01
8.5107e-01
8.5907e-01
8.4791e-01
8.8075e-01
8.3042e-01
8.5966e-01
8.5505e-01
8.5865e-01
8.5783e-01
8.4598e-01
8.6453e-01
8.6859e-01
7.7650e-01
8.4810e-01
8.5079e-01
8.5629e-01
8.5318e-01
7.1656e-01
8.5009e-01
8.3617e-01
8.6508e-01
8.6801e-01
8.7263e-01
8.4874e-01
8.5236e-01
8.5085e-01
8.5178e-01
8.4834e-01
8.5212e-01
8.6229e-01
7.2590e-01
8.5014e-01
8.4996e-01
8.7128e-01
8.4955e-01
8.4259e-01
8.5242e-01
8.5265e-01
8.4955e-01
8.5203e-01
8.5973e-01
8.6199e-01
8.4208e-01
8.2608e-01
8.5143e-01
7.1375e-01
8.5325e-01
8.5759e-01
8.4589e-01
8.5033e-01
8.4967e-01
8.4220e-01
8.4180e-01
8.2764e-01
8.6062e-01
8.6732e-01
8.6701e-01
8.6078e-01
8.6177e-01
7.5096e-01
8.4834e-01
8.4860e-01
8.4420e-01
8.5104e-01
8.6362e-01
8.4159e-01
8.5372e-01
8.5468e-01
8.6584e-01
8.5646e-01
8.6964e-01
8.6146e-01
8.4543e-01
8.4161e-01
8.5228e-01
8.6486e-01
8.5030e-01
8.5815e-01
8.4331e-01
8.4286e-01
8.5380e-01
8.6420e-01
8.3526e-01
8.6019e-01
8.5315e-01
7.5616e-01
8.5661e-01
8.5881e-01
8.4390e-01
8.3996e-01
8.1437e-01
8.5158e-01
8.5392e-01
7.8028e-01
8.4379e-01
8.4982e-01
8.6560e-01
8.5087e-01
8.4650e-01
8.4685e-01
8.2327e-01
8.6149e-01
8.5290e-01
8.4416e-01
8.6394e-01
8.7031e-01
7.8931e-01
8.6032e-01
8.0949e-01
8.6343e-01
8.4928e-01
8.4902e-01
8.3605e-01
8.2881e-01
8.5788e-01
8.4542e-01
8.5300e-01
8.4859e-01
8.6477e-01
8.5363e-01
8.6205e-01
8.4259e-01
8.6956e-01
8.3166e-01
8.7626e-01
8.4040e-01
8.4796e-01
8.5793e-01
8.5227e-01
8.3734e-01
8.6099e-01
8.4950e-01
8.5846e-01
8.6197e-01
8.6705e-01
8.6051e-01
8.5350e-01
8.4700e-01
8.6026e-01
8.6304e-01
8.6889e-01
8.5737e-01
7.9614e-01
8.4722e-01
8.6119e-01
7.7784e-01
8.5618e-01
8.3998e-01
7.2711e-01
8.6720e-01
8.6381e-01
7.2998e-01
8.4325e-01
8.5611e-01
8.5208e-01
8.4798e-01
8.4297e-01
8.4658e-01
8.5811e-01
8.6645e-01
8.6109e-01
8.4195e-01
8.2210e-01
8.5166e-01
8.5320e-01
8.3849e-01
8.6210e-01
8.7643e-01
8.4021e-01
8.4092e-01
8.6483e-01
8.5758e-01
8.5287e-01
8.4456e-01
8.6136e-01
8.4335e-01
8.4200e-01
8.4660e-01
8.4915e-01
8.5301e-01
8.4876e-01
8.5924e-01
7.2727e-01
8.6492e-01
8.1680e-01
8.3796e-01
8.5048e-01
8.4018e-01
8.5307e-01
8.6367e-01
8.5365e-01
7.2563e-01
8.5425e-01
8.4418e-01
8.4422e-01
8.6202e-01
8.6059e-01
8.3832e-01
8.5592e-01
6.9653e-01
8.5346e-01
8.6755e-01
8.5517e-01
7.7677e-01
7.6177e-01
7.7237e-01
8.5972e-01
8.7068e-01
8.5570e-01
6.5697e-01
8.4941e-01
8.5965e-01
8.3981e-01
8.6424e-01
8.4940e-01
8.4814e-01
8.6059e-01
8.6374e-01
8.5358e-01
8.5507e-01
6.8643e-01
8.5034e-01
7.7894e-01
8.4862e-01
8.5349e-01
8.1197e-01
8.4462e-01
8.5750e-01
8.4046e-01
8.6422e-01
8.5451e-01
8.4312e-01
8.5233e-01
7.9898e-01
8.6030e-01
8.6103e-01
6.8192e-01
8.5111e-01
8.6148e-01
8.2850e-01
8.4399e-01
8.6415e-01
8.5561e-01
8.5078e-01
8.4498e-01
8.4895e-01
8.5415e-01
8.3442e-01
8.3571e-01
8.5394e-01
7.3251e-01
8.4569e-01
8.5635e-01
8.3368e-01
8.6638e-01
8.6213e-01
8.4469e-01
7.9263e-01
8.5786e-01
8.5583e-01
8.4074e-01
8.6669e-01
8.8288e-01
8.7173e-01
8.6663e-01
8.5797e-01
7.3853e-01
8.4216e-01
8.6078e-01
8.5888e-01
8.5733e-01
8.6431e-01
8.6151e-01
6.9791e-01
8.5741e-01
8.5797e-01
8.6528e-01
8.6622e-01
7.3384e-01
8.5356e-01
6.3372e-01
8.5888e-01
8.4973e-01
8.3599e-01
8.6817e-01
8.5984e-01
8.7497e-01
8.8061e-01
8.2288e-01
8.4583e-01
8.5970e-01
8.6353e-01
7.7981e-01
8.2913e-01
8.5978e-01
8.6821e-01
7.2721e-01
7.2321e-01
8.2740e-01
8.5522e-01
8.4974e-01
8.3664e-01
8.6243e-01
7.2185e-01
8.6517e-01
8.2475e-01
8.4396e-01
8.7904e-01
8.4977e-01
8.3534e-01
8.4209e-01
8.4457e-01
8.6440e-01
8.5477e-01
8.3604e-01
8.3909e-01
8.4427e-01
8.7536e-01
8.2266e-01
8.5406e-01
8.3815e-01
8.6238e-01
8.3473e-01
8.6864e-01
7.9729e-01
8.4550e-01
8.3400e-01
8.7411e-01
8.5357e-01
8.3622e-01
8.6005e-01
8.6347e-01
8.5214e-01
8.3914e-01
8.5822e-01
8.6450e-01
8.6140e-01
8.5962e-01
8.5326e-01
8.4798e-01
7.4173e-01
8.4720e-01
8.4323e-01
8.5040e-01
8.5107e-01
8.4803e-01
8.5256e-01
8.5468e-01
8.5207e-01
8.4756e-01
8.4939e-01
8.4337e-01
8.5776e-01
8.5855e-01
8.3936e-01
8.5762e-01
8.5656e-01
8.2491e-01
7.4875e-01
8.5962e-01
8.4349e-01
8.5756e-01
8.4956e-01
7.0529e-01
7.8137e-01
8.4242e-01
8.6628e-01
8.5721e-01
8.6471e-01
8.4357e-01
7.8605e-01
7.6466e-01
6.6843e-01
8.5875e-01
8.6306e-01
8.5927e-01
8.6718e-01
8.5725e-01
8.6588e-01
8.5208e-01
8.6384e-01
8.5922e-01
6.8561e-01
8.6994e-01
8.5097e-01
8.4802e-01
8.5365e-01
7.3336e-01
8.5578e-01
8.2428e-01
8.5601e-01
8.5003e-01
8.4925e-01
8.6488e-01
8.5042e-01
8.5387e-01
8.5158e-01
8.2297e-01
8.5130e-01
8.3814e-01
8.4552e-01
8.5863e-01
8.6381e-01
6.7804e-01
8.4732e-01
8.5261e-01
7.9110e-01
8.7343e-01
8.6443e-01
8.4954e-01
8.4439e-01
8.6104e-01
8.5501e-01
8.3661e-01
8.5927e-01
8.5464e-01
8.5114e-01
7.7056e-01
8.3129e-01
8.5336e-01
8.7280e-01
8.3022e-01
8.4422e-01
8.6414e-01
8.5584e-01
6.5997e-01
8.4016e-01
8.3635e-01
8.5093e-01
8.4799e-01
8.4563e-01
8.5784e-01
8.7035e-01
8.7603e-01
8.6743e-01
8.4752e-01
8.4518e-01
8.3791e-01
8.1679e-01
8.5639e-01
8.5178e-01
8.5077e-01
8.4021e-01
8.6305e-01
8.6084e-01
8.5268e-01
8.3545e-01
8.4974e-01
7.3313e-01
8.4866e-01
8.0450e-01
8.6093e-01
8.5262e-01
8.5444e-01
8.7718e-01
7.3743e-01
8.6046e-01
8.4756e-01
8.6251e-01
8.6044e-01
8.5300e-01
8.5922e-01
8.5685e-01
8.5297e-01
8.5496e-01
8.4638e-01
8.5174e-01
7.8223e-01
8.4478e-01
8.0958e-01
8.3724e-01
8.2174e-01
8.6504e-01
8.4155e-01
8.5558e-01
9.0579e-01
8.4213e-01
7.2645e-01
8.4624e-01
8.5765e-01
7.8013e-01
7.8966e-01
8.4065e-01
8.8271e-01
8.4509e-01
8.5518e-01
8.5705e-01
8.5483e-01
8.7445e-01
8.5239e-01
8.4857e-01
7.6452e-01
8.5605e-01
8.5823e-01
8.4070e-01
8.7103e-01
8.4050e-01
8.6670e-01
8.6261e-01
8.4537e-01
8.3985e-01
8.5556e-01
8.6250e-01
8.5260e-01
8.4977e-01
8.3094e-01
6.7072e-01
8.6954e-01
8.3765e-01
8.7113e-01
8.6985e-01
8.8163e-01
7.9279e-01
8.5505e-01
8.4670e-01
8.3708e-01
8.5546e-01
8.5137e-01
8.5109e-01
8.5900e-01
7.5015e-01
8.6350e-01
8.7443e-01
8.7367e-01
8.5063e-01
8.2993e-01
7.2551e-01
6.7196e-01
8.5229e-01
8.5755e-01
8.5990e-01
8.5747e-01
8.6050e-01
8.5369e-01
8.3785e-01
8.5999e-01
8.4975e-01
8.5864e-01
8.6483e-01
8.6423e-01
8.5958e-01
8.5519e-01
8.5437e-01
8.5599e-01
8.6918e-01
8.7065e-01
8.5265e-01
8.6104e-01
7.6875e-01
8.4686e-01
8.4979e-01
7.0296e-01
8.4458e-01
8.4304e-01
8.5808e-01
8.3613e-01
8.7290e-01
8.5953e-01
8.5363e-01
8.3971e-01
8.5606e-01
8.6551e-01
8.4893e-01
8.5712e-01
7.7581e-01
8.3792e-01
8.5872e-01
8.1402e-01
8.6437e-01
8.5643e-01
8.4088e-01
8.5350e-01
8.6328e-01
8.3831e-01
8.5420e-01
8.5405e-01
8.5232e-01
8.7951e-01
8.2119e-01
8.7120e-01
8.9844e-01
8.5946e-01
8.4630e-01
8.5987e-01
8.2795e-01
8.6824e-01
6.9240e-01
8.4192e-01
8.5591e-01
7.3431e-01
8.5581e-01
8.3689e-01
8.3435e-01
8.6153e-01
7.1896e-01
8.5625e-01
8.4611e-01
8.5398e-01
8.3412e-01
8.4082e-01
8.5285e-01
8.2939e-01
8.5485e-01
7.0187e-01
8.5933e-01
8.6288e-01
8.5402e-01
8.7354e-01
8.4719e-01
8.4459e-01
8.4359e-01
8.5877e-01
7.7064e-01
8.4807e-01
8.6960e-01
8.6575e-01
8.5892e-01
8.4783e-01
8.4917e-01
8.6969e-01
6.6492e-01
8.5936e-01
8.5033e-01
8.3340e-01
8.5297e-01
8.4592e-01
8.5720e-01
7.4177e-01
8.5484e-01
8.4471e-01
8.6210e-01
8.4514e-01
8.3569e-01
8.4873e-01
7.8582e-01
8.5390e-01
8.6920e-01
8.6372e-01
7.9471e-01
8.6178e-01
8.5666e-01
8.4673e-01
8.4974e-01
8.3666e-01
8.6974e-01
8.5676e-01
8.4882e-01
8.5748e-01
8.6770e-01
8.7619e-01
7.3903e-01
8.6579e-01
8.6337e-01
8.3894e-01
7.4019e-01
8.6704e-01
8.4946e-01
8.6264e-01
8.5262e-01
8.5287e-01
8.5255e-01
8.6224e-01
8.7266e-01
8.6408e-01
8.5527e-01
8.4629e-01
8.4928e-01
8.5547e-01
8.5765e-01
8.6061e-01
8.3984e-01
8.3796e-01
8.4030e-01
8.5207e-01
8.2417e-01
8.5594e-01
8.6437e-01
8.4273e-01
8.5195e-01
8.7391e-01
8.9171e-01
8.7496e-01
8.6049e-01
8.5576e-01
8.4571e-01
8.5651e-01
8.5375e-01
8.6178e-01
8.5247e-01
7.2405e-01
8.3598e-01
8.1422e-01
8.5128e-01
8.5254e-01
8.6334e-01
8.6427e-01
8.3548e-01
8.5156e-01
8.7424e-01
6.7468e-01
8.5493e-01
7.2459e-01
8.4608e-01
8.5194e-01
8.4917e-01
8.4511e-01
8.5162e-01
8.6247e-01
8.3405e-01
8.5099e-01
8.6449e-01
8.5638e-01
6.7502e-01
8.5626e-01
8.6198e-01
8.5754e-01
8.6655e-01
8.5296e-01
8.4700e-01
8.5769e-01
7.7027e-01
7.8927e-01
8.5296e-01
8.5187e-01
8.4810e-01
8.6963e-01
8.0930e-01
8.6419e-01
8.5288e-01
8.4757e-01
8.5942e-01
8.5153e-01
7.6986e-01
8.0850e-01
8.5728e-01
7.1515e-01
7.7536e-01
8.5984e-01
8.6089e-01
8.7488e-01
8.4786e-01
8.6232e-01
8.5199e-01
8.4828e-01
8.6596e-01
8.7936e-01
8.4753e-01
8.2228e-01
8.5847e-01
8.3685e-01
8.6090e-01
8.5518e-01
8.4704e-01
8.5896e-01
8.6733e-01
8.4262e-01
8.5172e-01
7.8396e-01
8.5846e-01
8.5609e-01
8.1113e-01
8.6565e-01
8.5352e-01
8.5465e-01
8.4041e-01
8.7126e-01
8.2585e-01
8.3813e-01
8.4974e-01
8.4770e-01
8.4897e-01
8.6849e-01
8.4652e-01
8.6546e-01
8.5285e-01
8.5546e-01
8.6190e-01
8.6065e-01
7.3275e-01
8.7116e-01
8.4531e-01
8.6212e-01
8.5378e-01
8.4576e-01
8.5923e-01
8.5283e-01
8.3864e-01
8.2125e-01
8.5735e-01
8.4702e-01
6.5376e-01
6.9524e-01
8.5876e-01
8.3950e-01
8.4634e-01
8.4131e-01
8.6228e-01
8.6268e-01
8.6197e-01
8.2190e-01
7.9621e-01
8.3237e-01
8.5370e-01
8.1196e-01
6.6244e-01
8.4227e-01
8.4852e-01
8.5878e-01
8.4229e-01
8.6559e-01
8.4754e-01
8.5660e-01
8.6060e-01
7.7410e-01
8.5271e-01
8.4162e-01
8.4827e-01
8.5221e-01
7.7710e-01
8.5131e-01
8.4990e-01
8.6414e-01
7.5103e-01
8.6151e-01
