7.6393e-01
7.5707e-01
7.7205e-01
7.6278e-01
7.6356e-01
7.9041e-01
7.7128e-01
7.6823e-01
7.5098e-01
7.5170e-01
7.5443e-01
7.8421e-01
7.7545e-01
7.6438e-01
7.9366e-01
7.9504e-01
7.5869e-01
7.8363e-01
7.4541e-01
7.9186e-01
7.9725e-01
7.8919e-01
7.6465e-01
7.7955e-01
7.6825e-01
7.7599e-01
7.6330e-01
7.6386e-01
7.7453e-01
7.6874e-01
7.9869e-01
8.0157e-01
7.7008e-01
7.5268e-01
7.5834e-01
7.6460e-01
7.7618e-01
7.3589e-01
7.4673e-01
7.4204e-01
7.8736e-01
7.9040e-01
5.9995e-01
7.4905e-01
7.4422e-01
7.6982e-01
7.3997e-01
7.9569e-01
7.4261e-01
7.5242e-01
7.6899e-01
7.7644e-01
7.7876e-01
7.7993e-01
7.6023e-01
7.9664e-01
7.5939e-01
7.6284e-01
7.4027e-01
7.6441e-01
7.6128e-01
7.7174e-01
7.6811e-01
7.9542e-01
7.3660e-01
7.7245e-01
7.8565e-01
7.6190e-01
7.4259e-01
8.0936e-01
7.6061e-01
7.7897e-01
7.7565e-01
7.8193e-01
7.7009e-01
7.7064e-01
7.4434e-01
7.3289e-01
7.7409e-01
7.7988e-01
7.9199e-01
7.8546e-01
7.6943e-01
7.6589e-01
7.6685e-01
7.4685e-01
7.5203e-01
7.7273e-01
9.0000e-01
7.6112e-01
7.8176e-01
7.7152e-01
7.5657e-01
7.8229e-01
7.4156e-01
7.7555e-01
7.8329e-01
7.7641e-01
7.8006e-01
7.5320e-01
8.0338e-01
7.3504e-01
7.6469e-01
7.5894e-01
7.7721e-01
7.6058e-01
7.6069e-01
7.6171e-01
7.4357e-01
7.6557e-01
7.3903e-01
7.7629e-01
7.6820e-01
7.6866e-01
7.4518e-01
7.6008e-01
7.8307e-01
8.1015e-01
7.5599e-01
7.5118e-01
7.6866e-01
7.7138e-01
7.8123e-01
7.7694e-01
6.3396e-01
7.7288e-01
7.7043e-01
7.6618e-01
7.7452e-01
7.5739e-01
7.4401e-01
7.8744e-01
7.8220e-01
7.6430e-01
7.9279e-01
7.7284e-01
7.7798e-01
7.6438e-01
7.8904e-01
7.7422e-01
7.8458e-01
7.5430e-01
7.8776e-01
7.5529e-01
7.6163e-01
7.6917e-01
7.8395e-01
7.6809e-01
7.7671e-01
6.0348e-01
7.6829e-01
7.9303e-01
7.5442e-01
7.8108e-01
7.6940e-01
5.9810e-01
7.6335e-01
7.3334e-01
7.6438e-01
7.9698e-01
7.5564e-01
7.7661e-01
7.4989e-01
7.8413e-01
7.8484e-01
7.5715e-01
7.8316e-01
7.5511e-01
7.4236e-01
7.5384e-01
7.8186e-01
7.6857e-01
7.5911e-01
7.5936e-01
7.8499e-01
7.7518e-01
7.4527e-01
7.5128e-01
7.6199e-01
7.6846e-01
7.5736e-01
7.7074e-01
7.4441e-01
7.9266e-01
7.4477e-01
7.9346e-01
7.5915e-01
7.7115e-01
7.8708e-01
7.6680e-01
7.7569e-01
7.5943e-01
7.8780e-01
7.5265e-01
7.3962e-01
7.9520e-01
7.4471e-01
7.7631e-01
7.5741e-01
7.6945e-01
7.7335e-01
7.5074e-01
7.5841e-01
7.7334e-01
7.8367e-01
7.7004e-01
7.5260e-01
7.5773e-01
7.7403e-01
7.8830e-01
7.5011e-01
7.9144e-01
7.7796e-01
7.7778e-01
7.4007e-01
7.8799e-01
7.7378e-01
7.5805e-01
7.5669e-01
7.6492e-01
7.4436e-01
7.6611e-01
7.6441e-01
7.4327e-01
7.5528e-01
7.5040e-01
7.4950e-01
7.5160e-01
7.4707e-01
7.8045e-01
7.6201e-01
8.0162e-01
7.5138e-01
7.8688e-01
7.8959e-01
7.6970e-01
7.8021e-01
7.8334e-01
7.6148e-01
7.3564e-01
7.5875e-01
7.7011e-01
7.8273e-01
7.7136e-01
7.8715e-01
7.6478e-01
7.4193e-01
7.7309e-01
7.8235e-01
7.1720e-01
8.0134e-01
7.6853e-01
7.5674e-01
7.5605e-01
7.7699e-01
7.7680e-01
7.3005e-01
7.8741e-01
7.9224e-01
7.6489e-01
7.8586e-01
7.9221e-01
7.7367e-01
7.8599e-01
7.4511e-01
8.0011e-01
7.5595e-01
8.0493e-01
7.8126e-01
7.7202e-01
7.6602e-01
7.4802e-01
7.6446e-01
7.4581e-01
7.7853e-01
7.8196e-01
7.5875e-01
7.7934e-01
7.7694e-01
7.7397e-01
7.9032e-01
7.6855e-01
7.7856e-01
6.1548e-01
7.7678e-01
7.4305e-01
7.8112e-01
7.6821e-01
7.5933e-01
7.8200e-01
8.0157e-01
7.7502e-01
7.7053e-01
7.5849e-01
7.3681e-01
7.8506e-01
7.8623e-01
9.0000e-01
7.9178e-01
7.8646e-01
7.6424e-01
8.0228e-01
7.8578e-01
7.7119e-01
7.5825e-01
7.6296e-01
7.9129e-01
7.6106e-01
7.5497e-01
7.9756e-01
7.7091e-01
7.7866e-01
7.9127e-01
6.0879e-01
8.0692e-01
7.7428e-01
7.6339e-01
7.7231e-01
7.7001e-01
7.4965e-01
7.7328e-01
7.5757e-01
7.6545e-01
8.0375e-01
7.7262e-01
7.6528e-01
7.7471e-01
7.7260e-01
7.7145e-01
7.7386e-01
7.3692e-01
7.9091e-01
7.5927e-01
6.4223e-01
7.4410e-01
7.5965e-01
7.8512e-01
7.4342e-01
7.5530e-01
7.7109e-01
7.9728e-01
7.5229e-01
7.2600e-01
7.8012e-01
7.5671e-01
7.6242e-01
7.6231e-01
7.5669e-01
7.7555e-01
7.8946e-01
7.8244e-01
7.3981e-01
7.6935e-01
7.6725e-01
7.7188e-01
7.6550e-01
7.7446e-01
7.6803e-01
7.5023e-01
7.5081e-01
7.6589e-01
7.5572e-01
7.5102e-01
7.6498e-01
7.6757e-01
7.7547e-01
7.6279e-01
7.5895e-01
7.8259e-01
7.5308e-01
7.6920e-01
7.6336e-01
7.6941e-01
7.6436e-01
7.5104e-01
7.6207e-01
7.8267e-01
7.7147e-01
7.5052e-01
7.4407e-01
7.8040e-01
7.4840e-01
7.8374e-01
7.5695e-01
7.7063e-01
7.6290e-01
7.7015e-01
7.8923e-01
7.5691e-01
7.9638e-01
7.4964e-01
7.9443e-01
7.7273e-01
7.7540e-01
7.5931e-01
7.7333e-01
7.7440e-01
6.1287e-01
7.3021e-01
7.6535e-01
7.7342e-01
7.8984e-01
7.9914e-01
7.5976e-01
7.7318e-01
7.6857e-01
7.5471e-01
7.8046e-01
7.7801e-01
7.5738e-01
7.4801e-01
7.4526e-01
7.6949e-01
7.8056e-01
7.6962e-01
7.5595e-01
7.7497e-01
7.5892e-01
7.7525e-01
7.8421e-01
7.4736e-01
7.7469e-01
7.7275e-01
7.6496e-01
7.6601e-01
7.5135e-01
7.7786e-01
7.6625e-01
7.7935e-01
7.3924e-01
7.8462e-01
7.4699e-01
7.8038e-01
7.5766e-01
8.0499e-01
7.6464e-01
7.5674e-01
7.6355e-01
7.5805e-01
7.7480e-01
7.5969e-01
7.7288e-01
7.6838e-01
7.6085e-01
7.6935e-01
7.7918e-01
7.5776e-01
7.7978e-01
7.6293e-01
7.6800e-01
7.9685e-01
7.5330e-01
7.6714e-01
7.6966e-01
7.6243e-01
7.3685e-01
7.6831e-01
7.6618e-01
7.4223e-01
7.7527e-01
7.6365e-01
7.6196e-01
7.5125e-01
7.5358e-01
7.5469e-01
6.1496e-01
7.7192e-01
7.6124e-01
7.6505e-01
7.6835e-01
7.9075e-01
7.6922e-01
6.5105e-01
7.7483e-01
7.6203e-01
7.5918e-01
7.7606e-01
7.7532e-01
7.5550e-01
6.9963e-01
7.5461e-01
7.7157e-01
7.5551e-01
7.6624e-01
7.4931e-01
7.7444e-01
7.4664e-01
7.5529e-01
7.6550e-01
7.6898e-01
7.6836e-01
7.7421e-01
7.7250e-01
7.6148e-01
7.6983e-01
7.5252e-01
7.7231e-01
7.8819e-01
7.8081e-01
7.6602e-01
7.7288e-01
7.9872e-01
7.6180e-01
7.7461e-01
7.8794e-01
7.5250e-01
7.4832e-01
7.7941e-01
7.3460e-01
7.8833e-01
7.7123e-01
7.8967e-01
7.5774e-01
7.8510e-01
7.5875e-01
7.6696e-01
7.8514e-01
7.5557e-01
7.4846e-01
7.9107e-01
7.6967e-01
7.9188e-01
7.6553e-01
7.6120e-01
7.9088e-01
7.8163e-01
7.5803e-01
7.6842e-01
7.5959e-01
8.0057e-01
7.4551e-01
7.7931e-01
7.6594e-01
7.8616e-01
7.6078e-01
7.6079e-01
7.8965e-01
7.6765e-01
7.6146e-01
8.0323e-01
7.8663e-01
7.6437e-01
7.7673e-01
6.5425e-01
7.6503e-01
7.7760e-01
7.5968e-01
7.9081e-01
7.6375e-01
7.7082e-01
7.6955e-01
7.4904e-01
7.8446e-01
7.5443e-01
7.6835e-01
7.4854e-01
7.7052e-01
7.7144e-01
5.8848e-01
7.7389e-01
7.6905e-01
7.5220e-01
7.7933e-01
7.6994e-01
7.5456e-01
7.8308e-01
7.5346e-01
7.5496e-01
7.7053e-01
7.6694e-01
7.9818e-01
7.7042e-01
7.6351e-01
7.5766e-01
7.8175e-01
7.6529e-01
7.7363e-01
7.8686e-01
7.6388e-01
6.3979e-01
7.7019e-01
7.6368e-01
7.6666e-01
7.8632e-01
7.6919e-01
7.6574e-01
7.4863e-01
7.4379e-01
7.4998e-01
7.7544e-01
7.8569e-01
7.7893e-01
7.5413e-01
6.3408e-01
7.9352e-01
7.6168e-01
7.7065e-01
7.6830e-01
7.7577e-01
7.7198e-01
8.0059e-01
7.8069e-01
7.6885e-01
7.5215e-01
7.8029e-01
7.9108e-01
7.4244e-01
7.7374e-01
7.6572e-01
7.6777e-01
7.6486e-01
7.9680e-01
7.4613e-01
7.6693e-01
7.6715e-01
7.8329e-01
7.5174e-01
7.7687e-01
7.5560e-01
7.8562e-01
7.5177e-01
7.8786e-01
7.4202e-01
7.8954e-01
7.3765e-01
7.8020e-01
7.6846e-01
7.4249e-01
7.7155e-01
7.3665e-01
7.7176e-01
7.7120e-01
7.7538e-01
7.7176e-01
7.6342e-01
7.7807e-01
7.5914e-01
7.6360e-01
7.6749e-01
7.9036e-01
7.7358e-01
7.7145e-01
7.6298e-01
7.6485e-01
7.5392e-01
7.7695e-01
7.8008e-01
7.2766e-01
7.6733e-01
7.6709e-01
7.9932e-01
7.3846e-01
7.5046e-01
7.5685e-01
7.6689e-01
7.6918e-01
7.5542e-01
7.7397e-01
7.5441e-01
7.7056e-01
7.8480e-01
7.3803e-01
7.8864e-01
7.7252e-01
7.7013e-01
7.3695e-01
7.5716e-01
7.9811e-01
7.9667e-01
7.6507e-01
7.5897e-01
7.8985e-01
7.4673e-01
7.5819e-01
7.6648e-01
7.8263e-01
7.9095e-01
7.3511e-01
7.7724e-01
7.9613e-01
7.5249e-01
7.5540e-01
7.9461e-01
7.4514e-01
7.7309e-01
7.6816e-01
7.5518e-01
7.5807e-01
7.6029e-01
7.5842e-01
7.8506e-01
7.6372e-01
7.7195e-01
7.6362e-01
7.8441e-01
7.5695e-01
8.0120e-01
7.9458e-01
7.6308e-01
7.4744e-01
7.5628e-01
7.6592e-01
7.5930e-01
7.8467e-01
7.6650e-01
7.5780e-01
7.8200e-01
7.5694e-01
7.9543e-01
7.4753e-01
7.6818e-01
7.5154e-01
7.3534e-01
7.4124e-01
7.6556e-01
7.7825e-01
7.8504e-01
7.8803e-01
7.6109e-01
7.7328e-01
7.5007e-01
7.6268e-01
7.6192e-01
7.6981e-01
7.7861e-01
7.6729e-01
7.8113e-01
7.7102e-01
7.8586e-01
7.7373e-01
7.1644e-01
7.7834e-01
7.8020e-01
7.8112e-01
7.7093e-01
7.7829e-01
7.8883e-01
7.5930e-01
7.8054e-01
7.9086e-01
7.6515e-01
8.0900e-01
7.4704e-01
7.5910e-01
7.6772e-01
7.4630e-01
7.4935e-01
7.7727e-01
7.7851e-01
7.5296e-01
7.5490e-01
7.7829e-01
7.7871e-01
6.0385e-01
7.4621e-01
7.7465e-01
7.8157e-01
7.7185e-01
7.6426e-01
7.7052e-01
7.5924e-01
7.9518e-01
7.8043e-01
7.6453e-01
7.6578e-01
7.6022e-01
7.7623e-01
7.4904e-01
7.7038e-01
7.6790e-01
7.6958e-01
7.7518e-01
8.0543e-01
7.5247e-01
7.5215e-01
7.7376e-01
7.7629e-01
7.4869e-01
7.6134e-01
7.9896e-01
7.8605e-01
7.5655e-01
7.7270e-01
7.4100e-01
7.7295e-01
7.9963e-01
7.6983e-01
7.7296e-01
7.7832e-01
7.6100e-01
7.2183e-01
7.7080e-01
7.6976e-01
7.5250e-01
7.5467e-01
7.4300e-01
7.7455e-01
7.9136e-01
7.7720e-01
7.6411e-01
7.3475e-01
7.4838e-01
7.7159e-01
7.7797e-01
7.4599e-01
7.6737e-01
7.5201e-01
7.9266e-01
7.8926e-01
7.7411e-01
7.6525e-01
8.0358e-01
7.6150e-01
8.0992e-01
7.6234e-01
7.4042e-01
7.9125e-01
7.6013e-01
7.7642e-01
7.5684e-01
7.5410e-01
6.5095e-01
7.7266e-01
7.9183e-01
7.6367e-01
7.7096e-01
7.9328e-01
7.5432e-01
6.4477e-01
7.5445e-01
7.7599e-01
7.8282e-01
7.6353e-01
7.6267e-01
7.7428e-01
7.5984e-01
7.8765e-01
7.7446e-01
7.5205e-01
7.4877e-01
7.2554e-01
7.7118e-01
7.6772e-01
7.8743e-01
7.5212e-01
7.8029e-01
7.5865e-01
7.6977e-01
7.9622e-01
7.5855e-01
6.9957e-01
7.6822e-01
7.6138e-01
7.4640e-01
7.6770e-01
7.7519e-01
7.7238e-01
7.7788e-01
7.4085e-01
7.4751e-01
7.6415e-01
7.6286e-01
7.7688e-01
7.6045e-01
7.3021e-01
7.6202e-01
7.7870e-01
7.5835e-01
7.4512e-01
7.9621e-01
7.5749e-01
7.7623e-01
7.6680e-01
7.7179e-01
7.6723e-01
7.6058e-01
7.8034e-01
7.6296e-01
7.5640e-01
7.6027e-01
7.6399e-01
7.6260e-01
7.7305e-01
7.6709e-01
7.7988e-01
7.3789e-01
7.7232e-01
7.8426e-01
7.5947e-01
7.5826e-01
7.6459e-01
7.5424e-01
7.7931e-01
7.4732e-01
7.6265e-01
7.3098e-01
7.5248e-01
7.9544e-01
7.6103e-01
7.8145e-01
7.6287e-01
7.9220e-01
7.6966e-01
7.6459e-01
7.5547e-01
7.5382e-01
7.6676e-01
7.7775e-01
7.6922e-01
7.3810e-01
7.6882e-01
7.7732e-01
7.8112e-01
7.6848e-01
7.9589e-01
7.6941e-01
7.7890e-01
7.8712e-01
7.7209e-01
7.4397e-01
7.6846e-01
7.8746e-01
7.6873e-01
7.7088e-01
7.5586e-01
7.7032e-01
7.7220e-01
7.6356e-01
7.6534e-01
7.5017e-01
7.7110e-01
7.8964e-01
7.8751e-01
7.8429e-01
7.7358e-01
7.5733e-01
7.8349e-01
7.7177e-01
7.7309e-01
7.8378e-01
7.6310e-01
7.7888e-01
7.5658e-01
7.7110e-01
7.8714e-01
7.7721e-01
7.6198e-01
7.5475e-01
7.6194e-01
7.6252e-01
7.6605e-01
7.6361e-01
7.6062e-01
7.4705e-01
7.6925e-01
7.8996e-01
7.7089e-01
8.0774e-01
7.5758e-01
7.8092e-01
7.8395e-01
7.4988e-01
7.6944e-01
7.8164e-01
7.7423e-01
7.6714e-01
7.7039e-01
7.8699e-01
7.6922e-01
7.8040e-01
7.7821e-01
7.6261e-01
7.5966e-01
7.5911e-01
7.7766e-01
7.6063e-01
7.6432e-01
6.1421e-01
7.7503e-01
7.9032e-01
7.8107e-01
7.7358e-01
7.8026e-01
7.6456e-01
7.5199e-01
7.5581e-01
7.9106e-01
7.6759e-01
7.6962e-01
7.7402e-01
7.5047e-01
7.6073e-01
7.5851e-01
7.7594e-01
7.4835e-01
7.5629e-01
7.7629e-01
7.6983e-01
7.4535e-01
7.8676e-01
