6.9414e-01
6.9155e-01
6.9759e-01
6.9553e-01
6.9193e-01
7.0084e-01
6.9295e-01
6.9489e-01
6.9795e-01
6.6766e-01
6.9501e-01
6.9511e-01
6.8975e-01
7.0057e-01
6.9596e-01
6.9509e-01
6.9620e-01
6.9599e-01
6.9512e-01
6.9532e-01
6.8445e-01
6.9938e-01
6.9771e-01
6.9527e-01
6.8840e-01
6.9703e-01
6.9337e-01
6.9413e-01
6.9639e-01
6.9158e-01
6.9297e-01
6.5993e-01
6.9155e-01
6.9008e-01
6.9000e-01
6.9692e-01
6.9043e-01
6.9179e-01
6.9368e-01
6.9104e-01
6.9586e-01
6.8624e-01
6.9499e-01
6.9401e-01
6.5946e-01
6.9257e-01
6.9317e-01
6.8790e-01
6.9081e-01
6.9277e-01
6.8733e-01
6.9150e-01
6.8666e-01
6.8729e-01
6.9351e-01
6.9175e-01
6.8707e-01
6.9606e-01
6.9057e-01
6.8926e-01
6.9449e-01
6.9016e-01
6.8989e-01
6.8653e-01
6.8937e-01
6.9132e-01
6.9750e-01
6.9307e-01
6.9674e-01
6.8173e-01
6.8911e-01
6.9556e-01
6.9349e-01
6.9414e-01
6.9360e-01
6.9239e-01
6.9279e-01
6.9739e-01
6.9558e-01
6.8742e-01
6.9134e-01
6.9680e-01
6.9516e-01
6.8566e-01
6.8890e-01
6.7481e-01
6.9090e-01
6.9791e-01
6.9472e-01
6.9484e-01
6.9117e-01
6.9293e-01
6.9990e-01
6.9339e-01
6.9477e-01
6.8772e-01
6.9083e-01
6.9256e-01
6.8460e-01
7.0026e-01
6.9664e-01
6.9454e-01
6.8881e-01
6.9497e-01
6.9339e-01
6.8856e-01
6.9259e-01
6.9231e-01
6.9274e-01
6.9797e-01
6.9075e-01
7.0054e-01
6.8914e-01
6.8711e-01
6.9418e-01
6.9147e-01
6.9575e-01
6.9504e-01
6.9074e-01
6.8994e-01
6.9475e-01
6.9290e-01
6.9889e-01
6.8837e-01
6.8614e-01
6.8773e-01
6.9615e-01
6.9881e-01
6.9561e-01
6.9145e-01
6.9284e-01
6.9790e-01
6.9424e-01
6.9916e-01
6.9555e-01
6.9090e-01
6.9332e-01
6.9464e-01
6.8992e-01
6.8748e-01
6.8977e-01
6.9535e-01
6.9803e-01
6.9507e-01
6.8850e-01
6.8912e-01
6.9730e-01
7.0058e-01
6.9877e-01
6.9116e-01
6.9788e-01
6.9924e-01
6.9179e-01
6.9878e-01
6.9149e-01
6.9357e-01
6.9423e-01
6.9593e-01
6.9334e-01
6.9408e-01
6.9725e-01
6.9527e-01
6.8678e-01
6.9538e-01
6.9545e-01
6.9330e-01
6.9734e-01
6.9349e-01
6.9570e-01
6.9596e-01
6.9242e-01
6.9379e-01
6.9070e-01
6.9465e-01
6.9594e-01
6.9172e-01
6.8670e-01
6.9467e-01
6.9314e-01
6.9709e-01
6.9151e-01
6.9465e-01
6.9292e-01
6.9213e-01
6.9158e-01
6.9696e-01
6.8716e-01
6.9042e-01
6.9273e-01
6.9690e-01
6.9837e-01
6.8923e-01
6.8899e-01
6.8837e-01
6.9526e-01
6.8872e-01
6.9099e-01
6.9266e-01
6.9240e-01
6.9458e-01
6.9371e-01
6.9166e-01
6.8975e-01
6.9050e-01
6.9419e-01
6.7793e-01
6.9694e-01
6.9538e-01
6.9128e-01
6.9255e-01
6.9510e-01
6.9801e-01
6.9360e-01
6.9471e-01
6.9474e-01
6.8975e-01
6.9284e-01
6.9731e-01
6.9431e-01
6.9416e-01
6.8970e-01
6.8946e-01
6.8974e-01
6.9813e-01
6.9609e-01
6.9584e-01
6.8920e-01
6.9039e-01
6.9167e-01
6.8809e-01
6.9371e-01
6.9798e-01
6.9255e-01
7.0094e-01
6.9434e-01
6.9271e-01
6.8900e-01
6.4243e-01
6.7701e-01
6.9753e-01
6.9302e-01
6.8190e-01
6.9903e-01
6.8999e-01
6.9579e-01
6.9272e-01
6.9011e-01
6.9219e-01
6.9107e-01
6.9301e-01
6.9812e-01
6.9647e-01
6.9733e-01
6.9661e-01
6.8697e-01
6.9705e-01
6.9228e-01
6.9230e-01
6.8504e-01
6.9340e-01
6.8760e-01
6.9362e-01
6.9547e-01
6.9470e-01
6.9784e-01
6.9274e-01
6.9376e-01
6.9975e-01
6.9906e-01
6.9356e-01
6.8637e-01
6.6241e-01
6.8953e-01
6.9447e-01
6.9447e-01
6.8636e-01
6.8809e-01
6.8596e-01
6.8847e-01
6.9103e-01
6.9717e-01
6.8690e-01
6.9719e-01
6.9410e-01
6.9670e-01
6.9209e-01
6.9716e-01
6.9534e-01
6.9569e-01
6.9764e-01
6.9623e-01
6.9057e-01
6.9524e-01
6.9305e-01
6.7234e-01
6.8371e-01
6.9745e-01
6.8917e-01
6.9267e-01
6.9672e-01
6.9273e-01
6.9047e-01
6.8952e-01
6.9020e-01
6.9001e-01
6.9026e-01
6.9042e-01
6.8938e-01
6.9345e-01
6.9203e-01
6.9410e-01
6.9194e-01
6.9107e-01
6.8694e-01
6.8979e-01
6.9088e-01
6.9981e-01
6.9364e-01
6.9093e-01
6.9308e-01
6.9226e-01
6.9042e-01
6.9357e-01
6.8802e-01
6.9522e-01
6.9297e-01
6.6547e-01
6.9181e-01
6.8803e-01
6.9467e-01
6.9220e-01
6.9034e-01
6.8591e-01
6.9162e-01
6.9020e-01
7.0401e-01
6.9080e-01
6.8450e-01
6.9488e-01
7.2088e-01
6.8239e-01
6.9454e-01
6.9550e-01
6.8640e-01
6.9764e-01
6.8546e-01
6.9139e-01
6.9093e-01
6.9730e-01
6.8561e-01
6.9675e-01
6.4313e-01
6.9438e-01
6.9650e-01
6.8773e-01
6.8914e-01
6.9729e-01
6.9471e-01
6.9113e-01
6.9284e-01
6.9320e-01
6.9408e-01
6.9050e-01
6.9358e-01
6.9187e-01
6.9457e-01
6.9159e-01
6.9662e-01
6.9035e-01
6.9126e-01
6.8812e-01
6.8829e-01
6.9755e-01
6.9485e-01
6.9159e-01
6.9460e-01
6.9087e-01
6.9571e-01
6.8703e-01
6.9080e-01
6.8947e-01
6.9148e-01
6.9346e-01
6.9167e-01
6.9742e-01
6.9822e-01
7.0333e-01
6.9206e-01
6.9487e-01
6.8725e-01
6.9476e-01
6.8904e-01
6.9573e-01
6.9075e-01
6.9641e-01
6.8790e-01
7.0246e-01
6.9279e-01
6.9258e-01
6.9643e-01
6.9392e-01
6.9414e-01
6.9145e-01
6.9570e-01
6.9145e-01
6.9826e-01
6.9105e-01
6.9288e-01
6.9671e-01
6.9534e-01
6.9225e-01
6.9083e-01
6.9277e-01
6.8827e-01
6.9232e-01
6.9255e-01
6.9228e-01
6.9106e-01
6.8973e-01
6.9566e-01
6.9394e-01
6.9234e-01
6.9517e-01
6.9030e-01
6.8866e-01
6.9083e-01
6.9043e-01
6.9015e-01
6.9203e-01
6.9090e-01
6.9326e-01
6.9655e-01
6.9124e-01
6.9345e-01
6.8504e-01
6.9261e-01
6.9224e-01
6.9680e-01
6.9709e-01
6.9628e-01
6.9485e-01
6.9904e-01
6.8799e-01
6.9494e-01
7.0294e-01
6.9459e-01
6.9945e-01
6.9345e-01
6.9307e-01
6.8964e-01
6.9829e-01
6.9458e-01
6.9001e-01
6.9054e-01
6.9071e-01
6.8396e-01
6.9333e-01
6.8988e-01
6.9505e-01
6.9496e-01
6.9820e-01
6.9549e-01
6.9444e-01
6.8972e-01
6.9940e-01
6.9558e-01
6.9306e-01
6.9643e-01
6.8931e-01
6.9823e-01
6.9736e-01
6.8834e-01
6.9140e-01
6.8539e-01
6.9191e-01
6.8663e-01
6.9996e-01
6.9782e-01
6.9165e-01
6.9293e-01
6.9119e-01
6.9802e-01
6.9495e-01
6.9445e-01
6.9365e-01
6.9086e-01
6.8428e-01
6.9020e-01
6.9534e-01
6.9907e-01
6.8754e-01
6.9821e-01
6.9256e-01
6.9181e-01
6.8366e-01
6.9484e-01
6.8663e-01
6.9762e-01
6.9065e-01
6.8765e-01
6.9514e-01
6.9713e-01
6.9058e-01
6.9390e-01
6.9861e-01
6.9402e-01
6.8683e-01
7.0042e-01
6.9908e-01
6.9005e-01
6.5236e-01
6.9121e-01
6.9483e-01
6.8955e-01
6.9377e-01
6.9391e-01
6.9303e-01
6.9355e-01
6.8566e-01
6.9457e-01
6.9487e-01
6.9191e-01
6.9033e-01
6.9951e-01
6.9357e-01
6.9140e-01
6.8736e-01
6.8895e-01
6.8860e-01
6.9564e-01
6.8424e-01
6.8876e-01
6.9085e-01
6.9630e-01
6.9358e-01
6.9643e-01
6.9079e-01
6.9759e-01
6.8839e-01
6.9157e-01
6.9381e-01
6.9488e-01
6.7908e-01
7.0004e-01
6.9233e-01
6.8618e-01
6.9407e-01
6.9795e-01
7.0260e-01
6.9539e-01
6.8253e-01
6.8941e-01
6.9314e-01
6.8958e-01
6.9326e-01
6.9350e-01
6.9676e-01
6.8981e-01
6.9027e-01
6.8572e-01
6.9827e-01
6.8758e-01
6.8935e-01
6.9481e-01
6.9215e-01
6.9503e-01
6.9384e-01
6.9349e-01
6.9096e-01
6.9291e-01
6.9742e-01
6.8925e-01
6.9680e-01
6.8462e-01
6.9252e-01
6.9711e-01
6.9070e-01
6.9524e-01
6.8848e-01
6.9484e-01
6.9380e-01
6.9138e-01
6.9190e-01
6.9373e-01
6.9542e-01
6.9206e-01
6.9293e-01
6.9567e-01
6.9341e-01
6.8909e-01
6.8856e-01
6.9463e-01
6.9098e-01
6.9351e-01
6.9133e-01
6.8905e-01
6.9202e-01
6.8842e-01
6.9068e-01
6.8134e-01
6.9343e-01
6.9215e-01
6.9673e-01
6.9264e-01
6.9888e-01
6.8879e-01
7.0951e-01
6.9341e-01
6.9556e-01
6.9085e-01
6.9188e-01
6.9614e-01
6.9159e-01
6.9050e-01
6.9185e-01
6.9897e-01
6.9002e-01
6.9355e-01
6.8887e-01
7.0126e-01
6.8296e-01
6.8662e-01
6.9521e-01
6.9168e-01
7.0007e-01
6.8495e-01
7.1263e-01
6.8456e-01
6.9513e-01
6.8996e-01
6.7893e-01
6.9378e-01
6.9157e-01
6.9120e-01
6.9594e-01
6.9103e-01
6.8478e-01
6.9446e-01
6.9806e-01
6.8661e-01
6.9088e-01
6.9570e-01
6.8696e-01
6.8707e-01
6.9498e-01
6.8603e-01
6.9528e-01
6.9665e-01
6.9420e-01
6.9407e-01
6.8976e-01
6.9803e-01
6.9309e-01
6.9175e-01
7.0002e-01
6.9291e-01
6.9021e-01
6.9583e-01
6.9275e-01
6.9170e-01
6.9579e-01
6.7611e-01
6.9245e-01
6.9518e-01
6.9040e-01
6.9500e-01
6.8981e-01
6.9475e-01
6.9627e-01
6.8983e-01
6.9764e-01
6.9195e-01
6.9207e-01
6.9471e-01
6.9383e-01
6.9924e-01
6.9197e-01
6.9519e-01
6.9281e-01
6.8430e-01
6.9550e-01
6.8877e-01
6.8694e-01
6.9542e-01
6.9707e-01
6.9331e-01
6.9521e-01
6.9781e-01
6.9632e-01
6.9428e-01
6.9398e-01
6.9409e-01
6.9205e-01
6.9157e-01
6.9133e-01
6.9246e-01
6.9194e-01
6.8851e-01
6.8985e-01
6.8962e-01
6.9524e-01
6.8746e-01
6.9540e-01
6.9361e-01
6.9348e-01
6.9747e-01
6.9470e-01
6.8714e-01
6.9006e-01
6.6858e-01
6.9428e-01
6.9494e-01
6.8639e-01
6.9143e-01
6.9450e-01
6.9860e-01
6.9310e-01
6.9696e-01
6.9560e-01
6.9563e-01
6.8908e-01
6.8579e-01
6.8797e-01
6.9199e-01
6.9270e-01
6.9328e-01
6.9422e-01
6.9235e-01
6.9498e-01
6.8911e-01
6.9586e-01
6.9386e-01
6.9451e-01
6.9023e-01
6.9460e-01
6.9200e-01
6.8715e-01
6.6803e-01
6.9318e-01
6.9490e-01
6.8919e-01
6.9246e-01
6.9337e-01
6.9102e-01
6.9020e-01
6.9312e-01
6.9209e-01
6.9244e-01
6.9228e-01
6.9232e-01
6.9577e-01
6.8995e-01
6.9626e-01
6.9520e-01
6.8897e-01
6.9050e-01
6.8956e-01
6.9357e-01
6.9790e-01
6.8905e-01
6.8908e-01
6.8689e-01
6.9573e-01
6.9454e-01
6.9484e-01
6.9387e-01
6.8980e-01
6.9636e-01
7.0207e-01
6.9300e-01
6.9316e-01
6.8661e-01
6.9053e-01
6.9286e-01
7.0031e-01
6.8920e-01
6.9278e-01
6.9503e-01
6.9238e-01
6.8606e-01
6.9309e-01
6.9412e-01
6.9424e-01
6.9050e-01
6.9246e-01
6.9041e-01
6.9511e-01
6.8841e-01
6.9783e-01
6.8722e-01
6.9297e-01
6.9813e-01
6.9366e-01
6.9354e-01
6.9125e-01
6.9436e-01
6.9518e-01
6.9892e-01
6.8294e-01
6.9401e-01
6.9605e-01
6.9227e-01
7.1122e-01
6.9043e-01
6.9942e-01
6.9413e-01
6.9076e-01
6.9649e-01
6.9403e-01
6.9322e-01
6.9437e-01
6.8848e-01
6.9507e-01
6.9047e-01
6.9445e-01
6.9640e-01
6.8170e-01
6.9072e-01
6.9713e-01
6.9096e-01
7.3087e-01
6.9157e-01
6.8644e-01
6.9347e-01
6.9300e-01
6.9396e-01
6.9463e-01
6.9217e-01
6.8956e-01
6.9407e-01
6.9437e-01
6.9550e-01
6.9133e-01
6.8937e-01
6.9683e-01
6.9426e-01
6.9713e-01
6.9165e-01
6.8664e-01
6.8788e-01
6.8636e-01
6.9137e-01
6.9848e-01
6.9716e-01
6.9738e-01
6.9388e-01
6.9602e-01
6.8879e-01
6.8906e-01
6.9340e-01
6.9040e-01
6.9970e-01
6.9205e-01
6.9382e-01
6.9602e-01
6.9722e-01
6.8107e-01
6.8986e-01
6.9009e-01
6.9199e-01
6.9175e-01
6.8992e-01
6.9876e-01
6.9423e-01
6.9440e-01
6.9453e-01
6.9041e-01
6.9110e-01
6.8540e-01
6.9299e-01
6.9103e-01
6.9890e-01
6.9674e-01
6.9219e-01
6.9082e-01
6.8605e-01
6.9505e-01
6.9462e-01
6.9188e-01
6.9379e-01
6.9245e-01
6.9229e-01
6.8995e-01
6.9655e-01
6.9463e-01
6.8821e-01
6.8934e-01
6.9536e-01
6.8948e-01
6.9033e-01
6.9195e-01
6.9654e-01
6.9571e-01
6.9185e-01
6.9041e-01
6.9765e-01
6.9451e-01
6.9512e-01
6.9254e-01
6.9152e-01
6.9582e-01
6.9420e-01
6.8829e-01
6.9290e-01
6.9313e-01
6.9556e-01
6.8854e-01
6.8823e-01
6.8900e-01
6.9478e-01
6.9559e-01
6.9079e-01
6.9699e-01
6.9681e-01
6.8752e-01
6.9371e-01
6.9390e-01
6.8951e-01
6.9532e-01
6.8897e-01
6.9678e-01
6.9553e-01
6.9623e-01
6.9139e-01
6.9300e-01
6.8665e-01
6.9220e-01
6.9097e-01
6.8896e-01
6.9103e-01
6.9802e-01
6.8826e-01
6.8938e-01
6.8571e-01
6.9195e-01
6.9499e-01
6.9189e-01
6.9627e-01
6.8224e-01
6.9818e-01
6.9411e-01
6.9236e-01
6.9545e-01
6.5508e-01
6.9757e-01
6.9200e-01
6.9550e-01
6.9233e-01
6.8927e-01
6.9531e-01
6.9713e-01
6.8608e-01
6.9250e-01
6.9619e-01
6.9348e-01
6.9746e-01
7.0108e-01
6.8380e-01
6.9846e-01
6.9835e-01
6.9491e-01
6.9171e-01
6.9698e-01
6.9142e-01
6.9654e-01
6.9441e-01
6.8832e-01
6.9323e-01
6.9643e-01
6.9387e-01
6.9770e-01
6.9343e-01
6.7985e-01
6.9803e-01
7.0060e-01
6.9640e-01
6.8831e-01
6.9338e-01
6.9743e-01
6.8852e-01
6.9491e-01
6.4176e-01
6.9367e-01
6.8878e-01
6.9292e-01
6.9411e-01
6.9579e-01
6.9192e-01
6.8845e-01
6.9726e-01
6.9536e-01
6.9285e-01
6.9025e-01
6.9693e-01
6.9384e-01
6.9449e-01
6.8292e-01
6.4282e-01
6.9442e-01
7.0122e-01
