8.1464e-01
8.1837e-01
8.1696e-01
8.1905e-01
8.2081e-01
8.1448e-01
8.2035e-01
8.1638e-01
8.1345e-01
8.1638e-01
8.1711e-01
8.1826e-01
8.1178e-01
8.1656e-01
8.1748e-01
8.1495e-01
8.1717e-01
8.1437e-01
8.1638e-01
8.2199e-01
8.1920e-01
8.1976e-01
8.1897e-01
8.1464e-01
8.2206e-01
8.1271e-01
8.1353e-01
8.1384e-01
8.1453e-01
8.1469e-01
8.1804e-01
8.1611e-01
8.1949e-01
8.1581e-01
8.1717e-01
8.0338e-01
8.0832e-01
8.2053e-01
8.1278e-01
8.1552e-01
8.1573e-01
8.1625e-01
8.1617e-01
8.1226e-01
8.1781e-01
8.1625e-01
8.1413e-01
8.1740e-01
8.1633e-01
8.1477e-01
8.1622e-01
8.1623e-01
8.1225e-01
8.1632e-01
8.1669e-01
8.1267e-01
8.1453e-01
8.1650e-01
8.1737e-01
8.1778e-01
8.1586e-01
8.1684e-01
8.1753e-01
8.1107e-01
8.1541e-01
8.1676e-01
8.1553e-01
8.1613e-01
8.1726e-01
8.1807e-01
8.1030e-01
8.1545e-01
8.1626e-01
8.1223e-01
8.1509e-01
8.1769e-01
8.1715e-01
8.2125e-01
8.1645e-01
8.1508e-01
8.0789e-01
8.1410e-01
8.1837e-01
8.1141e-01
8.1598e-01
8.1726e-01
8.1073e-01
8.2169e-01
8.1440e-01
8.1972e-01
8.1375e-01
8.1610e-01
8.1432e-01
8.1347e-01
8.0760e-01
8.1513e-01
8.1870e-01
8.1590e-01
8.1908e-01
8.1736e-01
8.1445e-01
8.1693e-01
8.1816e-01
8.1719e-01
8.1069e-01
8.1653e-01
8.1690e-01
8.1436e-01
8.1180e-01
8.1705e-01
8.1871e-01
8.1552e-01
8.1225e-01
8.2003e-01
8.1398e-01
8.1797e-01
8.1898e-01
8.1705e-01
8.1874e-01
8.1868e-01
8.1090e-01
8.1736e-01
8.1103e-01
8.1660e-01
8.1572e-01
8.1792e-01
8.1708e-01
8.1624e-01
8.1386e-01
8.1914e-01
8.1785e-01
8.1539e-01
8.1325e-01
8.1634e-01
8.1443e-01
8.1358e-01
8.1361e-01
8.1726e-01
8.2023e-01
8.1950e-01
8.1586e-01
8.1832e-01
8.1350e-01
8.1750e-01
8.1776e-01
8.1620e-01
8.1981e-01
8.1493e-01
8.1765e-01
8.1669e-01
8.1802e-01
8.1977e-01
8.1307e-01
8.1665e-01
8.1816e-01
8.2069e-01
8.1729e-01
8.1807e-01
8.1371e-01
8.1373e-01
8.1352e-01
8.1790e-01
8.1610e-01
8.1762e-01
8.1520e-01
8.1323e-01
8.1486e-01
8.1903e-01
8.1112e-01
8.1487e-01
8.1870e-01
8.1255e-01
8.1574e-01
8.2027e-01
8.1343e-01
8.1706e-01
8.1920e-01
8.1541e-01
8.1685e-01
8.1867e-01
8.1519e-01
8.1392e-01
8.1773e-01
8.1179e-01
8.2174e-01
8.1780e-01
8.1194e-01
8.1532e-01
8.1590e-01
8.1759e-01
8.1122e-01
8.1953e-01
8.1708e-01
8.1691e-01
8.1681e-01
8.1697e-01
8.1486e-01
8.1330e-01
8.1626e-01
8.1777e-01
8.1631e-01
8.1546e-01
8.1751e-01
8.1607e-01
8.1796e-01
8.1809e-01
8.1464e-01
8.1284e-01
8.1570e-01
8.1949e-01
8.1655e-01
8.1601e-01
8.1373e-01
8.1493e-01
8.1402e-01
8.1654e-01
8.1508e-01
8.1273e-01
8.1611e-01
8.1815e-01
8.1843e-01
8.1655e-01
8.1802e-01
8.1524e-01
8.1489e-01
8.1992e-01
8.1161e-01
8.1791e-01
8.1609e-01
8.1592e-01
8.1924e-01
8.1634e-01
8.1545e-01
8.1607e-01
8.1354e-01
8.1567e-01
8.1342e-01
8.1465e-01
8.1665e-01
8.2031e-01
8.1769e-01
8.1803e-01
8.1557e-01
8.1627e-01
8.1662e-01
8.1669e-01
8.1710e-01
8.1615e-01
8.1284e-01
8.1653e-01
8.1395e-01
8.1253e-01
8.1732e-01
8.1611e-01
8.1337e-01
8.1707e-01
8.1721e-01
8.1496e-01
8.1450e-01
8.1532e-01
8.1756e-01
8.1676e-01
8.1872e-01
8.1736e-01
8.1817e-01
8.1567e-01
8.2020e-01
8.1342e-01
8.1730e-01
8.1815e-01
8.1891e-01
8.1431e-01
8.1846e-01
8.1689e-01
8.1561e-01
8.1707e-01
8.1180e-01
8.1648e-01
8.1334e-01
8.1683e-01
8.2061e-01
8.1515e-01
8.1994e-01
8.1596e-01
8.1553e-01
8.1179e-01
8.1549e-01
8.1785e-01
8.1469e-01
8.1668e-01
8.1998e-01
8.1547e-01
8.1761e-01
8.1713e-01
8.1313e-01
8.2034e-01
8.1680e-01
8.1662e-01
8.1799e-01
8.1778e-01
8.1725e-01
8.1083e-01
8.1422e-01
8.1882e-01
8.1335e-01
8.1497e-01
8.1559e-01
8.1956e-01
8.1477e-01
8.1949e-01
8.0964e-01
8.1666e-01
8.1491e-01
8.1320e-01
8.1682e-01
8.1931e-01
8.1601e-01
8.1413e-01
8.1132e-01
8.1925e-01
8.2101e-01
8.1810e-01
8.1910e-01
8.2044e-01
8.1622e-01
8.1406e-01
7.6770e-01
8.1549e-01
8.1808e-01
8.1582e-01
8.1876e-01
8.1913e-01
8.1766e-01
8.2027e-01
8.1165e-01
8.1571e-01
8.1696e-01
8.1726e-01
8.1730e-01
8.1452e-01
8.1553e-01
8.1649e-01
8.1593e-01
8.1168e-01
8.1821e-01
8.1856e-01
8.1828e-01
8.1506e-01
8.1319e-01
8.0633e-01
8.1784e-01
8.1139e-01
8.1849e-01
8.1604e-01
8.1858e-01
8.1240e-01
8.0992e-01
8.1327e-01
8.1769e-01
8.2060e-01
8.1527e-01
8.1447e-01
8.1724e-01
8.1801e-01
8.1800e-01
8.1782e-01
8.1686e-01
8.1596e-01
8.1794e-01
8.1689e-01
8.1255e-01
8.1809e-01
8.1732e-01
8.1986e-01
8.1649e-01
8.1795e-01
8.1209e-01
8.1776e-01
8.1710e-01
7.8742e-01
8.1286e-01
8.1659e-01
8.1195e-01
8.1325e-01
8.1395e-01
8.1739e-01
8.1413e-01
8.1275e-01
8.1976e-01
8.1499e-01
8.1549e-01
8.1301e-01
8.1485e-01
8.1909e-01
8.1419e-01
8.1778e-01
8.0868e-01
8.1298e-01
8.2084e-01
8.1533e-01
8.1623e-01
8.1795e-01
8.2270e-01
8.1439e-01
8.1462e-01
8.1676e-01
8.2091e-01
8.1441e-01
8.1694e-01
8.1745e-01
8.1810e-01
8.1726e-01
8.1800e-01
8.1940e-01
8.1438e-01
8.2060e-01
8.1326e-01
8.1719e-01
8.2003e-01
8.1567e-01
8.1440e-01
8.1600e-01
8.1525e-01
8.2030e-01
8.1485e-01
8.1315e-01
8.1516e-01
8.1697e-01
8.1553e-01
8.1995e-01
8.1319e-01
8.1374e-01
8.1618e-01
8.1956e-01
8.1026e-01
8.1395e-01
8.1742e-01
8.1360e-01
8.1324e-01
8.1628e-01
8.1538e-01
8.1300e-01
8.1615e-01
8.1570e-01
8.1725e-01
8.2004e-01
8.1356e-01
8.1629e-01
8.1558e-01
8.1885e-01
8.1270e-01
8.1554e-01
8.1672e-01
8.1968e-01
8.1705e-01
8.1876e-01
8.1046e-01
8.1675e-01
8.1249e-01
8.1596e-01
8.1680e-01
8.1495e-01
8.1401e-01
8.1413e-01
8.1299e-01
8.1510e-01
8.1253e-01
8.1598e-01
8.1915e-01
8.1582e-01
8.1323e-01
8.1696e-01
8.1642e-01
8.1605e-01
8.1888e-01
8.0805e-01
8.1614e-01
8.1311e-01
8.1949e-01
8.1702e-01
8.1503e-01
8.1597e-01
8.1643e-01
8.1787e-01
8.1362e-01
8.1578e-01
8.1568e-01
8.1967e-01
8.1743e-01
8.1593e-01
8.1602e-01
8.1759e-01
8.1733e-01
8.1894e-01
8.1557e-01
8.1576e-01
8.1573e-01
8.1596e-01
8.1594e-01
8.1730e-01
8.1690e-01
8.1651e-01
8.1632e-01
8.2088e-01
8.1522e-01
8.1698e-01
8.1844e-01
8.1293e-01
8.1804e-01
8.1523e-01
8.1077e-01
8.1903e-01
8.1651e-01
8.1971e-01
8.1405e-01
8.1865e-01
8.1550e-01
8.1418e-01
8.1241e-01
8.1369e-01
8.1420e-01
8.1328e-01
8.1554e-01
8.1425e-01
8.1408e-01
8.1311e-01
8.1572e-01
7.8742e-01
8.1542e-01
8.1657e-01
8.1734e-01
8.1477e-01
8.1515e-01
8.1182e-01
8.1499e-01
8.1546e-01
8.1422e-01
8.1864e-01
8.1890e-01
8.1797e-01
8.1579e-01
8.1902e-01
8.1622e-01
8.1510e-01
8.1642e-01
8.2030e-01
8.1541e-01
8.1815e-01
8.1949e-01
8.1197e-01
8.1920e-01
8.1432e-01
8.1740e-01
8.1960e-01
8.1955e-01
8.1925e-01
8.1720e-01
8.1143e-01
8.1604e-01
8.1836e-01
8.1080e-01
8.2119e-01
8.1318e-01
8.1497e-01
8.1640e-01
8.1882e-01
8.1789e-01
8.1735e-01
8.1424e-01
8.1384e-01
8.1831e-01
8.1564e-01
8.1716e-01
8.1696e-01
8.1311e-01
8.1332e-01
8.1478e-01
8.1686e-01
8.1650e-01
8.1787e-01
8.1849e-01
8.1584e-01
8.1633e-01
8.1906e-01
8.0112e-01
8.0950e-01
8.1700e-01
8.1965e-01
8.1162e-01
8.1468e-01
8.1139e-01
8.1372e-01
8.1292e-01
8.1764e-01
8.2106e-01
8.1678e-01
8.1651e-01
8.1413e-01
8.1750e-01
8.1268e-01
8.1846e-01
8.1504e-01
8.1582e-01
8.1559e-01
8.1475e-01
8.1574e-01
8.1523e-01
8.2148e-01
8.1576e-01
8.1697e-01
8.1771e-01
8.1280e-01
8.1886e-01
8.1818e-01
8.1961e-01
8.1391e-01
8.1522e-01
8.1704e-01
8.1545e-01
8.1595e-01
8.1508e-01
8.1702e-01
8.1716e-01
8.1399e-01
8.1645e-01
8.1935e-01
8.1880e-01
8.1772e-01
8.1620e-01
8.1809e-01
8.1702e-01
8.1802e-01
8.1712e-01
8.1688e-01
8.1318e-01
8.2015e-01
8.1973e-01
8.1934e-01
8.1683e-01
8.1426e-01
8.1497e-01
8.1450e-01
8.1623e-01
8.1357e-01
8.1436e-01
8.1154e-01
8.1465e-01
8.1565e-01
8.2078e-01
8.1513e-01
8.1259e-01
8.1707e-01
8.1781e-01
8.1615e-01
8.2014e-01
8.1646e-01
8.1622e-01
8.1470e-01
8.1159e-01
8.1917e-01
8.1647e-01
8.1482e-01
8.1765e-01
8.1187e-01
8.2016e-01
8.1736e-01
8.1398e-01
8.1782e-01
8.1905e-01
8.1530e-01
8.1533e-01
8.1814e-01
8.1657e-01
8.1980e-01
8.1917e-01
8.1823e-01
8.1966e-01
8.1855e-01
8.1418e-01
8.1515e-01
8.1896e-01
8.1907e-01
8.1596e-01
8.1731e-01
8.1858e-01
8.1789e-01
8.1594e-01
8.1775e-01
8.1843e-01
8.1764e-01
8.1320e-01
8.1660e-01
8.0048e-01
8.1687e-01
8.2029e-01
8.1673e-01
8.1696e-01
8.1617e-01
8.2044e-01
8.1689e-01
8.1549e-01
8.1706e-01
8.1102e-01
8.1817e-01
8.1457e-01
8.2008e-01
8.1669e-01
7.9113e-01
8.1192e-01
8.1690e-01
8.1664e-01
8.0409e-01
8.1797e-01
8.1337e-01
8.1611e-01
8.1960e-01
8.1804e-01
8.1523e-01
8.1561e-01
8.1515e-01
8.1471e-01
8.1188e-01
8.1484e-01
8.1667e-01
8.1409e-01
8.1807e-01
8.1909e-01
8.1599e-01
8.1540e-01
8.1823e-01
8.1632e-01
8.1819e-01
8.1595e-01
8.1646e-01
8.1993e-01
8.1925e-01
8.1894e-01
8.1752e-01
8.1741e-01
8.1280e-01
8.1127e-01
8.1801e-01
8.1594e-01
8.1804e-01
8.1724e-01
8.1840e-01
8.2013e-01
8.0957e-01
8.1774e-01
8.1617e-01
8.1361e-01
8.1298e-01
8.2183e-01
8.1592e-01
8.1640e-01
8.1725e-01
8.1800e-01
8.1943e-01
8.1686e-01
8.1819e-01
8.1369e-01
8.1798e-01
8.1468e-01
8.1980e-01
8.1945e-01
8.1595e-01
8.1481e-01
8.1367e-01
8.1579e-01
8.1872e-01
8.1461e-01
8.1588e-01
8.1752e-01
8.1467e-01
8.1954e-01
8.2157e-01
8.2055e-01
8.1470e-01
8.1259e-01
8.1589e-01
8.1235e-01
8.1680e-01
8.2010e-01
8.1600e-01
8.1226e-01
8.1942e-01
8.1930e-01
8.1476e-01
8.1233e-01
8.1557e-01
8.1535e-01
8.1547e-01
8.1801e-01
8.1658e-01
8.1194e-01
8.1908e-01
8.1811e-01
8.1303e-01
8.1610e-01
8.1923e-01
8.1500e-01
8.1641e-01
8.1293e-01
8.1746e-01
8.1973e-01
8.1570e-01
8.1632e-01
8.1703e-01
8.1474e-01
8.1875e-01
8.1164e-01
8.1834e-01
8.1882e-01
8.1599e-01
8.1913e-01
8.1458e-01
8.1825e-01
8.1351e-01
8.1450e-01
8.2006e-01
8.1564e-01
8.1679e-01
8.2051e-01
8.1673e-01
8.2299e-01
8.1773e-01
8.1516e-01
8.1319e-01
8.1799e-01
8.1559e-01
8.1563e-01
8.1738e-01
8.2044e-01
8.1386e-01
8.1376e-01
8.1528e-01
8.1190e-01
8.1191e-01
8.1459e-01
8.1666e-01
8.1383e-01
8.1720e-01
8.1638e-01
8.1638e-01
8.1765e-01
8.1917e-01
8.2058e-01
8.2054e-01
8.1863e-01
8.1606e-01
8.1863e-01
8.1863e-01
8.1815e-01
8.1699e-01
8.1791e-01
8.1428e-01
8.1552e-01
8.1714e-01
8.1959e-01
8.1486e-01
8.1624e-01
8.1960e-01
8.1598e-01
8.1518e-01
8.0749e-01
8.1109e-01
8.1611e-01
8.1787e-01
8.1549e-01
8.1625e-01
8.1620e-01
8.1991e-01
8.1359e-01
8.1544e-01
8.1706e-01
8.1673e-01
8.1394e-01
8.1370e-01
8.1277e-01
8.1379e-01
8.1686e-01
8.1751e-01
8.1938e-01
8.1526e-01
8.1357e-01
8.2297e-01
8.1613e-01
8.1843e-01
8.1629e-01
8.2126e-01
8.1809e-01
8.1842e-01
8.1740e-01
8.1661e-01
8.1841e-01
8.1556e-01
8.1427e-01
8.1526e-01
8.1809e-01
8.1079e-01
7.8965e-01
8.1759e-01
8.1300e-01
8.1801e-01
8.1754e-01
8.1605e-01
8.1369e-01
8.1617e-01
8.1784e-01
8.1762e-01
8.1492e-01
8.2038e-01
8.1533e-01
8.1477e-01
8.1797e-01
8.2014e-01
8.1667e-01
8.1018e-01
8.1269e-01
8.1426e-01
8.1541e-01
8.1739e-01
8.1897e-01
8.1288e-01
8.1321e-01
8.1693e-01
8.1708e-01
8.1179e-01
8.2252e-01
8.0969e-01
8.1769e-01
8.1741e-01
8.1823e-01
8.1513e-01
8.1550e-01
8.1790e-01
8.1804e-01
8.1317e-01
8.1644e-01
8.1406e-01
8.0994e-01
8.1828e-01
8.1595e-01
8.1751e-01
8.1840e-01
8.2051e-01
8.1554e-01
8.2217e-01
8.1851e-01
8.1531e-01
8.1778e-01
8.1346e-01
8.1629e-01
8.1464e-01
8.1880e-01
8.1598e-01
8.1439e-01
8.1740e-01
8.1895e-01
8.1407e-01
8.1610e-01
8.1309e-01
8.1538e-01
8.1395e-01
8.1916e-01
8.1950e-01
8.1716e-01
8.1311e-01
8.1698e-01
8.1438e-01
8.1656e-01
8.1812e-01
8.1351e-01
8.1552e-01
8.1927e-01
8.1868e-01
8.1098e-01
8.1440e-01
8.1721e-01
8.1686e-01
8.1456e-01
8.1859e-01
8.1712e-01
8.1374e-01
8.1753e-01
8.1715e-01
8.1996e-01
8.1531e-01
8.1587e-01
8.1386e-01
8.1688e-01
8.1679e-01
8.1658e-01
8.1511e-01
8.1678e-01
8.1689e-01
8.1881e-01
8.1848e-01
