Efficiency Table:
-----------------
           [-2.5,-1.5][-1.5,-0.5][-0.5, 0.5][ 0.5, 1.5][ 1.5, 2.5]
[  30,  60] 0.6982100  0.8239300  0.8270700  0.8131100  0.6847700 
[  60,8000] 0.7875200  0.8534934  0.8505208  0.8589345  0.7901500 

Low Errors Table:
-----------------
           [-2.5,-1.5][-1.5,-0.5][-0.5, 0.5][ 0.5, 1.5][ 1.5, 2.5]
[  30,  60] 0.0009420  0.0000884  0.0053300  0.0039800  0.0041200 
[  60,8000] 0.0084000  0.0087460  0.0042657  0.0085069  0.0429000 

High Errors Table:
------------------
           [-2.5,-1.5][-1.5,-0.5][-0.5, 0.5][ 0.5, 1.5][ 1.5, 2.5]
[  30,  60] 0.0009420  0.0000884  0.0053300  0.0039800  0.0041200 
[  60,8000] 0.0084000  0.0087460  0.0042657  0.0085069  0.0429000 


Efficiency:
-----------
[-3.2, 3.2]
 0.7884700 

Low Errors:
-----------
[-3.2, 3.2]
 0.0011300 

High Errors:
------------
[-3.2, 3.2]
 0.0011300 


