8.1520e-01
8.2225e-01
8.2006e-01
8.1959e-01
8.2336e-01
8.2068e-01
8.2014e-01
8.1761e-01
8.2433e-01
8.1972e-01
8.1873e-01
8.2044e-01
8.2408e-01
8.1855e-01
8.1986e-01
8.1554e-01
8.2159e-01
8.2017e-01
8.1928e-01
8.1966e-01
8.2104e-01
8.2252e-01
8.2224e-01
8.2305e-01
8.2068e-01
8.1968e-01
8.2158e-01
8.1770e-01
8.2155e-01
8.1731e-01
8.1722e-01
8.2162e-01
8.1626e-01
8.2144e-01
8.2154e-01
8.2384e-01
8.2392e-01
8.1954e-01
8.2045e-01
8.1843e-01
8.2275e-01
8.2196e-01
8.2015e-01
8.1810e-01
8.2176e-01
8.1895e-01
8.2175e-01
8.1964e-01
8.1390e-01
8.1927e-01
8.2030e-01
8.1703e-01
8.1871e-01
8.1755e-01
8.2080e-01
8.2051e-01
8.2024e-01
8.1829e-01
8.1946e-01
8.1711e-01
8.2033e-01
8.1893e-01
8.1830e-01
8.1730e-01
8.2008e-01
8.1928e-01
8.2100e-01
8.1392e-01
8.2530e-01
8.1308e-01
8.1895e-01
8.2464e-01
8.1741e-01
8.1506e-01
8.1423e-01
8.1605e-01
8.1624e-01
8.2264e-01
8.1698e-01
8.2247e-01
8.2082e-01
8.1902e-01
8.2174e-01
8.2073e-01
8.2274e-01
8.1227e-01
8.1513e-01
8.1749e-01
8.1872e-01
8.1942e-01
8.1461e-01
7.9156e-01
8.1854e-01
8.1502e-01
8.2003e-01
8.2353e-01
8.1633e-01
8.1746e-01
8.1787e-01
8.2142e-01
8.2039e-01
8.2043e-01
8.1916e-01
8.1915e-01
8.2399e-01
8.1919e-01
8.1703e-01
8.2417e-01
8.1881e-01
8.2128e-01
8.1902e-01
8.1888e-01
8.1999e-01
8.2071e-01
8.1797e-01
8.1740e-01
8.1728e-01
8.1369e-01
8.2039e-01
8.1682e-01
8.2267e-01
8.1862e-01
8.2012e-01
8.2109e-01
8.2110e-01
8.1417e-01
8.1963e-01
8.2214e-01
8.2167e-01
8.1959e-01
6.8039e-01
8.1910e-01
8.2222e-01
8.2317e-01
8.1819e-01
8.2182e-01
7.7904e-01
8.2037e-01
8.1952e-01
8.1946e-01
8.1971e-01
8.1797e-01
8.1969e-01
8.2038e-01
8.1856e-01
8.1998e-01
8.2116e-01
8.2152e-01
8.1970e-01
8.2082e-01
8.1498e-01
8.2066e-01
8.2199e-01
8.2227e-01
8.2068e-01
8.2086e-01
8.1953e-01
8.2266e-01
8.1862e-01
8.1640e-01
8.1770e-01
8.2158e-01
8.2368e-01
8.2380e-01
8.2123e-01
8.1831e-01
8.1926e-01
8.2200e-01
8.1817e-01
8.2021e-01
8.2119e-01
8.1298e-01
8.2068e-01
8.1990e-01
8.2215e-01
8.2017e-01
8.2158e-01
8.2268e-01
8.1907e-01
8.1465e-01
8.1999e-01
8.1673e-01
8.1940e-01
8.2184e-01
8.2125e-01
8.1922e-01
8.2098e-01
8.1555e-01
8.2175e-01
8.2434e-01
8.1815e-01
8.1960e-01
8.2443e-01
8.1825e-01
8.1989e-01
8.2240e-01
8.1466e-01
8.1811e-01
8.2249e-01
8.1996e-01
8.2337e-01
8.2463e-01
8.1827e-01
8.1816e-01
8.2037e-01
8.1833e-01
8.1814e-01
8.1876e-01
8.1839e-01
8.2134e-01
8.2090e-01
8.1805e-01
8.1514e-01
8.2184e-01
8.2257e-01
8.2130e-01
8.1696e-01
8.2140e-01
8.1840e-01
8.2224e-01
8.2252e-01
8.1996e-01
8.2052e-01
8.1933e-01
8.1776e-01
8.2142e-01
8.1640e-01
8.1913e-01
8.1803e-01
8.1397e-01
8.2210e-01
8.2375e-01
8.1934e-01
8.1757e-01
8.1613e-01
8.1899e-01
7.9519e-01
8.1663e-01
8.1640e-01
8.1843e-01
8.2147e-01
8.1693e-01
8.1759e-01
8.2466e-01
8.1939e-01
8.1688e-01
8.1787e-01
8.1795e-01
8.1671e-01
8.1885e-01
8.2385e-01
8.2376e-01
8.2148e-01
8.2118e-01
8.2347e-01
8.2410e-01
8.2044e-01
8.1121e-01
8.2178e-01
7.9495e-01
8.2128e-01
8.1833e-01
8.1982e-01
8.2072e-01
8.2103e-01
8.2218e-01
8.2124e-01
8.2395e-01
8.2207e-01
8.1337e-01
8.1893e-01
8.1923e-01
8.1947e-01
8.1907e-01
8.1645e-01
8.1688e-01
8.1920e-01
8.1917e-01
8.2181e-01
8.2093e-01
8.2076e-01
8.2316e-01
8.1798e-01
8.1887e-01
8.1969e-01
8.1471e-01
8.1769e-01
8.1579e-01
8.2072e-01
8.2142e-01
8.1892e-01
7.7263e-01
8.1469e-01
8.1826e-01
8.2046e-01
8.1312e-01
8.1989e-01
8.1682e-01
8.1945e-01
8.2068e-01
8.1592e-01
8.2051e-01
8.2250e-01
8.1864e-01
8.2120e-01
8.1641e-01
8.1140e-01
8.2342e-01
8.1707e-01
8.2112e-01
8.2171e-01
8.1797e-01
8.2203e-01
8.1890e-01
8.1893e-01
8.2195e-01
8.2220e-01
8.1776e-01
8.2164e-01
8.2517e-01
8.2151e-01
8.1837e-01
8.1950e-01
8.1656e-01
8.2211e-01
8.1881e-01
8.2107e-01
8.1949e-01
8.2323e-01
8.2185e-01
8.1877e-01
8.2129e-01
8.2063e-01
8.1711e-01
8.1860e-01
8.1269e-01
8.2004e-01
8.1709e-01
8.1857e-01
8.1414e-01
8.1473e-01
8.1942e-01
8.2167e-01
8.1949e-01
8.1535e-01
8.1451e-01
8.2315e-01
8.1432e-01
8.1563e-01
8.2182e-01
8.2334e-01
8.1995e-01
8.1698e-01
8.1931e-01
8.1821e-01
8.1948e-01
8.1812e-01
8.2624e-01
8.1930e-01
8.2309e-01
8.2014e-01
8.1797e-01
8.1918e-01
8.1942e-01
8.2157e-01
8.1981e-01
8.1974e-01
8.2051e-01
8.2135e-01
8.2221e-01
8.2213e-01
8.1638e-01
8.2160e-01
8.2060e-01
8.1855e-01
8.1369e-01
8.2016e-01
8.2325e-01
8.2135e-01
8.2325e-01
8.1913e-01
8.2096e-01
8.2062e-01
8.2224e-01
8.2024e-01
8.2380e-01
8.1535e-01
8.1852e-01
8.2111e-01
8.1289e-01
8.1791e-01
8.1542e-01
8.1793e-01
8.1777e-01
8.1070e-01
8.2032e-01
8.1917e-01
8.1773e-01
8.1786e-01
8.1841e-01
8.2261e-01
8.2070e-01
7.9558e-01
8.1956e-01
8.2036e-01
8.1783e-01
8.2030e-01
8.1712e-01
8.2064e-01
8.2170e-01
8.1871e-01
8.1963e-01
8.2042e-01
8.2029e-01
8.1863e-01
8.1879e-01
8.1358e-01
8.2484e-01
8.1561e-01
8.1888e-01
8.2094e-01
8.1819e-01
8.1929e-01
8.2236e-01
8.1789e-01
8.1964e-01
8.1278e-01
8.1915e-01
8.1516e-01
8.1791e-01
8.2150e-01
8.1928e-01
8.1752e-01
8.1768e-01
8.1820e-01
8.1757e-01
8.2052e-01
8.2177e-01
8.1744e-01
8.1723e-01
8.1652e-01
8.2104e-01
8.2140e-01
8.2196e-01
8.2228e-01
8.2545e-01
8.1944e-01
8.1803e-01
8.2057e-01
8.2256e-01
8.2282e-01
8.1111e-01
8.1845e-01
8.1160e-01
8.1701e-01
8.1909e-01
8.1916e-01
8.1653e-01
8.1909e-01
8.2215e-01
8.1859e-01
8.2033e-01
8.1957e-01
8.1691e-01
8.1798e-01
8.2159e-01
8.1543e-01
8.2093e-01
8.2010e-01
8.1710e-01
8.2059e-01
8.1474e-01
8.2215e-01
8.1523e-01
8.1967e-01
8.2049e-01
8.1992e-01
8.2005e-01
8.2488e-01
8.1830e-01
8.2060e-01
8.2093e-01
8.2335e-01
8.2411e-01
8.1828e-01
8.2072e-01
8.2118e-01
8.1934e-01
8.2189e-01
8.1601e-01
8.1656e-01
8.1808e-01
8.2411e-01
8.1872e-01
8.1631e-01
8.2036e-01
8.1719e-01
8.2094e-01
8.1849e-01
8.1942e-01
8.2242e-01
8.1701e-01
8.1728e-01
8.1984e-01
8.1598e-01
8.2147e-01
8.2097e-01
8.2000e-01
8.1774e-01
8.1825e-01
8.2149e-01
8.2468e-01
8.1943e-01
8.1970e-01
8.2154e-01
8.2292e-01
8.2019e-01
8.1466e-01
8.2148e-01
8.1981e-01
8.1639e-01
8.1836e-01
8.2202e-01
8.2188e-01
8.1613e-01
8.2002e-01
8.1964e-01
8.1621e-01
8.2210e-01
8.1914e-01
8.1899e-01
8.1860e-01
8.2045e-01
8.1655e-01
8.1937e-01
8.2368e-01
8.1691e-01
8.1980e-01
8.2004e-01
8.1845e-01
8.1866e-01
8.1893e-01
8.1945e-01
8.2282e-01
8.2061e-01
8.1812e-01
8.1637e-01
8.1931e-01
8.1759e-01
8.2065e-01
8.2254e-01
8.1967e-01
8.2095e-01
8.2165e-01
8.1897e-01
8.2412e-01
8.1760e-01
8.1905e-01
8.1900e-01
8.2107e-01
8.1784e-01
8.2140e-01
8.2140e-01
8.2234e-01
8.2080e-01
8.1825e-01
8.2222e-01
8.2150e-01
8.1963e-01
8.1644e-01
8.1539e-01
8.1920e-01
8.1631e-01
8.2255e-01
8.2130e-01
8.2158e-01
8.2137e-01
8.1903e-01
8.2003e-01
8.1714e-01
8.1279e-01
8.1854e-01
8.2139e-01
8.2062e-01
8.2184e-01
8.2067e-01
8.2104e-01
8.2141e-01
8.1941e-01
8.1994e-01
8.1139e-01
8.1751e-01
8.1739e-01
8.1997e-01
8.2049e-01
8.1879e-01
8.1393e-01
8.1805e-01
8.2086e-01
8.2077e-01
8.2184e-01
8.1824e-01
8.2146e-01
8.2201e-01
8.1877e-01
8.2308e-01
8.1756e-01
8.2248e-01
8.2115e-01
8.1988e-01
8.1426e-01
8.2033e-01
8.2215e-01
8.1843e-01
8.1733e-01
8.2159e-01
8.1967e-01
8.2392e-01
8.1586e-01
8.2125e-01
8.1758e-01
8.2065e-01
8.2437e-01
8.1691e-01
8.2284e-01
8.1942e-01
8.1994e-01
8.1586e-01
8.1684e-01
8.1520e-01
8.1860e-01
8.2276e-01
8.2011e-01
8.1977e-01
8.1753e-01
8.2267e-01
8.2262e-01
8.2164e-01
8.2039e-01
8.2169e-01
8.2212e-01
8.2040e-01
8.2403e-01
8.2282e-01
8.1958e-01
8.2231e-01
8.1924e-01
8.1983e-01
8.1520e-01
8.2205e-01
8.1770e-01
8.2095e-01
8.1914e-01
8.2004e-01
8.1915e-01
8.2145e-01
8.1526e-01
8.1902e-01
8.1546e-01
8.1683e-01
8.2237e-01
8.1962e-01
8.2098e-01
8.2295e-01
8.1923e-01
8.2079e-01
8.2086e-01
8.2009e-01
8.1852e-01
8.1826e-01
8.1913e-01
8.2358e-01
8.2297e-01
8.1920e-01
8.1987e-01
8.2138e-01
8.1884e-01
8.2229e-01
8.1990e-01
8.2050e-01
8.1934e-01
8.2340e-01
8.2264e-01
8.2092e-01
8.1986e-01
8.2207e-01
8.2697e-01
8.1596e-01
8.2089e-01
8.1940e-01
8.1994e-01
8.2021e-01
8.2172e-01
8.2179e-01
8.1927e-01
8.1753e-01
8.1538e-01
8.1737e-01
8.2207e-01
8.1873e-01
8.1997e-01
8.1907e-01
8.1937e-01
8.2041e-01
8.2221e-01
8.2202e-01
8.2040e-01
8.1800e-01
8.2070e-01
8.2096e-01
8.1786e-01
8.2278e-01
8.0095e-01
8.1761e-01
8.1844e-01
8.1805e-01
8.1834e-01
8.1793e-01
8.2055e-01
8.2147e-01
8.2104e-01
8.2164e-01
8.2165e-01
8.2284e-01
8.2089e-01
8.1672e-01
8.1971e-01
8.1951e-01
8.2320e-01
8.2206e-01
8.1681e-01
8.2405e-01
8.2029e-01
8.1896e-01
8.1522e-01
8.2255e-01
8.1683e-01
8.1913e-01
8.1837e-01
8.1894e-01
8.1929e-01
8.2054e-01
8.2276e-01
8.2177e-01
8.2007e-01
8.2112e-01
8.2178e-01
8.2354e-01
8.2408e-01
8.1239e-01
8.2269e-01
8.2134e-01
8.1787e-01
8.1698e-01
8.1865e-01
8.1894e-01
8.1485e-01
8.2011e-01
8.1815e-01
8.1783e-01
8.2270e-01
8.2140e-01
8.1718e-01
8.1994e-01
8.1591e-01
8.1898e-01
8.1864e-01
8.2287e-01
8.1814e-01
8.1985e-01
8.1813e-01
8.2164e-01
8.1774e-01
8.2229e-01
8.2141e-01
8.2228e-01
8.2081e-01
8.1908e-01
8.2183e-01
8.1453e-01
8.1705e-01
8.2023e-01
8.1840e-01
8.2025e-01
8.2033e-01
8.1794e-01
8.1566e-01
8.2073e-01
8.2272e-01
8.2021e-01
8.2020e-01
8.1859e-01
8.2173e-01
8.2313e-01
8.2071e-01
8.2181e-01
8.2183e-01
8.2086e-01
8.2187e-01
8.2230e-01
8.1629e-01
8.1730e-01
8.1574e-01
8.2044e-01
8.2351e-01
8.2015e-01
8.1342e-01
8.1786e-01
8.2088e-01
8.1868e-01
8.1286e-01
8.1836e-01
8.2212e-01
8.2152e-01
8.2047e-01
8.1892e-01
8.1306e-01
8.2187e-01
8.1581e-01
8.1832e-01
8.2372e-01
8.2077e-01
8.2287e-01
8.1523e-01
8.2133e-01
8.2170e-01
8.2070e-01
8.1983e-01
8.2272e-01
8.1878e-01
8.1870e-01
8.1981e-01
8.1924e-01
8.2010e-01
8.2174e-01
8.2178e-01
8.2008e-01
8.1717e-01
8.2392e-01
8.2127e-01
8.1975e-01
8.1589e-01
8.1645e-01
8.2115e-01
8.1813e-01
8.2020e-01
8.1859e-01
8.2024e-01
8.2348e-01
8.1564e-01
8.2188e-01
8.1954e-01
8.2020e-01
8.1943e-01
8.1776e-01
8.1564e-01
8.1816e-01
8.1905e-01
8.1801e-01
8.2027e-01
8.1222e-01
8.2180e-01
8.1763e-01
8.2276e-01
8.0008e-01
8.2295e-01
8.2027e-01
8.1741e-01
8.2108e-01
8.2042e-01
8.1861e-01
8.2134e-01
8.2272e-01
8.1794e-01
8.1569e-01
8.1674e-01
8.1846e-01
8.1921e-01
8.1913e-01
8.1942e-01
8.2244e-01
8.1980e-01
8.4584e-01
8.1835e-01
8.1899e-01
8.1952e-01
8.2062e-01
8.1804e-01
7.7835e-01
8.2255e-01
8.2056e-01
8.1903e-01
8.2439e-01
8.1908e-01
8.1960e-01
8.2012e-01
8.2539e-01
8.1979e-01
8.2263e-01
8.1898e-01
8.2399e-01
8.2269e-01
8.2102e-01
8.1618e-01
8.1666e-01
8.2338e-01
8.2076e-01
8.1973e-01
8.1810e-01
8.1905e-01
8.1638e-01
8.1857e-01
8.1826e-01
8.2131e-01
8.2087e-01
8.1665e-01
8.1875e-01
8.2020e-01
8.1808e-01
8.2129e-01
8.2316e-01
8.2006e-01
8.2116e-01
8.2118e-01
8.2080e-01
8.1215e-01
8.1753e-01
8.2004e-01
8.2202e-01
8.1978e-01
8.2489e-01
8.1343e-01
8.2192e-01
8.2133e-01
8.1871e-01
8.2325e-01
8.2254e-01
8.2184e-01
8.2323e-01
8.1874e-01
8.1880e-01
8.2258e-01
8.1846e-01
8.1959e-01
8.1805e-01
8.2040e-01
8.2282e-01
8.2104e-01
8.2040e-01
8.2288e-01
8.1927e-01
8.2282e-01
8.1966e-01
8.2081e-01
8.2021e-01
8.1959e-01
8.2143e-01
8.2259e-01
8.1816e-01
8.2019e-01
8.2294e-01
8.1672e-01
8.1794e-01
8.2020e-01
8.2046e-01
8.1829e-01
8.2311e-01
8.1791e-01
8.2275e-01
8.2037e-01
8.1952e-01
8.2034e-01
8.2460e-01
8.2032e-01
8.2366e-01
8.1539e-01
8.1691e-01
7.9365e-01
8.1900e-01
8.1813e-01
8.2230e-01
8.2168e-01
8.1623e-01
8.2032e-01
8.1642e-01
8.2078e-01
8.2478e-01
8.2397e-01
8.1701e-01
8.1960e-01
8.1956e-01
8.2028e-01
8.1973e-01
8.1866e-01
8.1914e-01
8.1870e-01
8.1936e-01
8.1209e-01
8.2126e-01
8.1770e-01
