8.2556e-01
8.2301e-01
8.2066e-01
8.2439e-01
8.2165e-01
8.2588e-01
8.2499e-01
8.2418e-01
8.3026e-01
8.2754e-01
8.2243e-01
8.2624e-01
8.2699e-01
8.2771e-01
8.2904e-01
8.2864e-01
8.2656e-01
8.2579e-01
8.2824e-01
8.2782e-01
8.2365e-01
8.2346e-01
8.2983e-01
8.2530e-01
8.2540e-01
8.2218e-01
8.2380e-01
8.2457e-01
8.2577e-01
8.2507e-01
8.2773e-01
8.2838e-01
8.2851e-01
8.2706e-01
8.2224e-01
8.2806e-01
8.2201e-01
8.2719e-01
8.2321e-01
8.2653e-01
8.2754e-01
8.2670e-01
8.2771e-01
8.2714e-01
8.2387e-01
8.2776e-01
8.2396e-01
8.2414e-01
8.2735e-01
8.2771e-01
8.2819e-01
8.1910e-01
8.2886e-01
8.2939e-01
8.2519e-01
8.2762e-01
8.2117e-01
8.2194e-01
8.2914e-01
8.0174e-01
8.2593e-01
8.1945e-01
8.2699e-01
8.2343e-01
8.2938e-01
8.2666e-01
8.2456e-01
8.2879e-01
8.2861e-01
8.3110e-01
8.2706e-01
8.2590e-01
8.1939e-01
8.3069e-01
8.2393e-01
8.2338e-01
8.2607e-01
8.3069e-01
8.2948e-01
8.2096e-01
8.2789e-01
8.2945e-01
8.2288e-01
8.2634e-01
8.2295e-01
8.2514e-01
8.2726e-01
8.2522e-01
8.2421e-01
8.2734e-01
8.2181e-01
8.2739e-01
8.2744e-01
8.2597e-01
8.2068e-01
8.1878e-01
8.3139e-01
8.2382e-01
8.2499e-01
8.2920e-01
8.2808e-01
8.2847e-01
8.2816e-01
8.2531e-01
8.2431e-01
8.2187e-01
8.2294e-01
8.2475e-01
8.2612e-01
8.2969e-01
8.2715e-01
8.2351e-01
8.2519e-01
8.2398e-01
8.2697e-01
8.2977e-01
8.2823e-01
8.1990e-01
8.2818e-01
8.2619e-01
8.2944e-01
8.2547e-01
8.2464e-01
8.2756e-01
8.2711e-01
8.2751e-01
8.2565e-01
8.2976e-01
8.2434e-01
8.2702e-01
8.2955e-01
8.2377e-01
8.2701e-01
8.2681e-01
8.2155e-01
8.2559e-01
8.2899e-01
8.2446e-01
8.2722e-01
8.2511e-01
8.2585e-01
8.2799e-01
8.2566e-01
8.2533e-01
8.2425e-01
8.2625e-01
8.2765e-01
8.2362e-01
8.2157e-01
8.2728e-01
8.2663e-01
8.2844e-01
8.2941e-01
8.3000e-01
8.2986e-01
8.2673e-01
8.2929e-01
8.2336e-01
8.2255e-01
8.2805e-01
8.2616e-01
8.2756e-01
8.2200e-01
8.2436e-01
8.2822e-01
8.3135e-01
8.2739e-01
8.2597e-01
8.2966e-01
8.2724e-01
8.1805e-01
8.2667e-01
8.2460e-01
8.2088e-01
8.2863e-01
8.2758e-01
8.2793e-01
8.2665e-01
8.2477e-01
8.2383e-01
8.2549e-01
8.2948e-01
8.2764e-01
8.2746e-01
8.2752e-01
8.2593e-01
8.2533e-01
8.2437e-01
8.2540e-01
8.2528e-01
8.2447e-01
8.2883e-01
8.2438e-01
8.2520e-01
8.2669e-01
8.2401e-01
8.0505e-01
8.2621e-01
8.2592e-01
8.2337e-01
8.2469e-01
8.2311e-01
8.2918e-01
8.2719e-01
8.2996e-01
8.1916e-01
8.2361e-01
8.2609e-01
8.2641e-01
8.2906e-01
8.2147e-01
8.2650e-01
8.2487e-01
8.2906e-01
8.2463e-01
8.2703e-01
8.2336e-01
8.2724e-01
8.1218e-01
8.2122e-01
8.2563e-01
8.1998e-01
8.2609e-01
8.3002e-01
8.1950e-01
8.2819e-01
8.2275e-01
8.2501e-01
8.2398e-01
8.2400e-01
8.2713e-01
8.2476e-01
8.2452e-01
8.2398e-01
8.2521e-01
8.3076e-01
8.3067e-01
8.2398e-01
8.2389e-01
8.2674e-01
8.2646e-01
8.2389e-01
8.2665e-01
8.2875e-01
8.2470e-01
8.2738e-01
8.2377e-01
8.2470e-01
8.2642e-01
8.2478e-01
8.2762e-01
8.2352e-01
8.2547e-01
8.3075e-01
8.2546e-01
8.2546e-01
8.3052e-01
8.2057e-01
8.2214e-01
8.2795e-01
8.3062e-01
8.3007e-01
8.2130e-01
8.2352e-01
8.2973e-01
8.2469e-01
8.2155e-01
8.2577e-01
8.2510e-01
8.2613e-01
8.2052e-01
8.2412e-01
8.2685e-01
8.2414e-01
8.2601e-01
8.1874e-01
8.2527e-01
8.2413e-01
8.2946e-01
8.2573e-01
7.8030e-01
8.2560e-01
8.2946e-01
8.2912e-01
8.2189e-01
8.2820e-01
8.2401e-01
8.2646e-01
8.2368e-01
8.2950e-01
8.2920e-01
8.2306e-01
8.2816e-01
8.2511e-01
8.2720e-01
8.2565e-01
8.2298e-01
8.2403e-01
8.2516e-01
8.2367e-01
8.2998e-01
8.2942e-01
8.2664e-01
8.2560e-01
8.2743e-01
8.2243e-01
9.0863e-01
8.2867e-01
8.2138e-01
8.2733e-01
8.2338e-01
8.2651e-01
8.2808e-01
8.2631e-01
8.2616e-01
8.2729e-01
8.2630e-01
8.2273e-01
8.2433e-01
8.2605e-01
8.1944e-01
8.2397e-01
8.2782e-01
8.2733e-01
8.2539e-01
8.2323e-01
8.2584e-01
8.2343e-01
8.2395e-01
8.1787e-01
8.2361e-01
8.2204e-01
8.2588e-01
8.2121e-01
8.2553e-01
8.2479e-01
8.2470e-01
8.2698e-01
8.2600e-01
8.2408e-01
8.2536e-01
8.2711e-01
8.2744e-01
8.2152e-01
8.2707e-01
8.2835e-01
8.2977e-01
8.3132e-01
8.2263e-01
8.2323e-01
8.2856e-01
8.2636e-01
8.2987e-01
8.2679e-01
8.2765e-01
8.3054e-01
8.2854e-01
8.2778e-01
8.2719e-01
8.2348e-01
8.2506e-01
8.3021e-01
8.2805e-01
8.2068e-01
8.2468e-01
8.2643e-01
8.2477e-01
8.1996e-01
8.2644e-01
8.2896e-01
8.2592e-01
8.2617e-01
8.2582e-01
8.2529e-01
8.2341e-01
8.2463e-01
8.2346e-01
8.2564e-01
8.2579e-01
8.2451e-01
8.2413e-01
8.2303e-01
8.2748e-01
8.2718e-01
8.2670e-01
8.2457e-01
8.2733e-01
8.2361e-01
8.2482e-01
8.2673e-01
8.2501e-01
7.8557e-01
8.2588e-01
8.2573e-01
8.2210e-01
8.2483e-01
8.2009e-01
8.2503e-01
8.2206e-01
8.2074e-01
8.2455e-01
8.2841e-01
8.2413e-01
8.2649e-01
8.2837e-01
8.3100e-01
8.2898e-01
8.2679e-01
8.2943e-01
8.2441e-01
8.2713e-01
8.2770e-01
8.2888e-01
8.2714e-01
8.2425e-01
8.2663e-01
8.2343e-01
8.2566e-01
8.2114e-01
8.2685e-01
8.2884e-01
8.2442e-01
8.2715e-01
8.2338e-01
8.2530e-01
8.2737e-01
8.2505e-01
8.3027e-01
8.2532e-01
8.2470e-01
8.2802e-01
8.2385e-01
8.2528e-01
8.2500e-01
8.2246e-01
8.2789e-01
8.2063e-01
8.2016e-01
8.2636e-01
8.2473e-01
8.2611e-01
8.2104e-01
8.2688e-01
8.2780e-01
8.2509e-01
8.2615e-01
8.2574e-01
8.2849e-01
8.2350e-01
8.2555e-01
8.2388e-01
7.8527e-01
8.2741e-01
8.2313e-01
8.2163e-01
8.2289e-01
8.2595e-01
8.2720e-01
8.2212e-01
8.2558e-01
8.2667e-01
8.2541e-01
8.2713e-01
8.2957e-01
8.2023e-01
8.2707e-01
8.2238e-01
8.2662e-01
8.3033e-01
8.2420e-01
8.2573e-01
8.2651e-01
8.2480e-01
8.2581e-01
8.2094e-01
8.2222e-01
8.2387e-01
8.2377e-01
8.2626e-01
8.2906e-01
8.2822e-01
8.2626e-01
8.2508e-01
8.2801e-01
8.2755e-01
8.2788e-01
8.2649e-01
8.2791e-01
8.2293e-01
8.2611e-01
8.2315e-01
8.2485e-01
8.2496e-01
8.1957e-01
8.2624e-01
8.2516e-01
8.2588e-01
8.2629e-01
8.2588e-01
8.2723e-01
8.2589e-01
8.2669e-01
8.2576e-01
8.2735e-01
8.2835e-01
8.2847e-01
8.1853e-01
8.3003e-01
8.2721e-01
8.2544e-01
8.2504e-01
8.2421e-01
8.2864e-01
8.2462e-01
8.3070e-01
8.2912e-01
8.2456e-01
8.2071e-01
8.2060e-01
8.2522e-01
8.2605e-01
8.2521e-01
8.2997e-01
8.2633e-01
8.2288e-01
8.2379e-01
8.2822e-01
8.2717e-01
8.2699e-01
8.2678e-01
8.2701e-01
8.2479e-01
8.2809e-01
8.2490e-01
8.2725e-01
8.2614e-01
8.2726e-01
8.2847e-01
8.2449e-01
8.2225e-01
8.3000e-01
8.2727e-01
8.2635e-01
8.1869e-01
8.2705e-01
8.2902e-01
8.2656e-01
8.2741e-01
8.2887e-01
8.2905e-01
8.2307e-01
8.2761e-01
8.2574e-01
8.2902e-01
8.2717e-01
8.2404e-01
8.2622e-01
8.2077e-01
8.2117e-01
8.2998e-01
8.2811e-01
8.2269e-01
8.2563e-01
8.2856e-01
8.2644e-01
8.2987e-01
8.2933e-01
8.2830e-01
8.2536e-01
8.1936e-01
8.2608e-01
8.2606e-01
8.2658e-01
8.2623e-01
8.2518e-01
8.2809e-01
8.2533e-01
8.2583e-01
8.2862e-01
8.2584e-01
8.2736e-01
8.2561e-01
8.2635e-01
8.2918e-01
8.2608e-01
8.2737e-01
8.2957e-01
8.2756e-01
8.2607e-01
8.2507e-01
8.2677e-01
8.2366e-01
8.2854e-01
8.2833e-01
8.2683e-01
8.2497e-01
8.2059e-01
8.3055e-01
8.2961e-01
8.2364e-01
8.2441e-01
8.2808e-01
8.2513e-01
8.2169e-01
8.2597e-01
8.2872e-01
8.2622e-01
8.2706e-01
8.3084e-01
8.2554e-01
8.2651e-01
8.2501e-01
8.2625e-01
8.2257e-01
8.2730e-01
8.2691e-01
8.2462e-01
8.2525e-01
8.2644e-01
8.2248e-01
8.2336e-01
8.1909e-01
8.2642e-01
8.2908e-01
8.2651e-01
8.2609e-01
8.2794e-01
8.2677e-01
8.2186e-01
8.2432e-01
8.2059e-01
8.2577e-01
8.2922e-01
8.2698e-01
8.2880e-01
8.2380e-01
8.2496e-01
8.2535e-01
8.2752e-01
8.1009e-01
8.1879e-01
8.2509e-01
8.2668e-01
8.1906e-01
8.2900e-01
8.2236e-01
8.3695e-01
8.2720e-01
8.2650e-01
8.2407e-01
8.2756e-01
8.2801e-01
8.2464e-01
8.2975e-01
8.2644e-01
8.2774e-01
8.3000e-01
8.2668e-01
8.2614e-01
8.2250e-01
8.2027e-01
8.2735e-01
8.3084e-01
8.2388e-01
8.2663e-01
8.2549e-01
8.2654e-01
8.2832e-01
8.2587e-01
8.2771e-01
8.1658e-01
8.3322e-01
8.2394e-01
8.2722e-01
8.2048e-01
8.2735e-01
8.2407e-01
8.2880e-01
8.2711e-01
8.2782e-01
8.2010e-01
8.2570e-01
8.2391e-01
8.2392e-01
8.1946e-01
8.3186e-01
8.2212e-01
8.2607e-01
8.2470e-01
8.2606e-01
8.1980e-01
8.2596e-01
8.2712e-01
8.2697e-01
8.2577e-01
8.2415e-01
8.2611e-01
8.2582e-01
8.3100e-01
8.2391e-01
8.2174e-01
8.2541e-01
8.2131e-01
8.2576e-01
8.2803e-01
8.2331e-01
8.2671e-01
8.2825e-01
8.2609e-01
8.2612e-01
8.2513e-01
8.2790e-01
8.2835e-01
8.2574e-01
8.2738e-01
8.2749e-01
8.2710e-01
8.2866e-01
8.2137e-01
8.2626e-01
8.2298e-01
8.2307e-01
8.2635e-01
8.2702e-01
8.3051e-01
8.2289e-01
8.2285e-01
8.2850e-01
8.2790e-01
8.2340e-01
8.2967e-01
8.2596e-01
8.3080e-01
8.2432e-01
8.2353e-01
8.2235e-01
8.2617e-01
8.2120e-01
8.2622e-01
8.2751e-01
8.2566e-01
8.2573e-01
8.2717e-01
8.2203e-01
8.2710e-01
8.3370e-01
8.2937e-01
8.2353e-01
8.2838e-01
8.2501e-01
8.2458e-01
8.2691e-01
8.2727e-01
8.2794e-01
8.2188e-01
8.2692e-01
7.8478e-01
8.2754e-01
8.2246e-01
8.2683e-01
8.2368e-01
8.2651e-01
8.2653e-01
8.1931e-01
8.2464e-01
8.2250e-01
8.2821e-01
8.2828e-01
8.2695e-01
8.2953e-01
8.2363e-01
8.2827e-01
8.3230e-01
8.2256e-01
8.2606e-01
8.2772e-01
8.1918e-01
8.2367e-01
8.2370e-01
8.1668e-01
8.2653e-01
8.2740e-01
8.2933e-01
8.2459e-01
8.2860e-01
8.2864e-01
8.2392e-01
8.2774e-01
8.2741e-01
8.2577e-01
8.2142e-01
8.2805e-01
8.2264e-01
8.2644e-01
8.2566e-01
8.2414e-01
8.2087e-01
8.2206e-01
8.2369e-01
8.2710e-01
8.2348e-01
8.2326e-01
8.2685e-01
8.2783e-01
8.2575e-01
8.2609e-01
8.2085e-01
8.2541e-01
8.2544e-01
8.2587e-01
8.2836e-01
8.2207e-01
8.2481e-01
8.2541e-01
8.2644e-01
8.2365e-01
8.2566e-01
8.2940e-01
8.2699e-01
8.2776e-01
8.2077e-01
8.2198e-01
8.2681e-01
8.2593e-01
8.2852e-01
8.1610e-01
8.2287e-01
8.2367e-01
8.2881e-01
8.2579e-01
8.2243e-01
8.2409e-01
8.2303e-01
8.2206e-01
8.2035e-01
8.2777e-01
8.2837e-01
8.2593e-01
8.2269e-01
8.2455e-01
8.2365e-01
8.2434e-01
8.2257e-01
8.2662e-01
8.2836e-01
8.2553e-01
8.2406e-01
8.2362e-01
8.2244e-01
8.3899e-01
8.2893e-01
8.2884e-01
8.2664e-01
8.2344e-01
8.2524e-01
8.2657e-01
8.2599e-01
8.2519e-01
8.2708e-01
8.2575e-01
8.2669e-01
8.2707e-01
8.1811e-01
8.2632e-01
8.3121e-01
8.2423e-01
8.1920e-01
8.2732e-01
8.2713e-01
8.2676e-01
8.0332e-01
8.2192e-01
8.2355e-01
8.2614e-01
8.2188e-01
8.2849e-01
8.2479e-01
8.2199e-01
8.2779e-01
8.2316e-01
8.2353e-01
8.2811e-01
8.2773e-01
8.1961e-01
8.2686e-01
8.2703e-01
8.2305e-01
8.1732e-01
8.2665e-01
8.2553e-01
8.2474e-01
8.2225e-01
8.2477e-01
8.2569e-01
8.2570e-01
8.2500e-01
8.2206e-01
8.2500e-01
8.3076e-01
8.2701e-01
8.2518e-01
8.2447e-01
8.2753e-01
8.2391e-01
8.2695e-01
8.2580e-01
8.2704e-01
8.2846e-01
8.2704e-01
8.2728e-01
8.2685e-01
8.2010e-01
8.2428e-01
8.1915e-01
8.2771e-01
8.2732e-01
8.2694e-01
8.2978e-01
8.2555e-01
8.2776e-01
8.2410e-01
8.2539e-01
8.2005e-01
8.2450e-01
8.2352e-01
8.2396e-01
8.2639e-01
8.2126e-01
8.2734e-01
8.2558e-01
8.2729e-01
8.2424e-01
8.2262e-01
8.2583e-01
8.2836e-01
8.2786e-01
8.2375e-01
8.2648e-01
8.3041e-01
8.2490e-01
8.2351e-01
8.1913e-01
8.2496e-01
8.2464e-01
8.2253e-01
8.2482e-01
8.3005e-01
8.2638e-01
8.2636e-01
8.2390e-01
8.2937e-01
8.2617e-01
8.2719e-01
8.2763e-01
8.2951e-01
8.2668e-01
8.2670e-01
8.3022e-01
8.2505e-01
8.2327e-01
8.2704e-01
8.2723e-01
8.2652e-01
8.3818e-01
8.2574e-01
8.2687e-01
8.2179e-01
8.2513e-01
8.2440e-01
8.2734e-01
8.2515e-01
8.2323e-01
8.2645e-01
8.2739e-01
8.2937e-01
8.2766e-01
8.2430e-01
8.2683e-01
8.2268e-01
8.2776e-01
8.2570e-01
8.2544e-01
8.2045e-01
8.2692e-01
8.2632e-01
8.1890e-01
8.2798e-01
8.1699e-01
8.2035e-01
8.2748e-01
8.2660e-01
8.2522e-01
8.2751e-01
8.2548e-01
8.2606e-01
8.2480e-01
8.2348e-01
8.2830e-01
8.2664e-01
8.2844e-01
