8.2361e-01
8.2243e-01
8.2194e-01
8.2364e-01
8.2453e-01
8.2162e-01
8.2423e-01
8.2200e-01
8.2087e-01
8.2507e-01
8.2226e-01
8.2343e-01
8.2520e-01
8.2435e-01
8.2198e-01
8.2238e-01
8.2232e-01
8.2176e-01
8.2359e-01
8.1977e-01
8.2276e-01
8.2484e-01
8.2331e-01
8.2141e-01
8.2512e-01
8.2213e-01
8.1813e-01
8.2363e-01
8.2176e-01
8.2362e-01
8.2344e-01
8.2518e-01
8.2733e-01
8.2089e-01
8.1974e-01
8.2163e-01
8.2489e-01
8.2329e-01
8.2215e-01
8.2427e-01
8.2132e-01
8.2114e-01
8.2276e-01
8.2337e-01
8.2229e-01
8.2088e-01
8.2206e-01
8.1901e-01
8.2217e-01
8.2125e-01
8.2207e-01
8.2095e-01
8.2381e-01
8.2477e-01
8.2099e-01
8.1858e-01
8.2305e-01
8.2340e-01
8.2176e-01
8.2475e-01
8.2253e-01
8.2415e-01
8.2065e-01
8.2461e-01
8.2262e-01
8.2617e-01
8.2556e-01
8.2352e-01
8.2220e-01
8.2459e-01
8.2344e-01
8.2398e-01
8.2247e-01
8.2210e-01
8.2456e-01
8.2002e-01
8.2377e-01
8.2397e-01
8.2470e-01
8.2102e-01
8.2096e-01
8.2053e-01
8.2561e-01
8.2119e-01
8.2173e-01
8.2278e-01
8.2475e-01
8.2561e-01
8.2629e-01
8.2384e-01
8.2166e-01
8.2214e-01
8.2170e-01
8.2370e-01
8.1980e-01
8.2247e-01
8.2416e-01
8.1984e-01
8.2435e-01
8.2080e-01
8.2388e-01
8.2096e-01
8.2593e-01
8.2393e-01
8.2598e-01
8.2277e-01
8.2183e-01
8.2261e-01
8.2054e-01
8.2557e-01
8.2424e-01
8.2431e-01
8.2312e-01
8.2354e-01
8.2261e-01
8.2068e-01
8.2279e-01
8.2277e-01
8.2238e-01
8.2015e-01
8.2254e-01
8.2060e-01
8.2462e-01
8.2253e-01
8.2444e-01
8.2219e-01
8.2180e-01
8.2287e-01
8.2174e-01
8.1883e-01
7.6755e-01
8.2332e-01
8.2403e-01
8.2403e-01
8.2443e-01
8.2278e-01
8.2378e-01
8.2055e-01
8.2504e-01
8.2380e-01
8.2367e-01
8.2173e-01
8.2347e-01
8.2272e-01
8.2215e-01
8.2154e-01
8.2312e-01
8.2346e-01
8.2405e-01
8.2296e-01
8.2375e-01
8.1650e-01
8.2390e-01
8.2397e-01
8.2259e-01
8.2392e-01
8.2376e-01
8.2088e-01
8.2379e-01
8.2408e-01
8.2356e-01
8.2082e-01
8.2274e-01
8.2286e-01
8.2136e-01
8.2135e-01
8.2009e-01
8.2170e-01
8.2074e-01
8.2478e-01
8.2135e-01
8.2407e-01
8.2154e-01
8.2061e-01
8.2046e-01
8.2200e-01
8.2601e-01
8.2312e-01
8.1907e-01
8.2056e-01
8.2224e-01
8.1946e-01
8.2116e-01
8.2275e-01
8.2721e-01
8.2144e-01
8.2250e-01
8.2261e-01
8.2363e-01
8.2096e-01
8.2177e-01
8.2056e-01
8.2326e-01
8.2236e-01
8.2156e-01
8.2207e-01
8.2185e-01
8.2130e-01
8.2511e-01
8.2666e-01
8.2014e-01
8.2039e-01
8.2355e-01
8.2434e-01
8.2124e-01
8.1967e-01
8.2565e-01
8.2208e-01
8.2042e-01
8.1958e-01
8.2400e-01
8.2674e-01
8.2189e-01
8.2112e-01
8.2538e-01
8.2299e-01
8.2121e-01
8.2465e-01
8.2498e-01
8.2398e-01
8.2182e-01
8.2561e-01
8.2199e-01
8.2329e-01
8.2127e-01
8.2178e-01
8.2213e-01
8.2066e-01
8.2222e-01
8.2113e-01
8.2608e-01
8.2240e-01
8.1994e-01
8.2312e-01
8.2217e-01
8.2052e-01
8.2444e-01
8.2055e-01
8.2280e-01
8.2221e-01
8.2179e-01
8.2306e-01
8.2192e-01
8.2386e-01
8.2733e-01
8.2318e-01
8.2446e-01
8.2420e-01
8.2087e-01
8.2482e-01
8.2027e-01
8.2432e-01
8.2627e-01
8.2475e-01
8.2347e-01
8.2220e-01
8.2207e-01
8.2391e-01
8.2576e-01
8.2327e-01
8.2069e-01
8.2268e-01
8.2177e-01
8.2241e-01
8.2152e-01
8.2375e-01
8.2470e-01
8.2280e-01
8.2448e-01
8.2119e-01
8.2426e-01
8.2120e-01
8.2137e-01
8.2420e-01
8.2229e-01
8.2280e-01
8.2065e-01
8.2179e-01
8.2004e-01
8.2526e-01
8.2136e-01
8.2118e-01
8.2345e-01
8.2224e-01
8.2430e-01
8.2071e-01
8.2144e-01
8.2043e-01
8.2326e-01
8.2433e-01
8.1900e-01
8.2127e-01
8.2353e-01
8.2358e-01
8.2083e-01
8.2045e-01
8.2070e-01
8.2297e-01
8.2421e-01
8.2118e-01
8.2057e-01
8.2198e-01
8.2073e-01
8.2396e-01
8.2273e-01
8.2491e-01
8.2267e-01
8.2347e-01
8.2165e-01
8.2406e-01
8.2192e-01
8.2637e-01
8.2217e-01
8.2438e-01
8.2349e-01
8.2288e-01
8.2392e-01
8.2274e-01
8.2577e-01
8.2385e-01
8.2166e-01
8.2238e-01
8.2395e-01
8.2090e-01
8.2304e-01
8.1981e-01
8.2126e-01
8.2319e-01
8.2312e-01
8.2250e-01
8.2266e-01
8.2217e-01
8.2453e-01
8.2335e-01
8.2534e-01
8.2327e-01
8.2379e-01
8.2433e-01
8.2307e-01
8.2581e-01
8.2018e-01
8.2062e-01
8.2327e-01
8.2249e-01
8.2189e-01
8.2256e-01
8.2341e-01
8.2579e-01
8.2086e-01
8.2165e-01
8.2258e-01
8.2309e-01
8.2244e-01
8.2382e-01
8.2399e-01
8.2522e-01
8.2220e-01
8.2285e-01
8.1898e-01
8.2173e-01
8.2156e-01
8.2274e-01
8.2574e-01
8.2479e-01
8.2356e-01
8.2488e-01
8.2381e-01
8.2432e-01
8.2073e-01
8.1921e-01
8.2576e-01
8.2275e-01
8.2099e-01
8.1937e-01
8.2385e-01
8.2366e-01
8.2485e-01
7.9770e-01
8.2382e-01
8.2157e-01
8.2603e-01
8.2280e-01
8.2314e-01
8.1865e-01
8.2471e-01
8.2539e-01
8.2451e-01
8.2142e-01
8.2138e-01
8.2052e-01
8.2262e-01
8.2199e-01
8.2512e-01
8.1777e-01
8.2078e-01
8.1970e-01
8.2265e-01
8.2002e-01
8.2206e-01
8.2182e-01
8.2109e-01
8.2199e-01
8.2089e-01
8.2424e-01
8.2453e-01
8.2477e-01
8.2348e-01
8.2162e-01
8.2480e-01
8.2143e-01
8.2363e-01
8.2386e-01
8.2226e-01
8.2181e-01
8.2124e-01
8.2233e-01
8.2294e-01
8.2435e-01
8.2163e-01
8.2220e-01
8.2034e-01
8.2363e-01
8.2338e-01
8.2414e-01
8.2129e-01
8.2519e-01
8.2224e-01
8.2264e-01
8.2460e-01
8.2012e-01
8.2332e-01
8.2340e-01
8.2089e-01
8.2212e-01
8.2142e-01
8.2488e-01
8.2431e-01
8.2362e-01
8.2603e-01
8.2468e-01
8.2061e-01
8.2558e-01
8.2257e-01
8.2400e-01
8.2504e-01
8.2113e-01
8.2069e-01
8.2396e-01
8.2462e-01
8.2249e-01
8.2398e-01
8.2313e-01
8.2376e-01
8.2381e-01
8.2360e-01
8.2335e-01
8.2569e-01
8.2090e-01
8.2402e-01
8.1880e-01
8.2338e-01
8.2383e-01
8.2415e-01
8.2448e-01
8.2342e-01
8.2060e-01
8.2325e-01
8.2126e-01
8.2114e-01
8.2507e-01
8.2180e-01
8.2013e-01
8.2391e-01
8.2421e-01
8.2344e-01
8.2318e-01
8.2069e-01
8.2317e-01
8.2365e-01
8.2191e-01
8.2257e-01
8.1948e-01
8.0236e-01
8.2427e-01
8.2082e-01
8.2384e-01
8.2412e-01
8.2344e-01
8.2392e-01
8.2278e-01
8.2466e-01
8.2360e-01
8.1873e-01
8.2435e-01
8.2257e-01
8.2391e-01
8.2328e-01
8.2074e-01
8.2338e-01
8.2545e-01
8.1973e-01
8.2283e-01
8.2371e-01
8.2183e-01
8.2489e-01
8.2364e-01
8.2291e-01
8.2182e-01
8.2142e-01
8.2371e-01
8.2168e-01
8.2247e-01
8.1982e-01
8.2303e-01
8.2556e-01
8.2398e-01
8.2123e-01
8.2300e-01
8.2429e-01
8.2206e-01
8.2418e-01
8.2172e-01
8.2007e-01
8.2267e-01
8.2116e-01
8.2281e-01
8.2243e-01
8.2116e-01
8.2070e-01
8.2262e-01
8.2632e-01
8.2387e-01
8.2336e-01
8.2228e-01
8.2551e-01
8.2343e-01
8.2208e-01
8.2508e-01
8.2250e-01
8.2139e-01
8.2465e-01
8.2202e-01
8.2496e-01
8.2090e-01
8.2325e-01
8.2268e-01
8.2034e-01
8.2134e-01
8.2473e-01
8.2445e-01
8.2491e-01
8.2082e-01
8.2185e-01
8.2357e-01
8.2141e-01
8.2594e-01
8.2173e-01
8.2265e-01
8.2419e-01
8.2110e-01
8.2131e-01
8.2367e-01
8.2450e-01
8.1941e-01
8.2705e-01
8.2409e-01
8.2157e-01
8.1826e-01
8.2255e-01
8.2426e-01
8.2340e-01
8.2381e-01
8.2405e-01
8.1862e-01
8.2341e-01
8.2375e-01
8.2390e-01
8.2250e-01
8.2250e-01
8.2427e-01
8.2232e-01
8.2534e-01
8.2381e-01
8.2064e-01
8.2139e-01
8.2263e-01
8.2133e-01
8.2295e-01
8.2601e-01
8.2323e-01
8.2342e-01
8.2225e-01
8.2149e-01
8.2048e-01
8.2045e-01
8.2291e-01
8.2370e-01
8.2463e-01
8.2152e-01
8.2326e-01
8.2099e-01
8.2087e-01
8.2345e-01
8.2341e-01
8.2250e-01
8.2292e-01
8.2319e-01
8.2167e-01
8.2325e-01
8.1986e-01
8.2248e-01
8.2105e-01
8.2334e-01
8.2186e-01
8.2058e-01
8.2191e-01
8.2047e-01
8.1872e-01
8.2414e-01
8.2365e-01
8.2135e-01
8.2393e-01
8.2359e-01
8.2036e-01
8.2231e-01
8.2279e-01
8.2607e-01
8.2124e-01
8.2319e-01
8.2152e-01
8.2310e-01
8.2627e-01
8.2275e-01
8.2423e-01
8.2529e-01
8.2192e-01
8.2264e-01
8.2342e-01
8.2380e-01
8.2361e-01
8.2269e-01
8.1775e-01
8.2600e-01
8.2220e-01
8.2267e-01
8.2437e-01
8.2474e-01
8.1947e-01
8.2517e-01
8.2055e-01
8.2080e-01
8.2367e-01
8.2146e-01
8.2218e-01
8.2502e-01
8.2360e-01
8.2243e-01
8.2524e-01
8.2199e-01
8.2011e-01
8.2540e-01
8.2422e-01
8.2373e-01
8.2376e-01
8.2202e-01
8.2310e-01
8.2436e-01
8.2369e-01
8.2078e-01
8.2112e-01
8.2212e-01
8.2186e-01
8.2468e-01
8.2387e-01
8.2629e-01
8.2433e-01
8.2348e-01
8.2293e-01
8.2567e-01
8.2135e-01
8.2250e-01
8.2433e-01
8.2497e-01
8.2179e-01
8.2378e-01
8.2477e-01
8.2139e-01
8.2128e-01
8.2244e-01
8.2793e-01
8.2549e-01
8.2027e-01
8.2189e-01
8.2138e-01
8.2318e-01
8.2145e-01
8.2310e-01
8.2375e-01
8.2486e-01
8.2355e-01
8.2624e-01
8.2295e-01
8.1892e-01
8.2024e-01
8.1480e-01
8.2402e-01
8.2186e-01
8.2243e-01
8.2378e-01
8.2011e-01
8.2349e-01
8.2091e-01
8.2641e-01
8.1982e-01
8.2055e-01
8.2093e-01
8.2261e-01
8.2141e-01
8.2372e-01
8.2370e-01
8.2277e-01
8.2260e-01
8.2239e-01
8.2308e-01
8.1782e-01
8.2459e-01
8.2183e-01
8.2023e-01
8.2235e-01
8.2498e-01
8.2164e-01
8.2204e-01
8.2231e-01
8.2111e-01
8.2536e-01
8.1948e-01
8.2126e-01
8.2283e-01
8.2304e-01
8.2422e-01
8.2423e-01
8.2258e-01
8.1930e-01
8.2416e-01
8.2485e-01
8.2156e-01
8.2335e-01
8.2217e-01
8.2124e-01
8.2403e-01
8.2270e-01
8.2105e-01
8.2402e-01
8.2111e-01
8.2173e-01
8.2251e-01
8.2305e-01
8.2557e-01
8.2062e-01
8.2257e-01
8.2333e-01
8.2309e-01
8.2113e-01
8.2150e-01
8.2066e-01
8.2348e-01
8.2162e-01
8.1914e-01
8.2250e-01
8.2130e-01
8.2099e-01
8.2274e-01
8.2794e-01
8.2448e-01
8.2240e-01
8.2168e-01
8.2485e-01
8.2154e-01
8.2436e-01
8.2570e-01
8.2369e-01
8.2511e-01
8.2169e-01
8.2373e-01
8.2153e-01
8.1910e-01
8.2222e-01
8.2463e-01
8.2286e-01
8.2584e-01
8.2322e-01
8.2265e-01
8.2474e-01
8.2409e-01
8.2480e-01
8.2189e-01
8.2532e-01
8.2442e-01
8.2170e-01
8.2345e-01
7.8802e-01
8.2533e-01
8.1939e-01
8.2159e-01
8.2563e-01
7.7657e-01
8.2327e-01
8.2011e-01
8.2045e-01
8.2224e-01
8.2459e-01
8.2046e-01
8.2125e-01
8.2401e-01
8.1828e-01
8.2599e-01
8.2337e-01
8.2585e-01
8.2271e-01
8.2199e-01
8.2123e-01
8.2032e-01
8.2161e-01
8.2136e-01
8.1938e-01
8.2573e-01
8.2311e-01
8.2293e-01
8.2140e-01
8.2012e-01
8.2343e-01
8.2395e-01
8.2283e-01
8.2254e-01
8.2388e-01
8.2305e-01
8.2442e-01
8.2137e-01
8.2293e-01
8.2344e-01
8.2207e-01
8.2266e-01
8.1908e-01
8.2234e-01
8.2088e-01
8.2324e-01
8.2478e-01
8.2274e-01
8.2270e-01
8.2200e-01
8.2081e-01
8.2350e-01
8.2223e-01
8.1736e-01
8.2244e-01
8.2512e-01
8.2164e-01
8.2592e-01
8.2569e-01
8.2431e-01
8.2404e-01
8.2322e-01
8.2036e-01
8.2256e-01
8.2262e-01
8.2224e-01
8.2212e-01
8.2606e-01
8.2216e-01
8.2173e-01
8.2187e-01
8.1891e-01
8.2136e-01
8.2356e-01
8.2181e-01
8.1256e-01
8.2194e-01
8.2158e-01
8.2278e-01
8.2122e-01
8.2433e-01
8.2310e-01
8.2576e-01
8.2171e-01
8.2087e-01
8.2236e-01
8.2361e-01
8.1770e-01
8.2404e-01
8.2110e-01
8.2416e-01
8.2129e-01
8.2304e-01
8.2257e-01
8.2566e-01
8.2034e-01
8.2031e-01
8.2023e-01
8.2490e-01
8.2461e-01
8.2273e-01
8.2243e-01
8.2452e-01
8.2136e-01
8.2096e-01
8.2264e-01
8.2233e-01
8.1964e-01
8.2488e-01
8.2368e-01
8.2584e-01
8.2457e-01
8.2297e-01
8.1936e-01
8.2284e-01
8.2286e-01
8.2040e-01
8.2370e-01
8.2877e-01
8.2388e-01
8.2252e-01
8.2342e-01
8.2466e-01
8.2006e-01
8.2460e-01
8.2308e-01
8.2272e-01
8.2150e-01
8.1331e-01
8.2615e-01
8.2458e-01
8.2152e-01
8.2471e-01
8.2316e-01
8.2696e-01
8.2222e-01
8.2197e-01
8.2643e-01
8.2219e-01
8.2106e-01
8.2087e-01
8.2297e-01
8.1632e-01
8.2263e-01
8.2246e-01
8.2657e-01
8.2414e-01
8.2431e-01
8.2368e-01
8.2038e-01
8.2178e-01
8.2177e-01
8.2331e-01
8.1994e-01
8.2190e-01
8.2396e-01
8.2459e-01
8.2053e-01
8.2051e-01
8.2194e-01
8.2361e-01
8.2266e-01
8.2019e-01
8.2475e-01
8.2009e-01
8.2553e-01
8.2324e-01
8.2494e-01
8.2218e-01
8.2140e-01
8.2437e-01
8.2267e-01
8.2468e-01
8.1952e-01
8.2121e-01
8.2458e-01
8.2317e-01
8.2410e-01
8.1944e-01
8.2388e-01
8.2327e-01
8.2437e-01
8.2331e-01
8.2385e-01
8.2180e-01
8.2246e-01
8.2221e-01
8.2423e-01
8.2201e-01
8.2153e-01
8.2345e-01
8.2370e-01
8.2185e-01
8.2056e-01
8.2039e-01
8.2469e-01
8.2333e-01
8.2655e-01
8.2358e-01
8.2252e-01
