8.5364e-01
8.5902e-01
8.5938e-01
7.5893e-01
8.1218e-01
8.6512e-01
8.5356e-01
8.5257e-01
8.1425e-01
8.6160e-01
8.6050e-01
8.6583e-01
6.9066e-01
8.5448e-01
8.7618e-01
8.5949e-01
8.2845e-01
8.0979e-01
8.6045e-01
8.6790e-01
8.3276e-01
8.3048e-01
8.7974e-01
8.6615e-01
8.5494e-01
8.6336e-01
8.6450e-01
8.4035e-01
7.5718e-01
8.6687e-01
8.6270e-01
8.5122e-01
8.5618e-01
8.2093e-01
8.7626e-01
8.5658e-01
7.7907e-01
8.4690e-01
8.4434e-01
8.5146e-01
8.5605e-01
7.3101e-01
8.5503e-01
8.5972e-01
8.6219e-01
8.6412e-01
8.4886e-01
8.3546e-01
8.5041e-01
8.4375e-01
8.5328e-01
8.5637e-01
8.5164e-01
8.5735e-01
8.4892e-01
8.6475e-01
8.7430e-01
8.6493e-01
8.5945e-01
7.6808e-01
7.2322e-01
8.2281e-01
8.5162e-01
6.8579e-01
8.2182e-01
8.5920e-01
8.5340e-01
8.7526e-01
8.4250e-01
8.4233e-01
8.4397e-01
8.6984e-01
8.6292e-01
8.5578e-01
8.5521e-01
7.3790e-01
8.5542e-01
8.5959e-01
8.4670e-01
8.4960e-01
8.5836e-01
8.5973e-01
8.6267e-01
8.6722e-01
7.7863e-01
7.2887e-01
8.4894e-01
8.6735e-01
8.6575e-01
8.4539e-01
8.4654e-01
8.6598e-01
8.5643e-01
8.5412e-01
8.7337e-01
8.4981e-01
8.4985e-01
8.7453e-01
8.6095e-01
8.3563e-01
8.4922e-01
8.6232e-01
6.9437e-01
6.8945e-01
8.5556e-01
8.5454e-01
8.7362e-01
8.7091e-01
8.5042e-01
7.7871e-01
8.3131e-01
8.6986e-01
8.6288e-01
8.1086e-01
8.5730e-01
8.6688e-01
8.5957e-01
8.4769e-01
8.6555e-01
8.5113e-01
8.6462e-01
8.5741e-01
8.7363e-01
8.5455e-01
7.1418e-01
8.2195e-01
7.0669e-01
8.4685e-01
8.4872e-01
8.5952e-01
8.6005e-01
7.3489e-01
8.5898e-01
8.2597e-01
8.5029e-01
8.4919e-01
8.4171e-01
8.5893e-01
8.6232e-01
8.4258e-01
8.6398e-01
8.6475e-01
8.7027e-01
8.1769e-01
8.7147e-01
8.6291e-01
8.1257e-01
8.6632e-01
8.3851e-01
8.4742e-01
7.2351e-01
8.4547e-01
8.7896e-01
8.4211e-01
7.4936e-01
8.6647e-01
8.5331e-01
8.6775e-01
8.5310e-01
8.0998e-01
8.6379e-01
8.5279e-01
8.5686e-01
8.4873e-01
7.5058e-01
8.4080e-01
8.5581e-01
8.6755e-01
8.3032e-01
8.5937e-01
8.4131e-01
8.5391e-01
8.5740e-01
8.6350e-01
8.4518e-01
8.6292e-01
8.4861e-01
8.3848e-01
8.4845e-01
8.3491e-01
8.5552e-01
8.5155e-01
8.5210e-01
8.6285e-01
8.6267e-01
7.5097e-01
8.3751e-01
8.7103e-01
8.5442e-01
8.3920e-01
7.1885e-01
8.6065e-01
8.7310e-01
8.5870e-01
8.3420e-01
8.0832e-01
8.6195e-01
8.4697e-01
8.4994e-01
8.4708e-01
7.7237e-01
8.1083e-01
8.4596e-01
8.5149e-01
8.4460e-01
8.5133e-01
8.5716e-01
8.4483e-01
8.5973e-01
8.5657e-01
8.4041e-01
8.4945e-01
8.5590e-01
8.4791e-01
8.5587e-01
8.4867e-01
8.5370e-01
8.5940e-01
8.5110e-01
8.5536e-01
8.6919e-01
8.1841e-01
8.4849e-01
8.5587e-01
8.3945e-01
8.6493e-01
7.0483e-01
8.5765e-01
8.1185e-01
8.1115e-01
8.2603e-01
8.5786e-01
8.5413e-01
8.5067e-01
8.3565e-01
8.5428e-01
8.5695e-01
7.4310e-01
8.5913e-01
8.5695e-01
8.5550e-01
6.7839e-01
8.5408e-01
8.3949e-01
8.7060e-01
8.3089e-01
8.4631e-01
8.6464e-01
8.3559e-01
8.4707e-01
7.8447e-01
8.0297e-01
8.4360e-01
8.0001e-01
8.6947e-01
6.9636e-01
7.3732e-01
8.5381e-01
8.6702e-01
8.2312e-01
8.5147e-01
8.4520e-01
8.1712e-01
8.6311e-01
8.5134e-01
7.4194e-01
7.0317e-01
8.5150e-01
8.6538e-01
8.5454e-01
8.1041e-01
7.3654e-01
8.7715e-01
8.3438e-01
8.6092e-01
8.4033e-01
8.5105e-01
8.8260e-01
8.7075e-01
8.4823e-01
7.6115e-01
8.5642e-01
8.7420e-01
8.4142e-01
8.5860e-01
8.0192e-01
8.4966e-01
8.5132e-01
8.2530e-01
8.2097e-01
8.4720e-01
8.0053e-01
8.4694e-01
8.5957e-01
8.5337e-01
8.3797e-01
8.2846e-01
8.5760e-01
8.4908e-01
7.8023e-01
8.6732e-01
6.9887e-01
8.5605e-01
8.5068e-01
8.5657e-01
8.6488e-01
8.5500e-01
8.5249e-01
8.4580e-01
8.5092e-01
8.4610e-01
8.4561e-01
8.6321e-01
8.6421e-01
8.7219e-01
7.9009e-01
7.1421e-01
8.5242e-01
8.5534e-01
8.4398e-01
8.6178e-01
8.6733e-01
8.4557e-01
8.5086e-01
8.5253e-01
8.6202e-01
8.6584e-01
8.4635e-01
8.5657e-01
8.4639e-01
7.9670e-01
8.5491e-01
8.6687e-01
8.4868e-01
8.3897e-01
8.6219e-01
7.9511e-01
8.6285e-01
6.9546e-01
8.2952e-01
8.1150e-01
8.5645e-01
8.6541e-01
8.5886e-01
8.4152e-01
8.3770e-01
8.5375e-01
8.3964e-01
8.4774e-01
8.5589e-01
8.6183e-01
8.5908e-01
8.7240e-01
8.6028e-01
8.4415e-01
8.4585e-01
8.5225e-01
6.9599e-01
8.4301e-01
8.5245e-01
8.6591e-01
8.4909e-01
8.5188e-01
8.7651e-01
8.4925e-01
8.6013e-01
8.5455e-01
8.5673e-01
7.8009e-01
8.5487e-01
8.5207e-01
8.5923e-01
8.5532e-01
8.5633e-01
8.7219e-01
8.5902e-01
8.3969e-01
8.6270e-01
7.7808e-01
8.4634e-01
8.4121e-01
8.6494e-01
8.4428e-01
8.5872e-01
8.5023e-01
8.5266e-01
8.5531e-01
8.6892e-01
8.5872e-01
8.4762e-01
8.6010e-01
8.5555e-01
8.5660e-01
6.6686e-01
8.7370e-01
8.3615e-01
7.1218e-01
8.6597e-01
8.7161e-01
8.6044e-01
8.4644e-01
8.5760e-01
7.8027e-01
8.7153e-01
8.3485e-01
8.4625e-01
8.5672e-01
8.5144e-01
8.5383e-01
8.5968e-01
8.6412e-01
8.5196e-01
8.5551e-01
8.5861e-01
8.5588e-01
8.6639e-01
8.6399e-01
8.6318e-01
8.6868e-01
8.8880e-01
8.5564e-01
8.5661e-01
8.4933e-01
8.6791e-01
7.8833e-01
8.5386e-01
7.6429e-01
8.3701e-01
8.5307e-01
8.4667e-01
7.7806e-01
8.5769e-01
8.6395e-01
8.4158e-01
8.4532e-01
8.5464e-01
8.4527e-01
8.5468e-01
7.2788e-01
8.5854e-01
8.5846e-01
8.5073e-01
8.0722e-01
8.4440e-01
8.5879e-01
8.5337e-01
8.6653e-01
8.3317e-01
8.5561e-01
8.6150e-01
8.6460e-01
8.6133e-01
8.6030e-01
8.4461e-01
8.4304e-01
8.5118e-01
8.6359e-01
8.6031e-01
8.6746e-01
8.4730e-01
8.6304e-01
8.5651e-01
8.3300e-01
8.5468e-01
8.5732e-01
8.6196e-01
8.5427e-01
8.5455e-01
8.7050e-01
8.7698e-01
8.5952e-01
8.5995e-01
8.4728e-01
7.6676e-01
8.5297e-01
8.6789e-01
7.9725e-01
8.3917e-01
8.4809e-01
8.5010e-01
8.3930e-01
8.1321e-01
8.4363e-01
8.5636e-01
8.4296e-01
8.5661e-01
6.6199e-01
8.6544e-01
8.4874e-01
7.8278e-01
8.5088e-01
7.9955e-01
8.6467e-01
8.7312e-01
8.4843e-01
8.5854e-01
8.4174e-01
8.4390e-01
8.4644e-01
8.1507e-01
8.6494e-01
8.6231e-01
8.6973e-01
8.7211e-01
8.5246e-01
8.4887e-01
8.4684e-01
8.5930e-01
8.4820e-01
8.5118e-01
8.6152e-01
8.3931e-01
8.5980e-01
8.4655e-01
8.5149e-01
8.3955e-01
8.5076e-01
8.6807e-01
8.5724e-01
8.5135e-01
8.5256e-01
8.5292e-01
8.5478e-01
8.5206e-01
8.6051e-01
8.5292e-01
8.0152e-01
8.6284e-01
7.1298e-01
8.5565e-01
8.5456e-01
8.4050e-01
8.4511e-01
8.6214e-01
8.6424e-01
8.5644e-01
8.6667e-01
8.4754e-01
8.5180e-01
8.4996e-01
7.2596e-01
8.3156e-01
8.5171e-01
8.5633e-01
8.5836e-01
8.6586e-01
8.1081e-01
7.7973e-01
8.6308e-01
8.7210e-01
8.4441e-01
8.6397e-01
8.6017e-01
7.6977e-01
8.4901e-01
8.6675e-01
8.6212e-01
7.1052e-01
8.0586e-01
7.8916e-01
8.5466e-01
8.7009e-01
8.3962e-01
8.2855e-01
8.6149e-01
8.5771e-01
8.2429e-01
8.5647e-01
8.0080e-01
8.6632e-01
8.5798e-01
8.5021e-01
8.5306e-01
8.7338e-01
8.6639e-01
8.6330e-01
8.6137e-01
8.2737e-01
8.6451e-01
8.5467e-01
8.5357e-01
8.4318e-01
8.5444e-01
8.4780e-01
8.3223e-01
8.5926e-01
8.6631e-01
8.5341e-01
8.5042e-01
8.5441e-01
8.5034e-01
8.1496e-01
8.5560e-01
8.5128e-01
8.5163e-01
8.7106e-01
8.5365e-01
8.7068e-01
8.4608e-01
8.4529e-01
8.6119e-01
8.4983e-01
8.7802e-01
8.7270e-01
8.6448e-01
8.4246e-01
8.0973e-01
8.4879e-01
8.5101e-01
8.6996e-01
8.4627e-01
8.5140e-01
8.4314e-01
8.4580e-01
6.8643e-01
8.5474e-01
8.4711e-01
8.5842e-01
6.9685e-01
8.5782e-01
8.5128e-01
8.5499e-01
8.4303e-01
8.6698e-01
8.5178e-01
8.6826e-01
8.4595e-01
8.5264e-01
8.5750e-01
8.5618e-01
8.5464e-01
8.4970e-01
8.3183e-01
8.5559e-01
8.4823e-01
8.6829e-01
8.6250e-01
8.6485e-01
8.5610e-01
8.7879e-01
8.3837e-01
8.5688e-01
8.4546e-01
8.5340e-01
7.2999e-01
8.7095e-01
8.5086e-01
8.5011e-01
8.4291e-01
8.5501e-01
8.4491e-01
8.6021e-01
8.4408e-01
8.6624e-01
8.7420e-01
8.4378e-01
8.5363e-01
8.6425e-01
8.6370e-01
8.4474e-01
7.7655e-01
8.5529e-01
8.5719e-01
8.4659e-01
8.7518e-01
8.6781e-01
8.5484e-01
8.3187e-01
8.7339e-01
8.5663e-01
8.4971e-01
8.5789e-01
8.6651e-01
8.5658e-01
8.8417e-01
8.6128e-01
8.2049e-01
8.5288e-01
8.4950e-01
7.7774e-01
8.6464e-01
8.7696e-01
8.3932e-01
8.7340e-01
8.5859e-01
8.6551e-01
8.1564e-01
8.5678e-01
8.5574e-01
8.3311e-01
8.5378e-01
8.4726e-01
8.5192e-01
8.6788e-01
7.8156e-01
8.4917e-01
8.4613e-01
8.6702e-01
8.6293e-01
8.6397e-01
8.4805e-01
8.4247e-01
8.4545e-01
8.3983e-01
7.7950e-01
8.5997e-01
8.0797e-01
8.4716e-01
8.5408e-01
8.5045e-01
8.5637e-01
8.4414e-01
8.6663e-01
8.5484e-01
8.4869e-01
8.5301e-01
8.6307e-01
8.6177e-01
7.0420e-01
7.9847e-01
8.5470e-01
8.4464e-01
8.4426e-01
8.6060e-01
8.5061e-01
8.7259e-01
8.6166e-01
8.4038e-01
8.3618e-01
8.5267e-01
8.4874e-01
8.6143e-01
8.4725e-01
8.4302e-01
8.6096e-01
8.5718e-01
7.7881e-01
8.6553e-01
8.5221e-01
8.5075e-01
8.5841e-01
8.6049e-01
8.4597e-01
8.6200e-01
8.5370e-01
8.5656e-01
8.4826e-01
7.9512e-01
8.2401e-01
8.5648e-01
8.6060e-01
8.3868e-01
8.6339e-01
8.6428e-01
8.6810e-01
8.4592e-01
8.5785e-01
8.6129e-01
8.5276e-01
8.4843e-01
8.6661e-01
8.5469e-01
8.5766e-01
8.1133e-01
8.0640e-01
8.7408e-01
8.6205e-01
8.6014e-01
7.8944e-01
8.4451e-01
8.5806e-01
8.6521e-01
6.4853e-01
8.6314e-01
8.6028e-01
8.5547e-01
8.5833e-01
8.4293e-01
8.5026e-01
8.3417e-01
8.6357e-01
8.3894e-01
8.5868e-01
8.8337e-01
7.7545e-01
8.6101e-01
8.3782e-01
8.6289e-01
8.6831e-01
8.4458e-01
8.6255e-01
8.3774e-01
8.6024e-01
8.5614e-01
8.6339e-01
8.5500e-01
8.5714e-01
8.6726e-01
7.3567e-01
8.6579e-01
8.5855e-01
8.3777e-01
8.5035e-01
8.5140e-01
8.7827e-01
8.4296e-01
8.6030e-01
8.1150e-01
8.4056e-01
8.5091e-01
8.5415e-01
7.2201e-01
8.5130e-01
8.6064e-01
8.6748e-01
8.6906e-01
8.5423e-01
8.5303e-01
7.3101e-01
8.5876e-01
6.6768e-01
8.5436e-01
8.6682e-01
8.6621e-01
8.6300e-01
8.4820e-01
7.4261e-01
8.5791e-01
8.4996e-01
8.5216e-01
8.5568e-01
8.4874e-01
8.4885e-01
8.7672e-01
8.6309e-01
8.6894e-01
8.7713e-01
8.6078e-01
8.6310e-01
8.4660e-01
8.6602e-01
8.3215e-01
8.6998e-01
8.7005e-01
8.5552e-01
8.6484e-01
8.7227e-01
9.0859e-01
8.6392e-01
8.5858e-01
8.5743e-01
8.5213e-01
8.4608e-01
8.5478e-01
8.7287e-01
8.7681e-01
8.6320e-01
8.6199e-01
6.5354e-01
7.8425e-01
8.5247e-01
8.4996e-01
7.7619e-01
8.5430e-01
8.5927e-01
6.7809e-01
6.8870e-01
8.3997e-01
8.4563e-01
8.6001e-01
8.4472e-01
8.5578e-01
8.4667e-01
8.5470e-01
8.6551e-01
8.5793e-01
8.4340e-01
8.4993e-01
8.4934e-01
8.5815e-01
8.4218e-01
7.2625e-01
8.7392e-01
6.7453e-01
8.3739e-01
8.4279e-01
8.5805e-01
6.8240e-01
7.1950e-01
8.5795e-01
8.4972e-01
8.5835e-01
8.5450e-01
8.4746e-01
8.4294e-01
8.7604e-01
8.4602e-01
7.2506e-01
8.4773e-01
8.0473e-01
8.6748e-01
7.1273e-01
7.3604e-01
8.6227e-01
8.4261e-01
8.6289e-01
8.4698e-01
8.4421e-01
8.7663e-01
8.5290e-01
7.2032e-01
8.4541e-01
8.5659e-01
8.6259e-01
8.7747e-01
8.4031e-01
8.5577e-01
8.4734e-01
7.7922e-01
8.5106e-01
8.5636e-01
8.5161e-01
8.4188e-01
8.5712e-01
7.7357e-01
8.6925e-01
8.5997e-01
8.2056e-01
8.6542e-01
8.5059e-01
8.7391e-01
8.4809e-01
7.1860e-01
8.6535e-01
8.5347e-01
7.3876e-01
8.5574e-01
8.4390e-01
8.6199e-01
8.4981e-01
8.6919e-01
8.5412e-01
6.8192e-01
8.3935e-01
8.7442e-01
8.5424e-01
8.5897e-01
8.7045e-01
8.6396e-01
8.6034e-01
8.5271e-01
8.5042e-01
8.4190e-01
8.3153e-01
8.5951e-01
7.4893e-01
7.2938e-01
8.2179e-01
8.6340e-01
8.1643e-01
8.5396e-01
8.3978e-01
8.4085e-01
8.7688e-01
8.5688e-01
8.5748e-01
8.5706e-01
8.3462e-01
8.4271e-01
8.7182e-01
8.7434e-01
8.5715e-01
8.6596e-01
8.6414e-01
8.3154e-01
8.5803e-01
8.6961e-01
7.0010e-01
8.5957e-01
8.3903e-01
8.4818e-01
8.5356e-01
8.4778e-01
8.3553e-01
8.4949e-01
8.6309e-01
8.6302e-01
8.4285e-01
8.1290e-01
8.5914e-01
8.4484e-01
8.5838e-01
8.5272e-01
7.8982e-01
8.4650e-01
8.5731e-01
8.6791e-01
8.5423e-01
8.6947e-01
8.4609e-01
