8.3367e-01
8.5405e-01
8.6786e-01
8.7300e-01
8.5921e-01
8.4948e-01
8.5454e-01
8.5948e-01
8.6897e-01
8.6655e-01
7.9473e-01
8.4952e-01
8.5998e-01
8.5353e-01
8.4837e-01
8.6001e-01
8.5991e-01
8.7514e-01
7.9780e-01
8.5090e-01
8.4324e-01
8.5735e-01
8.5984e-01
8.5446e-01
8.6774e-01
8.5524e-01
8.5402e-01
8.6005e-01
8.5658e-01
8.5550e-01
8.5848e-01
8.8031e-01
8.6910e-01
8.5679e-01
8.5929e-01
8.5272e-01
8.6016e-01
8.6725e-01
8.6367e-01
8.4812e-01
8.6952e-01
8.6417e-01
8.5520e-01
8.6740e-01
8.5100e-01
8.5307e-01
8.7474e-01
8.4354e-01
8.4763e-01
8.4350e-01
8.5666e-01
8.6760e-01
8.4700e-01
8.5592e-01
8.5775e-01
8.4731e-01
8.6188e-01
8.7267e-01
8.4457e-01
8.7335e-01
8.6553e-01
8.5670e-01
8.6101e-01
8.6658e-01
8.5366e-01
8.5186e-01
8.5701e-01
8.5437e-01
8.6507e-01
8.7142e-01
8.4017e-01
8.7205e-01
8.7074e-01
8.5684e-01
8.5846e-01
8.5583e-01
8.5191e-01
8.6618e-01
8.6308e-01
8.8293e-01
8.7258e-01
8.5704e-01
8.6696e-01
8.6537e-01
8.5094e-01
8.5451e-01
8.5492e-01
8.6304e-01
8.6179e-01
8.5675e-01
8.6916e-01
8.6438e-01
8.6467e-01
8.7044e-01
8.5200e-01
8.5977e-01
8.5631e-01
8.7984e-01
8.7566e-01
8.4619e-01
8.5842e-01
8.5491e-01
8.5928e-01
8.5645e-01
8.6371e-01
8.7178e-01
8.6771e-01
8.5661e-01
8.6000e-01
8.4277e-01
8.4922e-01
8.6233e-01
8.3339e-01
8.6744e-01
8.6370e-01
8.7317e-01
8.2968e-01
8.6850e-01
8.7762e-01
8.5501e-01
8.7052e-01
8.6828e-01
8.4623e-01
8.5997e-01
8.4351e-01
8.5326e-01
8.6023e-01
8.4420e-01
8.6325e-01
8.5757e-01
8.6089e-01
8.6972e-01
8.5273e-01
8.5257e-01
8.5863e-01
8.4773e-01
8.7437e-01
8.6052e-01
8.5519e-01
8.6270e-01
8.6170e-01
8.6538e-01
8.5637e-01
8.6705e-01
8.6340e-01
8.6290e-01
8.7530e-01
8.6088e-01
8.6183e-01
8.4230e-01
8.4460e-01
8.5621e-01
8.7033e-01
8.4936e-01
8.5256e-01
8.7166e-01
8.5670e-01
8.5082e-01
8.6886e-01
8.6123e-01
8.4549e-01
8.4634e-01
8.5542e-01
8.4633e-01
8.7010e-01
8.6647e-01
8.6247e-01
8.7375e-01
8.7430e-01
8.6339e-01
8.5981e-01
8.6084e-01
8.5292e-01
8.5326e-01
8.6212e-01
8.5182e-01
8.7296e-01
8.5866e-01
8.6938e-01
8.5715e-01
8.5984e-01
8.4735e-01
8.4906e-01
8.5629e-01
8.5679e-01
8.5633e-01
8.6098e-01
8.5921e-01
8.5896e-01
8.5928e-01
8.8323e-01
8.6097e-01
8.6610e-01
8.6201e-01
8.5802e-01
8.6455e-01
8.7506e-01
8.6604e-01
8.6113e-01
8.6154e-01
8.7550e-01
8.5348e-01
8.4104e-01
8.6088e-01
8.5784e-01
8.6095e-01
8.5165e-01
8.5185e-01
8.4259e-01
8.6506e-01
8.7051e-01
8.5940e-01
8.4627e-01
8.6205e-01
9.1451e-01
8.4862e-01
8.6251e-01
8.6927e-01
8.4879e-01
8.5045e-01
8.5108e-01
8.7395e-01
8.6889e-01
8.6991e-01
8.5688e-01
8.5629e-01
8.6093e-01
8.5667e-01
8.6869e-01
8.6825e-01
8.4934e-01
8.4984e-01
8.6137e-01
8.5256e-01
8.4259e-01
8.6625e-01
8.5366e-01
8.7510e-01
8.4532e-01
8.6031e-01
8.7025e-01
8.6282e-01
8.7136e-01
8.7278e-01
7.0749e-01
8.4789e-01
8.5968e-01
8.6067e-01
8.6687e-01
8.5864e-01
8.6155e-01
8.5616e-01
8.5187e-01
8.5026e-01
8.5853e-01
8.6422e-01
8.6475e-01
8.5783e-01
8.6157e-01
8.5404e-01
7.8010e-01
8.4163e-01
8.5106e-01
8.7047e-01
8.6109e-01
8.6191e-01
8.4718e-01
8.5435e-01
8.5048e-01
8.7099e-01
8.6265e-01
8.5237e-01
8.4982e-01
8.6332e-01
8.7044e-01
8.6699e-01
8.7447e-01
8.6081e-01
8.5544e-01
8.3757e-01
8.5924e-01
8.3899e-01
8.6119e-01
8.5710e-01
8.4536e-01
8.4324e-01
8.8447e-01
8.6346e-01
8.3859e-01
8.5594e-01
8.4906e-01
8.6154e-01
8.4607e-01
8.4276e-01
8.5015e-01
8.8911e-01
8.4519e-01
8.3486e-01
8.5847e-01
8.6937e-01
8.5931e-01
8.6560e-01
8.6945e-01
8.6211e-01
8.6577e-01
8.6383e-01
8.6463e-01
8.5457e-01
8.4688e-01
8.5453e-01
8.5551e-01
8.7792e-01
8.6212e-01
8.6250e-01
8.5359e-01
8.4978e-01
8.5944e-01
8.5711e-01
8.5936e-01
8.5161e-01
8.5830e-01
8.5783e-01
8.5454e-01
8.5344e-01
8.5304e-01
8.6613e-01
8.6340e-01
8.5883e-01
8.6645e-01
8.4037e-01
8.5561e-01
8.5357e-01
8.5228e-01
8.6680e-01
8.5699e-01
8.6115e-01
8.6483e-01
8.6339e-01
8.5711e-01
8.4212e-01
8.4198e-01
8.6060e-01
8.4165e-01
8.6615e-01
8.7349e-01
8.6467e-01
8.6852e-01
8.7067e-01
8.5133e-01
8.6400e-01
8.6429e-01
8.4804e-01
8.4748e-01
8.4405e-01
8.5011e-01
8.6524e-01
8.5172e-01
8.5403e-01
8.4310e-01
8.5602e-01
8.6901e-01
8.5597e-01
8.6676e-01
8.6225e-01
8.6128e-01
8.5121e-01
8.6423e-01
8.5635e-01
8.6592e-01
8.7171e-01
8.6209e-01
8.5450e-01
8.5600e-01
8.5470e-01
8.6644e-01
8.6628e-01
8.6637e-01
8.6136e-01
8.7252e-01
8.6789e-01
8.7050e-01
8.6182e-01
8.6121e-01
8.3937e-01
8.5275e-01
8.6090e-01
8.4799e-01
8.6917e-01
8.4269e-01
8.6310e-01
8.3931e-01
8.5420e-01
8.5969e-01
8.7973e-01
8.7361e-01
8.6460e-01
8.4720e-01
8.6607e-01
8.6596e-01
8.6008e-01
8.4763e-01
8.5639e-01
8.5915e-01
8.6044e-01
8.6485e-01
8.6148e-01
8.6040e-01
8.5824e-01
8.7210e-01
8.5242e-01
8.5835e-01
8.2723e-01
8.5508e-01
8.4550e-01
8.6522e-01
8.6415e-01
8.6653e-01
8.5537e-01
8.6255e-01
8.6120e-01
8.6225e-01
8.5974e-01
8.6230e-01
8.6804e-01
8.6272e-01
8.6164e-01
8.6237e-01
8.6522e-01
8.5090e-01
8.6248e-01
8.5559e-01
8.6746e-01
8.6356e-01
8.6610e-01
8.7755e-01
8.6385e-01
8.4726e-01
8.6861e-01
8.6600e-01
8.5307e-01
8.6098e-01
8.6316e-01
8.5797e-01
8.6162e-01
6.4048e-01
8.5095e-01
8.7337e-01
8.5945e-01
8.6328e-01
8.7745e-01
8.4977e-01
8.5763e-01
8.5831e-01
8.6195e-01
8.3442e-01
8.5514e-01
8.6067e-01
8.6626e-01
8.6442e-01
8.6697e-01
8.6998e-01
8.5349e-01
8.5902e-01
8.4830e-01
8.7158e-01
8.5346e-01
8.5755e-01
8.6425e-01
8.5983e-01
8.4469e-01
8.4378e-01
8.6758e-01
8.6864e-01
8.7416e-01
8.5191e-01
8.5940e-01
8.4150e-01
8.6256e-01
8.5428e-01
8.3974e-01
8.3942e-01
8.6260e-01
8.5766e-01
8.4596e-01
8.4330e-01
8.6072e-01
8.6898e-01
8.6352e-01
8.3738e-01
8.5518e-01
8.4421e-01
8.5012e-01
8.5537e-01
8.3920e-01
8.7411e-01
8.6225e-01
8.4686e-01
8.4566e-01
8.5133e-01
8.4711e-01
8.4886e-01
8.6422e-01
8.4639e-01
8.3783e-01
8.5815e-01
8.5490e-01
8.5833e-01
8.6135e-01
8.6612e-01
8.6278e-01
8.7530e-01
8.5445e-01
8.5960e-01
8.5162e-01
8.5578e-01
8.5296e-01
8.6378e-01
8.5986e-01
8.5879e-01
8.6572e-01
8.5855e-01
8.5619e-01
8.7102e-01
8.4388e-01
8.4961e-01
8.6487e-01
8.6046e-01
8.6128e-01
8.4920e-01
8.5866e-01
8.5593e-01
8.6600e-01
8.6862e-01
8.6426e-01
8.6607e-01
8.6285e-01
8.6841e-01
8.5831e-01
8.6597e-01
8.4014e-01
8.7032e-01
8.7179e-01
8.7029e-01
8.7269e-01
8.5517e-01
8.7287e-01
8.5416e-01
8.7675e-01
8.6343e-01
8.5670e-01
8.4504e-01
8.3728e-01
8.7034e-01
8.7251e-01
8.7346e-01
8.5186e-01
8.6425e-01
8.5660e-01
8.6745e-01
8.6684e-01
8.7137e-01
8.5192e-01
8.7170e-01
8.4377e-01
8.5221e-01
8.7196e-01
8.7026e-01
8.6749e-01
8.5053e-01
8.5587e-01
8.5877e-01
8.5998e-01
8.6310e-01
8.6737e-01
8.5799e-01
8.4914e-01
8.5799e-01
8.7186e-01
8.4782e-01
8.6199e-01
8.3690e-01
8.5724e-01
8.4854e-01
8.5603e-01
8.4346e-01
8.5734e-01
8.6642e-01
8.3145e-01
8.6053e-01
8.5778e-01
8.4373e-01
8.6268e-01
8.5307e-01
8.7171e-01
8.5381e-01
8.4650e-01
8.6226e-01
8.6872e-01
8.7436e-01
8.5703e-01
8.3889e-01
8.4911e-01
8.6249e-01
8.5236e-01
8.8380e-01
8.7401e-01
8.5305e-01
8.6982e-01
8.3914e-01
8.5532e-01
8.4018e-01
8.5420e-01
8.4663e-01
8.7603e-01
8.5671e-01
8.7517e-01
8.2804e-01
8.4483e-01
8.5364e-01
8.5753e-01
8.6017e-01
8.4259e-01
8.6698e-01
8.5692e-01
8.5968e-01
8.5521e-01
8.6644e-01
8.6953e-01
8.7274e-01
8.6887e-01
8.6779e-01
8.5749e-01
8.4728e-01
8.5740e-01
8.4499e-01
8.5934e-01
8.7630e-01
8.3736e-01
8.5826e-01
8.4961e-01
8.5128e-01
8.6462e-01
8.6168e-01
8.4993e-01
8.5588e-01
6.7011e-01
8.5319e-01
8.5597e-01
8.7905e-01
8.4472e-01
8.5030e-01
8.7139e-01
8.6845e-01
8.5662e-01
8.5167e-01
8.6751e-01
8.5571e-01
8.7307e-01
8.5592e-01
8.6329e-01
8.4602e-01
8.5190e-01
8.6351e-01
8.4989e-01
8.5523e-01
8.4806e-01
8.5727e-01
8.6385e-01
8.5558e-01
8.6156e-01
8.6075e-01
8.4738e-01
8.4979e-01
8.5111e-01
8.5182e-01
8.5769e-01
8.6438e-01
8.7758e-01
8.6046e-01
8.5852e-01
8.5570e-01
8.6367e-01
8.8394e-01
8.5971e-01
8.6119e-01
8.5444e-01
8.5480e-01
8.6584e-01
8.4878e-01
8.6525e-01
8.5828e-01
8.5341e-01
8.5918e-01
8.5929e-01
8.6380e-01
8.6663e-01
8.5882e-01
8.5066e-01
8.4527e-01
8.5861e-01
8.4831e-01
8.8050e-01
8.6146e-01
8.7711e-01
8.4596e-01
8.5927e-01
8.7495e-01
8.6684e-01
8.4845e-01
8.6379e-01
8.4818e-01
8.7040e-01
8.4764e-01
8.6475e-01
8.5399e-01
8.6317e-01
8.5290e-01
8.5567e-01
8.5136e-01
8.7023e-01
8.5956e-01
8.4195e-01
8.4934e-01
8.5743e-01
8.6204e-01
8.6733e-01
8.6962e-01
8.6414e-01
8.6041e-01
8.6371e-01
8.5407e-01
8.6941e-01
8.4847e-01
8.5630e-01
8.5197e-01
8.6240e-01
8.7426e-01
8.5973e-01
8.6214e-01
8.7207e-01
8.6778e-01
8.5737e-01
8.5530e-01
8.5255e-01
8.7601e-01
8.5773e-01
8.7145e-01
8.6377e-01
8.6431e-01
8.7482e-01
8.3688e-01
8.6355e-01
8.4353e-01
8.5579e-01
8.5508e-01
8.5455e-01
8.6561e-01
8.6338e-01
8.5900e-01
8.6142e-01
8.4263e-01
8.5388e-01
8.6113e-01
8.4982e-01
8.3557e-01
8.7317e-01
8.6349e-01
8.6117e-01
8.6055e-01
8.5748e-01
8.6541e-01
8.6486e-01
8.6763e-01
8.5228e-01
8.3630e-01
8.5560e-01
8.2410e-01
8.4730e-01
8.5456e-01
8.3014e-01
8.5786e-01
8.5343e-01
8.6394e-01
8.6582e-01
8.7034e-01
8.6627e-01
8.6714e-01
8.5814e-01
8.5748e-01
8.6584e-01
8.5694e-01
8.6348e-01
8.6409e-01
8.4227e-01
8.3822e-01
8.5967e-01
8.6072e-01
8.5261e-01
8.5679e-01
8.5700e-01
8.7195e-01
8.6510e-01
8.4311e-01
8.6381e-01
8.6183e-01
8.4923e-01
8.7567e-01
8.5230e-01
8.7274e-01
8.5947e-01
8.7271e-01
8.4748e-01
8.4242e-01
8.4716e-01
8.4784e-01
8.5758e-01
8.5920e-01
8.5528e-01
8.6589e-01
8.6599e-01
8.4625e-01
8.5656e-01
8.5105e-01
8.5499e-01
8.5585e-01
8.5887e-01
8.5198e-01
8.5272e-01
8.4522e-01
8.2089e-01
8.4173e-01
8.6126e-01
8.5383e-01
8.5426e-01
8.6061e-01
8.6044e-01
8.5627e-01
8.5385e-01
8.4919e-01
8.6241e-01
8.4565e-01
8.6520e-01
8.4956e-01
8.6002e-01
8.6063e-01
8.5565e-01
8.5834e-01
8.6254e-01
8.5967e-01
8.6175e-01
8.5943e-01
8.5572e-01
8.6271e-01
8.5748e-01
8.6813e-01
8.5142e-01
8.4568e-01
8.5941e-01
8.6110e-01
8.7174e-01
8.6335e-01
8.5661e-01
8.5106e-01
8.5412e-01
8.5756e-01
8.5533e-01
8.4654e-01
8.6127e-01
8.5230e-01
8.7484e-01
8.6522e-01
8.4949e-01
8.6002e-01
8.6839e-01
8.2997e-01
8.5214e-01
8.6288e-01
8.7390e-01
8.4171e-01
8.4766e-01
8.5687e-01
8.5701e-01
8.6320e-01
8.4360e-01
8.4898e-01
8.5580e-01
8.4085e-01
8.5811e-01
8.6022e-01
8.5956e-01
8.6020e-01
8.5232e-01
8.5962e-01
8.5208e-01
8.5393e-01
8.4804e-01
8.6817e-01
8.5371e-01
8.5634e-01
8.6889e-01
8.3744e-01
8.2836e-01
8.5503e-01
8.5004e-01
8.4080e-01
8.4900e-01
8.7246e-01
8.3743e-01
8.5782e-01
8.5147e-01
8.6431e-01
8.5343e-01
8.4969e-01
8.6586e-01
8.6648e-01
8.5138e-01
8.5310e-01
8.7185e-01
8.5407e-01
8.4872e-01
8.6289e-01
8.4599e-01
8.7427e-01
8.5345e-01
8.5778e-01
8.6907e-01
8.6714e-01
8.2985e-01
8.7502e-01
8.5637e-01
8.4215e-01
8.7235e-01
8.6937e-01
8.4998e-01
8.6147e-01
8.6477e-01
8.5470e-01
8.5788e-01
8.4201e-01
8.5577e-01
8.4276e-01
8.5680e-01
8.5287e-01
8.6549e-01
8.5711e-01
8.5491e-01
8.4649e-01
8.5407e-01
8.6798e-01
8.5401e-01
8.5560e-01
8.4309e-01
8.6589e-01
8.6754e-01
8.5418e-01
8.6192e-01
8.5284e-01
8.5188e-01
8.3387e-01
8.6581e-01
8.6428e-01
8.6338e-01
8.5950e-01
8.6211e-01
8.4636e-01
8.6564e-01
8.7613e-01
8.5696e-01
8.6038e-01
8.6391e-01
8.5617e-01
8.6922e-01
8.5020e-01
8.5115e-01
8.5806e-01
8.5701e-01
8.4259e-01
8.6995e-01
8.5736e-01
8.6289e-01
8.5477e-01
8.5114e-01
8.4728e-01
8.4492e-01
8.4320e-01
8.6008e-01
8.6293e-01
8.6217e-01
8.5690e-01
8.4580e-01
8.6746e-01
8.7326e-01
8.6213e-01
8.5663e-01
8.7102e-01
8.5325e-01
8.4483e-01
8.6850e-01
8.5050e-01
8.6684e-01
