7.6419e-01
7.6372e-01
7.8455e-01
7.7501e-01
7.6608e-01
7.5953e-01
7.5416e-01
7.5851e-01
7.5527e-01
7.5403e-01
7.2615e-01
7.5985e-01
7.6528e-01
7.7606e-01
7.7038e-01
7.3173e-01
7.8489e-01
7.6954e-01
7.4697e-01
7.5835e-01
7.7184e-01
7.6274e-01
7.5993e-01
7.2751e-01
7.5717e-01
7.6617e-01
7.6281e-01
7.4508e-01
7.9412e-01
7.6389e-01
7.6337e-01
8.1182e-01
7.5243e-01
7.5068e-01
7.5822e-01
7.7179e-01
7.5993e-01
7.6384e-01
7.4738e-01
7.4542e-01
7.5974e-01
7.5710e-01
7.7539e-01
7.6487e-01
7.5726e-01
7.8081e-01
7.6989e-01
7.5956e-01
7.5997e-01
7.9545e-01
7.5718e-01
7.7452e-01
7.7601e-01
7.5888e-01
7.8679e-01
7.6993e-01
7.5458e-01
7.3623e-01
7.5489e-01
7.5081e-01
7.6342e-01
7.5126e-01
7.6660e-01
7.5675e-01
7.8471e-01
7.6915e-01
7.7160e-01
7.8049e-01
7.6312e-01
7.5104e-01
7.5095e-01
7.7919e-01
7.5986e-01
7.6906e-01
7.6826e-01
7.6954e-01
7.5741e-01
7.3734e-01
7.2600e-01
7.1865e-01
7.7488e-01
7.9163e-01
7.7209e-01
7.6523e-01
7.8309e-01
7.4335e-01
7.5069e-01
7.6140e-01
7.3987e-01
7.3264e-01
7.8056e-01
7.6647e-01
7.3956e-01
7.4629e-01
6.3737e-01
7.5485e-01
7.6785e-01
7.3319e-01
7.7690e-01
7.6845e-01
7.7294e-01
7.5602e-01
7.7887e-01
6.0152e-01
7.4849e-01
7.8681e-01
7.9303e-01
7.6342e-01
7.2587e-01
7.2727e-01
7.6034e-01
7.3542e-01
7.4449e-01
7.7504e-01
7.6977e-01
7.7062e-01
7.7613e-01
7.5343e-01
8.0106e-01
7.4008e-01
7.5087e-01
7.0541e-01
7.5725e-01
7.7097e-01
7.4975e-01
7.6376e-01
7.7920e-01
7.5257e-01
7.9446e-01
7.8004e-01
7.4592e-01
7.6553e-01
7.6720e-01
7.4746e-01
7.3019e-01
7.7233e-01
7.5597e-01
7.6034e-01
7.5482e-01
7.4907e-01
7.4601e-01
7.5743e-01
7.6635e-01
7.7214e-01
7.4256e-01
7.7649e-01
7.6692e-01
7.7488e-01
7.6402e-01
7.6606e-01
7.5948e-01
7.5051e-01
7.9533e-01
7.6839e-01
7.7584e-01
7.5370e-01
6.0643e-01
7.7145e-01
7.8313e-01
7.6007e-01
7.6025e-01
7.3960e-01
7.3808e-01
7.5020e-01
7.5247e-01
7.7048e-01
7.6055e-01
7.6005e-01
7.6157e-01
7.9169e-01
7.4977e-01
7.6457e-01
7.5845e-01
7.7332e-01
7.7767e-01
8.2494e-01
7.5399e-01
7.4788e-01
7.6000e-01
7.6130e-01
7.8845e-01
7.8075e-01
7.7269e-01
7.7225e-01
7.6248e-01
7.5667e-01
7.4790e-01
7.9509e-01
7.3883e-01
7.9543e-01
7.7806e-01
7.7447e-01
7.4836e-01
7.9110e-01
7.3019e-01
7.6963e-01
7.6555e-01
7.6723e-01
7.6745e-01
7.9248e-01
7.0308e-01
7.7136e-01
7.7988e-01
7.5582e-01
7.5145e-01
7.8822e-01
7.5896e-01
7.8197e-01
7.7371e-01
7.8275e-01
7.5379e-01
7.5573e-01
7.7307e-01
7.5489e-01
7.7083e-01
7.8007e-01
7.6341e-01
7.9443e-01
7.5762e-01
7.6146e-01
7.7543e-01
7.8496e-01
8.0976e-01
7.6266e-01
7.5945e-01
7.7641e-01
7.6541e-01
7.5876e-01
7.8549e-01
7.5245e-01
7.8959e-01
7.5595e-01
7.7079e-01
7.4322e-01
7.5003e-01
7.6602e-01
7.6697e-01
7.6418e-01
7.7017e-01
7.4008e-01
7.8525e-01
7.5862e-01
7.5609e-01
7.7720e-01
7.5438e-01
7.8945e-01
7.7788e-01
7.7170e-01
7.6642e-01
7.7737e-01
7.5081e-01
7.7134e-01
7.4127e-01
7.8402e-01
6.8237e-01
7.7607e-01
7.4722e-01
7.5719e-01
7.3479e-01
7.7307e-01
7.6320e-01
7.7154e-01
7.7227e-01
7.7503e-01
7.9536e-01
7.7033e-01
7.7232e-01
7.5107e-01
7.5195e-01
7.5672e-01
7.6969e-01
8.0171e-01
6.7750e-01
7.7774e-01
7.4177e-01
7.3669e-01
7.3178e-01
7.4265e-01
7.4971e-01
7.4096e-01
7.7373e-01
7.5437e-01
7.5136e-01
7.4300e-01
7.6793e-01
7.5399e-01
7.7957e-01
6.6150e-01
7.7748e-01
7.5698e-01
7.9752e-01
7.6543e-01
7.6516e-01
7.5409e-01
7.6303e-01
7.5829e-01
7.7528e-01
7.5512e-01
7.6143e-01
7.7205e-01
7.4221e-01
7.9616e-01
7.8722e-01
7.4683e-01
7.5560e-01
7.5645e-01
7.8585e-01
7.4552e-01
7.8205e-01
8.0762e-01
7.8151e-01
7.1962e-01
7.8030e-01
7.4563e-01
7.7889e-01
8.0041e-01
7.2821e-01
7.5023e-01
7.5021e-01
7.4901e-01
7.6411e-01
7.6102e-01
7.7346e-01
7.4063e-01
7.6034e-01
7.7469e-01
7.6354e-01
7.1963e-01
7.6277e-01
7.7399e-01
7.6475e-01
7.7390e-01
7.6616e-01
7.8020e-01
7.6186e-01
7.3991e-01
7.6758e-01
7.7903e-01
7.6509e-01
7.8144e-01
7.6340e-01
7.8065e-01
7.6659e-01
7.5337e-01
7.3635e-01
7.6521e-01
7.4510e-01
7.5158e-01
7.7192e-01
7.1841e-01
7.7505e-01
7.5199e-01
7.3268e-01
7.6100e-01
7.8944e-01
7.7880e-01
7.3864e-01
7.5973e-01
7.5359e-01
7.8326e-01
7.6758e-01
7.7169e-01
7.8301e-01
7.6224e-01
7.6179e-01
7.7942e-01
7.6329e-01
7.6699e-01
7.8208e-01
7.6234e-01
7.3713e-01
8.0582e-01
7.5140e-01
7.5610e-01
7.7615e-01
7.5847e-01
7.8103e-01
7.4730e-01
7.5333e-01
7.1905e-01
7.3249e-01
7.9387e-01
7.3309e-01
7.6736e-01
7.2721e-01
7.0229e-01
7.2156e-01
7.7358e-01
7.7674e-01
7.5078e-01
7.7106e-01
7.4207e-01
7.7535e-01
7.3904e-01
7.2710e-01
7.5443e-01
8.6829e-01
7.6447e-01
7.2151e-01
7.5093e-01
7.5925e-01
7.4563e-01
7.7852e-01
7.6074e-01
7.5371e-01
7.6949e-01
7.7026e-01
7.8516e-01
7.5767e-01
7.8622e-01
7.4272e-01
7.6120e-01
7.6273e-01
7.5640e-01
7.5069e-01
7.5176e-01
7.7192e-01
7.5997e-01
7.6632e-01
7.5684e-01
7.6784e-01
7.7036e-01
7.6084e-01
7.7210e-01
8.0941e-01
7.5004e-01
7.4037e-01
7.6481e-01
7.5402e-01
7.6849e-01
7.5225e-01
7.6079e-01
7.6924e-01
7.6772e-01
7.6779e-01
7.8028e-01
7.3631e-01
7.5083e-01
7.9292e-01
7.5321e-01
7.8139e-01
7.8122e-01
7.5295e-01
7.2802e-01
7.5917e-01
7.6676e-01
7.7496e-01
7.5921e-01
7.8901e-01
7.6661e-01
8.0701e-01
7.5942e-01
7.5396e-01
7.7839e-01
7.6396e-01
7.6654e-01
7.9250e-01
7.6276e-01
7.5508e-01
7.6936e-01
7.2951e-01
7.7779e-01
7.7307e-01
7.7356e-01
7.4272e-01
7.8389e-01
7.4649e-01
7.5212e-01
7.6565e-01
7.5177e-01
7.6665e-01
7.4448e-01
7.6208e-01
7.5426e-01
7.5447e-01
7.4085e-01
7.2985e-01
7.8230e-01
7.5550e-01
7.7613e-01
7.5817e-01
7.8123e-01
7.8959e-01
7.5995e-01
6.8462e-01
7.3108e-01
7.6559e-01
7.9825e-01
7.4127e-01
7.7231e-01
7.6736e-01
7.5452e-01
7.6832e-01
7.6428e-01
7.3985e-01
7.5923e-01
7.4068e-01
7.6332e-01
7.4815e-01
7.5442e-01
7.5294e-01
7.7618e-01
7.8429e-01
7.6904e-01
7.7878e-01
7.7148e-01
7.5283e-01
7.5510e-01
7.8610e-01
7.8226e-01
7.3493e-01
7.7886e-01
7.7655e-01
7.3793e-01
7.7577e-01
7.8625e-01
7.4086e-01
7.7802e-01
7.8075e-01
7.5883e-01
7.4532e-01
7.6637e-01
7.5924e-01
7.5574e-01
7.8056e-01
7.7045e-01
7.0996e-01
7.9447e-01
7.5334e-01
7.5554e-01
7.6945e-01
7.4446e-01
7.7444e-01
7.6035e-01
7.8193e-01
7.6406e-01
7.6869e-01
7.7782e-01
7.7928e-01
7.6464e-01
7.8622e-01
7.7732e-01
7.6580e-01
7.7438e-01
7.6799e-01
7.3720e-01
6.9464e-01
7.4696e-01
7.6761e-01
7.6880e-01
7.5682e-01
7.2746e-01
7.6856e-01
7.8680e-01
7.6303e-01
7.7138e-01
7.7659e-01
6.0429e-01
7.6133e-01
7.5162e-01
7.9900e-01
8.2024e-01
6.9068e-01
7.7819e-01
7.6078e-01
7.5837e-01
7.4648e-01
7.6738e-01
7.4571e-01
7.9305e-01
7.3641e-01
7.6533e-01
7.9292e-01
7.7761e-01
7.4737e-01
7.7195e-01
7.4131e-01
7.5616e-01
7.7461e-01
7.6675e-01
7.8656e-01
7.4698e-01
7.8084e-01
7.9675e-01
7.3462e-01
7.5052e-01
7.3568e-01
7.8355e-01
7.6852e-01
7.7194e-01
7.5251e-01
7.7344e-01
7.5299e-01
7.7822e-01
7.6736e-01
7.6777e-01
7.5036e-01
8.1420e-01
7.4412e-01
7.6623e-01
7.7016e-01
8.0570e-01
6.3854e-01
7.6709e-01
7.5637e-01
7.6631e-01
7.4367e-01
7.6782e-01
7.5483e-01
7.4787e-01
7.7810e-01
7.6412e-01
7.8980e-01
7.5476e-01
7.6193e-01
7.6893e-01
7.4822e-01
7.6178e-01
7.6606e-01
7.3748e-01
7.6200e-01
7.9739e-01
7.6963e-01
7.7238e-01
7.4855e-01
7.9772e-01
5.9156e-01
7.4627e-01
7.6476e-01
7.7907e-01
7.7188e-01
7.6518e-01
7.8143e-01
7.5942e-01
7.8310e-01
7.7757e-01
7.7333e-01
6.8460e-01
7.5015e-01
7.8123e-01
7.4707e-01
7.5643e-01
7.7883e-01
7.6783e-01
7.6727e-01
7.9301e-01
7.7787e-01
7.6907e-01
7.4833e-01
7.7156e-01
6.3467e-01
7.8642e-01
7.9804e-01
8.0289e-01
7.4283e-01
7.5718e-01
7.9054e-01
7.6162e-01
7.7007e-01
7.7046e-01
7.6302e-01
7.5198e-01
7.6898e-01
7.7076e-01
7.7069e-01
7.9004e-01
7.6408e-01
7.5971e-01
7.3953e-01
7.7804e-01
7.6476e-01
7.4667e-01
7.9270e-01
7.3135e-01
7.8151e-01
7.7098e-01
7.4874e-01
7.6977e-01
7.2784e-01
7.7281e-01
7.3302e-01
7.6848e-01
7.5067e-01
7.6441e-01
7.6533e-01
7.7876e-01
7.7274e-01
7.7974e-01
7.4352e-01
7.9187e-01
7.6800e-01
7.8236e-01
7.5050e-01
7.8790e-01
7.3809e-01
7.4172e-01
7.6679e-01
7.8652e-01
7.6835e-01
7.5697e-01
7.6240e-01
7.5488e-01
7.7250e-01
7.8172e-01
7.3493e-01
7.4128e-01
7.6150e-01
7.9398e-01
7.6985e-01
7.7093e-01
7.6332e-01
7.5522e-01
7.6966e-01
7.6046e-01
7.7795e-01
7.1205e-01
7.7825e-01
7.6202e-01
7.4338e-01
7.7271e-01
7.5857e-01
7.9508e-01
7.2785e-01
7.4427e-01
7.6688e-01
7.6466e-01
7.7599e-01
7.6002e-01
7.8152e-01
7.8761e-01
7.6729e-01
7.7574e-01
8.1423e-01
6.6108e-01
7.3851e-01
7.6067e-01
7.9759e-01
7.2439e-01
7.5978e-01
7.5764e-01
7.9115e-01
7.6486e-01
7.3629e-01
7.6244e-01
7.6120e-01
7.2503e-01
7.8019e-01
7.7668e-01
7.7691e-01
6.7493e-01
6.7944e-01
7.7335e-01
7.5262e-01
7.7746e-01
7.8367e-01
7.5132e-01
8.0713e-01
7.7067e-01
7.6216e-01
7.8918e-01
7.2375e-01
6.4440e-01
7.6975e-01
7.4686e-01
6.9059e-01
7.7648e-01
7.5930e-01
7.9979e-01
7.8014e-01
7.8567e-01
7.5971e-01
7.8888e-01
7.7478e-01
7.4969e-01
7.7288e-01
7.7750e-01
7.4232e-01
7.4542e-01
7.5538e-01
7.6363e-01
7.9779e-01
7.7790e-01
7.7843e-01
7.8578e-01
7.5504e-01
7.9403e-01
7.7834e-01
7.5145e-01
7.6818e-01
7.8405e-01
7.5371e-01
7.6795e-01
6.7782e-01
7.8187e-01
7.7141e-01
7.4196e-01
7.6398e-01
8.2416e-01
7.6850e-01
7.9327e-01
7.7861e-01
7.7333e-01
7.4833e-01
7.6237e-01
7.4953e-01
7.5366e-01
7.0980e-01
7.5671e-01
7.8812e-01
7.7652e-01
7.3942e-01
7.7464e-01
7.4655e-01
7.9869e-01
7.6624e-01
7.7110e-01
7.5708e-01
7.6310e-01
7.8004e-01
7.3137e-01
7.9340e-01
7.9999e-01
7.7400e-01
7.5554e-01
7.4545e-01
7.7592e-01
7.5546e-01
7.6262e-01
7.0930e-01
7.6929e-01
7.4695e-01
7.4089e-01
7.6855e-01
7.8903e-01
6.0213e-01
7.8125e-01
7.9015e-01
7.8922e-01
7.4437e-01
7.8999e-01
6.0594e-01
7.8474e-01
7.7604e-01
7.6843e-01
7.7109e-01
7.8770e-01
7.5324e-01
7.7774e-01
6.3807e-01
8.0237e-01
7.6147e-01
7.4159e-01
7.2678e-01
7.7960e-01
7.9451e-01
7.7034e-01
7.5518e-01
7.8471e-01
7.8166e-01
8.0104e-01
7.8249e-01
7.8047e-01
7.4409e-01
7.7420e-01
7.8668e-01
7.8081e-01
7.6930e-01
7.6736e-01
7.6421e-01
7.3906e-01
7.7074e-01
7.9815e-01
7.5535e-01
7.7331e-01
7.8459e-01
7.6934e-01
7.4261e-01
7.7741e-01
7.7278e-01
7.5651e-01
7.8095e-01
7.7020e-01
7.8182e-01
7.7916e-01
7.3098e-01
7.3036e-01
7.2326e-01
7.7324e-01
7.7413e-01
7.6706e-01
7.7587e-01
7.4791e-01
7.4946e-01
7.7838e-01
8.0268e-01
7.8568e-01
7.6385e-01
7.7823e-01
7.9836e-01
7.5808e-01
7.6718e-01
7.6209e-01
7.6286e-01
7.0330e-01
7.7148e-01
7.7890e-01
7.7060e-01
7.4485e-01
7.5100e-01
7.7350e-01
7.7134e-01
7.4411e-01
7.5018e-01
7.7798e-01
7.5492e-01
7.7060e-01
7.7640e-01
6.4573e-01
7.3862e-01
7.8589e-01
7.5349e-01
7.4017e-01
7.7249e-01
7.7319e-01
7.5772e-01
7.6851e-01
7.8033e-01
7.7086e-01
7.7203e-01
8.0060e-01
7.6430e-01
7.7848e-01
7.5375e-01
7.6043e-01
7.3571e-01
7.5656e-01
7.8381e-01
7.7949e-01
7.8990e-01
7.8972e-01
7.9264e-01
7.8804e-01
7.5268e-01
7.4906e-01
7.6299e-01
7.5664e-01
7.5977e-01
7.7734e-01
7.5691e-01
7.6872e-01
7.5578e-01
7.5870e-01
7.5717e-01
7.6570e-01
7.5893e-01
7.6242e-01
7.7604e-01
7.8080e-01
7.7320e-01
7.8239e-01
7.7694e-01
7.5976e-01
7.8945e-01
7.5422e-01
7.4836e-01
7.5234e-01
7.6761e-01
7.6727e-01
7.6440e-01
7.5723e-01
7.5766e-01
7.7487e-01
7.7369e-01
7.7417e-01
7.6949e-01
7.7581e-01
7.4858e-01
7.8483e-01
7.5445e-01
7.8327e-01
7.7642e-01
7.6102e-01
7.5825e-01
7.1368e-01
7.7988e-01
7.3095e-01
7.8162e-01
7.3681e-01
7.3850e-01
7.5602e-01
7.6529e-01
7.6257e-01
7.8914e-01
7.5752e-01
7.2990e-01
7.6236e-01
7.6589e-01
7.8058e-01
7.2997e-01
7.8028e-01
