6.9956e-01
6.9465e-01
7.0232e-01
7.0081e-01
6.9482e-01
6.9996e-01
6.9759e-01
6.9842e-01
7.0155e-01
6.9505e-01
6.9655e-01
7.0093e-01
6.9852e-01
7.0128e-01
6.9628e-01
6.9940e-01
6.9927e-01
7.0000e-01
7.0137e-01
6.9883e-01
6.9677e-01
7.0763e-01
6.9714e-01
6.6696e-01
7.0333e-01
7.0055e-01
6.9499e-01
6.9608e-01
6.9884e-01
6.9839e-01
6.9672e-01
6.9982e-01
6.9330e-01
6.9884e-01
6.8730e-01
7.0192e-01
6.9803e-01
7.0044e-01
6.9790e-01
6.9871e-01
6.9768e-01
6.8595e-01
7.0130e-01
7.0136e-01
6.9497e-01
6.9499e-01
7.0924e-01
6.9510e-01
6.9935e-01
6.4853e-01
6.9685e-01
6.9920e-01
6.8981e-01
6.9060e-01
6.9768e-01
6.9741e-01
6.9059e-01
6.9879e-01
6.9238e-01
6.9728e-01
6.8803e-01
7.0243e-01
6.9999e-01
6.9348e-01
6.9494e-01
6.9369e-01
6.9953e-01
7.0019e-01
6.9998e-01
6.9607e-01
6.9419e-01
6.9735e-01
6.9675e-01
6.6326e-01
6.9808e-01
6.9599e-01
6.9849e-01
6.9894e-01
7.0199e-01
6.9278e-01
6.9743e-01
7.0187e-01
6.8745e-01
6.9200e-01
6.9296e-01
6.9767e-01
6.9866e-01
6.9909e-01
6.9943e-01
6.9455e-01
6.9588e-01
6.9624e-01
7.0177e-01
6.9782e-01
6.9770e-01
6.9667e-01
7.0319e-01
6.9691e-01
6.9607e-01
7.0091e-01
6.9905e-01
6.9874e-01
6.9324e-01
6.9839e-01
6.9946e-01
7.0138e-01
6.9706e-01
6.8861e-01
7.0055e-01
7.0400e-01
6.9457e-01
7.0446e-01
6.9624e-01
6.9000e-01
7.0097e-01
6.9762e-01
6.9735e-01
6.9880e-01
6.9722e-01
6.9487e-01
6.9570e-01
6.8810e-01
7.0246e-01
6.9231e-01
6.9065e-01
6.8469e-01
6.9737e-01
7.0260e-01
6.9920e-01
6.9869e-01
7.0252e-01
6.9966e-01
7.0271e-01
7.0345e-01
7.0339e-01
6.9338e-01
6.9228e-01
6.9747e-01
6.9278e-01
6.9513e-01
6.9938e-01
6.9618e-01
7.0125e-01
6.9631e-01
6.8786e-01
6.9649e-01
7.0092e-01
7.0355e-01
7.0595e-01
6.9962e-01
6.9592e-01
7.0338e-01
6.9296e-01
7.0007e-01
6.9697e-01
7.0014e-01
6.9521e-01
7.0132e-01
7.0292e-01
6.9572e-01
7.0030e-01
6.9811e-01
6.8885e-01
7.0201e-01
6.9959e-01
6.8675e-01
6.9596e-01
6.9874e-01
6.9828e-01
6.9972e-01
6.9433e-01
6.9387e-01
6.9518e-01
6.9502e-01
7.0219e-01
6.9714e-01
6.9266e-01
6.9863e-01
6.9704e-01
7.0138e-01
6.9843e-01
6.9759e-01
7.0032e-01
6.9412e-01
6.9547e-01
7.0035e-01
6.9658e-01
6.9441e-01
6.9864e-01
6.9963e-01
7.0134e-01
6.9334e-01
6.9097e-01
6.9292e-01
7.0246e-01
6.9606e-01
6.9584e-01
6.9669e-01
6.9582e-01
6.9758e-01
6.9552e-01
6.9646e-01
6.8523e-01
6.9778e-01
7.0005e-01
6.8814e-01
6.9586e-01
7.0239e-01
6.9576e-01
6.9345e-01
7.0305e-01
7.0015e-01
6.9898e-01
7.0023e-01
6.9856e-01
6.9524e-01
6.9486e-01
6.9968e-01
6.9930e-01
6.8890e-01
6.8904e-01
6.9737e-01
6.8728e-01
6.9889e-01
6.9984e-01
7.0007e-01
7.0166e-01
6.9064e-01
7.0520e-01
6.9328e-01
6.9631e-01
7.0110e-01
6.9728e-01
7.0130e-01
6.9636e-01
6.9703e-01
6.9920e-01
6.9800e-01
6.9511e-01
6.9955e-01
6.9762e-01
6.8835e-01
7.0241e-01
7.0355e-01
6.9739e-01
6.9837e-01
7.0145e-01
6.9451e-01
6.9981e-01
6.9576e-01
6.9965e-01
6.9856e-01
6.9941e-01
7.0606e-01
6.9310e-01
6.9765e-01
6.9766e-01
6.9716e-01
6.9205e-01
6.9289e-01
6.9326e-01
6.9721e-01
7.0249e-01
6.9977e-01
7.0072e-01
6.8991e-01
6.9576e-01
7.0111e-01
7.0291e-01
6.9926e-01
6.9308e-01
6.9841e-01
6.9606e-01
6.9929e-01
6.9661e-01
6.9720e-01
6.9223e-01
6.8956e-01
6.9854e-01
6.9386e-01
7.0209e-01
6.9696e-01
7.0238e-01
6.9495e-01
6.9971e-01
6.9882e-01
7.0210e-01
6.9599e-01
6.9858e-01
7.0323e-01
6.9923e-01
6.9506e-01
6.9973e-01
6.8931e-01
6.9929e-01
6.9871e-01
7.0553e-01
6.9598e-01
6.9467e-01
6.9861e-01
6.9801e-01
6.9743e-01
6.9664e-01
6.9354e-01
6.9678e-01
6.9324e-01
6.9247e-01
6.9539e-01
6.9245e-01
6.9892e-01
6.9958e-01
6.9082e-01
6.9946e-01
6.9292e-01
6.9594e-01
6.9147e-01
7.0393e-01
6.9903e-01
6.8707e-01
6.9872e-01
6.9313e-01
6.9662e-01
6.9710e-01
6.9274e-01
6.9497e-01
6.9704e-01
7.0030e-01
6.9855e-01
6.9233e-01
7.0188e-01
6.9669e-01
6.9870e-01
6.8791e-01
6.9613e-01
6.8926e-01
6.9021e-01
6.9796e-01
6.9769e-01
6.9922e-01
6.9999e-01
6.9427e-01
6.9609e-01
6.9175e-01
6.9099e-01
6.9759e-01
6.9327e-01
6.8932e-01
6.9881e-01
7.0006e-01
6.9032e-01
6.9881e-01
6.9794e-01
6.9890e-01
7.0244e-01
6.9552e-01
6.9596e-01
7.0231e-01
6.9962e-01
6.9377e-01
6.9669e-01
6.9753e-01
6.9555e-01
6.9511e-01
7.0074e-01
6.9618e-01
6.9679e-01
6.9313e-01
6.9986e-01
6.9189e-01
6.9818e-01
6.9573e-01
6.9803e-01
7.0367e-01
7.0105e-01
6.9655e-01
6.9637e-01
6.9709e-01
6.8811e-01
6.9969e-01
6.9451e-01
6.9467e-01
6.9719e-01
6.9427e-01
6.9332e-01
7.0090e-01
7.0423e-01
7.0740e-01
6.4892e-01
6.9752e-01
6.9657e-01
7.0108e-01
6.9068e-01
6.9625e-01
6.9556e-01
6.9737e-01
6.8594e-01
7.0676e-01
6.9019e-01
6.9698e-01
7.0138e-01
6.9681e-01
6.9818e-01
6.8928e-01
7.0129e-01
6.9683e-01
6.9731e-01
6.9598e-01
6.9520e-01
6.9635e-01
7.0028e-01
6.9777e-01
6.9648e-01
6.9660e-01
6.9449e-01
6.9199e-01
6.9704e-01
7.2807e-01
6.9744e-01
6.9295e-01
6.9899e-01
7.0002e-01
6.9670e-01
6.9637e-01
6.9519e-01
6.9199e-01
6.9711e-01
6.9767e-01
6.9382e-01
6.9418e-01
6.8983e-01
7.0013e-01
7.0191e-01
6.9601e-01
6.9521e-01
6.8839e-01
6.9680e-01
6.9505e-01
7.0010e-01
6.9468e-01
6.9861e-01
6.9803e-01
6.5614e-01
6.8878e-01
6.7829e-01
7.0593e-01
6.9751e-01
7.0101e-01
7.0169e-01
6.9901e-01
6.9380e-01
6.9991e-01
6.9967e-01
6.8893e-01
6.9848e-01
6.9911e-01
6.9311e-01
6.9789e-01
6.9361e-01
6.9986e-01
6.9862e-01
7.0238e-01
7.0149e-01
6.9846e-01
6.9638e-01
7.0524e-01
7.0130e-01
6.9916e-01
7.0053e-01
6.9601e-01
7.0292e-01
7.0235e-01
6.9314e-01
6.9386e-01
6.9280e-01
6.9589e-01
6.9249e-01
7.0213e-01
6.9724e-01
6.9315e-01
6.9460e-01
6.9822e-01
7.0018e-01
6.9799e-01
7.0261e-01
6.9564e-01
6.9238e-01
6.9256e-01
6.9757e-01
7.0084e-01
7.0323e-01
6.9342e-01
7.0088e-01
7.0215e-01
7.0229e-01
6.9337e-01
6.9628e-01
6.9365e-01
7.0109e-01
6.9412e-01
6.9054e-01
6.9968e-01
6.9910e-01
6.9189e-01
7.0110e-01
7.0160e-01
6.9915e-01
6.9851e-01
7.0950e-01
7.0314e-01
7.0430e-01
6.9820e-01
7.0303e-01
6.9685e-01
6.9292e-01
6.9793e-01
6.9605e-01
6.9910e-01
6.9613e-01
6.9162e-01
7.0104e-01
6.9585e-01
6.9324e-01
6.9580e-01
7.0287e-01
6.8981e-01
6.9640e-01
6.9869e-01
6.9726e-01
6.9066e-01
6.9889e-01
6.9136e-01
7.0026e-01
6.9684e-01
6.9989e-01
6.9921e-01
6.9632e-01
6.9366e-01
6.5365e-01
6.8653e-01
6.9684e-01
6.9859e-01
6.9547e-01
6.9599e-01
7.0261e-01
6.9791e-01
6.8695e-01
6.9125e-01
7.0177e-01
7.0729e-01
6.9844e-01
6.9111e-01
6.9749e-01
7.0075e-01
6.9322e-01
6.9961e-01
6.9245e-01
6.9850e-01
6.9491e-01
6.9716e-01
6.9102e-01
7.0022e-01
6.8239e-01
6.9635e-01
6.9060e-01
6.8875e-01
6.9651e-01
6.9761e-01
6.9472e-01
6.9690e-01
6.8825e-01
7.0083e-01
6.9737e-01
6.9781e-01
6.8909e-01
6.9946e-01
6.9970e-01
6.9467e-01
7.0501e-01
6.9234e-01
6.9569e-01
6.9966e-01
6.9612e-01
6.9716e-01
7.0037e-01
6.9929e-01
6.9622e-01
6.9628e-01
7.0266e-01
6.9784e-01
7.0083e-01
7.0487e-01
6.9643e-01
6.9341e-01
6.9782e-01
6.9416e-01
6.9237e-01
6.9524e-01
6.9679e-01
6.9312e-01
6.9393e-01
6.9970e-01
6.9258e-01
6.9672e-01
6.9872e-01
7.0067e-01
6.9568e-01
6.9250e-01
6.9664e-01
6.9914e-01
6.9676e-01
6.9760e-01
7.0344e-01
6.9748e-01
6.9400e-01
7.0104e-01
7.0400e-01
6.9296e-01
6.9773e-01
6.9901e-01
6.9222e-01
6.9991e-01
6.9070e-01
7.0035e-01
6.9438e-01
7.0604e-01
6.9703e-01
6.9410e-01
6.8916e-01
6.9865e-01
6.9187e-01
6.9280e-01
7.0053e-01
6.9617e-01
6.9791e-01
7.0051e-01
6.9584e-01
6.9553e-01
6.9868e-01
7.0128e-01
6.9806e-01
6.9790e-01
6.8566e-01
6.9701e-01
6.9335e-01
6.9583e-01
6.9437e-01
7.0037e-01
7.0228e-01
6.9449e-01
6.9650e-01
6.9169e-01
6.9998e-01
6.9864e-01
6.9649e-01
7.0182e-01
6.9559e-01
6.9218e-01
7.0032e-01
6.9415e-01
6.9443e-01
6.9453e-01
6.9683e-01
6.9947e-01
6.9076e-01
7.0093e-01
6.9532e-01
6.9387e-01
7.0112e-01
7.0325e-01
6.9392e-01
7.0044e-01
6.9439e-01
6.9886e-01
6.9829e-01
7.0227e-01
7.0350e-01
6.9765e-01
6.9994e-01
6.9926e-01
6.8591e-01
6.9985e-01
6.9251e-01
6.9272e-01
7.0232e-01
7.0084e-01
6.9742e-01
6.9985e-01
7.0460e-01
6.9325e-01
6.9823e-01
6.9705e-01
6.9980e-01
6.9872e-01
6.9332e-01
6.9462e-01
6.9337e-01
6.9791e-01
6.8422e-01
6.9602e-01
6.9351e-01
6.9890e-01
6.9219e-01
6.8921e-01
6.9625e-01
6.9945e-01
6.9948e-01
6.9568e-01
6.9714e-01
6.9565e-01
6.9444e-01
7.0098e-01
6.9567e-01
6.9730e-01
6.9678e-01
6.9775e-01
7.0210e-01
6.9730e-01
6.9861e-01
6.9770e-01
6.9917e-01
6.9085e-01
6.9424e-01
6.9809e-01
6.9343e-01
6.9491e-01
6.9409e-01
6.9578e-01
6.9919e-01
6.9606e-01
6.9496e-01
7.0057e-01
6.9430e-01
6.9588e-01
6.9404e-01
7.0028e-01
6.9848e-01
6.9230e-01
7.0013e-01
6.9606e-01
7.0061e-01
6.9154e-01
7.0260e-01
6.9830e-01
6.9661e-01
6.9216e-01
6.9950e-01
6.9393e-01
6.8754e-01
6.9551e-01
6.9670e-01
6.9787e-01
6.9714e-01
6.9993e-01
7.0148e-01
6.9364e-01
6.9727e-01
6.9750e-01
6.9681e-01
7.0144e-01
6.9541e-01
6.9205e-01
6.9268e-01
6.9882e-01
7.0011e-01
6.8761e-01
7.0355e-01
6.9184e-01
6.9430e-01
7.0577e-01
6.9687e-01
7.0165e-01
6.8889e-01
6.9814e-01
6.9680e-01
7.0277e-01
6.9537e-01
6.9639e-01
7.0011e-01
6.9482e-01
6.9041e-01
6.9275e-01
6.9967e-01
7.0100e-01
6.9362e-01
6.9988e-01
6.9726e-01
6.9718e-01
6.9455e-01
7.0058e-01
6.9137e-01
6.9718e-01
7.0248e-01
6.8794e-01
6.9662e-01
6.9709e-01
6.9933e-01
6.9533e-01
7.0145e-01
6.9907e-01
6.9843e-01
7.0147e-01
6.9704e-01
6.9400e-01
6.9571e-01
7.0337e-01
7.0097e-01
6.6941e-01
7.0059e-01
6.9572e-01
6.9937e-01
6.9866e-01
6.8910e-01
6.9932e-01
6.9617e-01
7.0128e-01
6.9827e-01
6.8860e-01
6.9848e-01
7.0046e-01
6.9337e-01
6.8486e-01
6.9656e-01
6.9420e-01
6.9429e-01
6.9942e-01
6.9669e-01
6.9693e-01
7.0051e-01
6.9746e-01
6.9619e-01
7.0220e-01
6.9938e-01
6.9505e-01
6.9400e-01
7.0230e-01
6.9901e-01
6.9791e-01
6.9110e-01
6.8959e-01
6.9368e-01
6.9608e-01
6.9449e-01
7.0183e-01
7.0203e-01
7.0261e-01
6.9679e-01
6.9887e-01
6.9325e-01
6.9387e-01
6.9396e-01
6.9355e-01
7.0370e-01
6.9736e-01
6.9956e-01
6.9788e-01
6.9861e-01
6.9213e-01
6.9107e-01
6.9759e-01
6.9496e-01
6.9550e-01
7.0124e-01
7.0024e-01
6.9273e-01
6.9675e-01
6.9803e-01
6.9079e-01
6.9076e-01
6.9015e-01
6.9730e-01
6.9785e-01
7.0204e-01
6.9362e-01
6.9924e-01
6.9464e-01
6.9226e-01
6.9946e-01
6.9942e-01
6.9340e-01
6.9672e-01
7.0143e-01
6.8982e-01
6.8429e-01
7.0304e-01
6.9694e-01
6.9753e-01
6.9692e-01
7.0099e-01
6.9835e-01
6.9665e-01
6.9928e-01
6.8821e-01
6.9870e-01
6.9610e-01
6.9662e-01
7.0352e-01
6.5127e-01
6.9943e-01
6.9686e-01
6.9679e-01
6.9927e-01
6.9939e-01
6.9198e-01
6.9626e-01
7.0029e-01
6.9960e-01
6.9352e-01
6.8728e-01
6.9096e-01
7.0168e-01
7.0234e-01
6.9262e-01
6.9085e-01
7.0033e-01
6.8113e-01
6.9964e-01
6.9970e-01
6.9459e-01
6.9728e-01
6.9416e-01
7.0135e-01
6.9769e-01
6.5478e-01
6.9659e-01
6.9566e-01
6.9627e-01
6.9603e-01
6.9327e-01
6.9003e-01
6.9319e-01
7.0100e-01
6.9290e-01
6.9202e-01
6.9837e-01
6.6074e-01
6.9596e-01
6.9080e-01
6.9732e-01
6.9764e-01
7.0242e-01
6.9803e-01
6.9693e-01
6.9726e-01
6.9372e-01
6.9895e-01
6.9548e-01
6.9920e-01
7.0074e-01
6.9391e-01
6.9690e-01
6.9993e-01
6.9694e-01
6.9345e-01
6.9872e-01
6.9799e-01
6.9545e-01
7.0116e-01
6.9403e-01
7.0063e-01
6.9671e-01
6.9490e-01
6.8696e-01
6.9646e-01
6.9239e-01
7.0221e-01
6.9990e-01
6.9828e-01
6.9160e-01
6.6803e-01
6.9757e-01
7.0130e-01
6.9816e-01
6.9649e-01
6.9208e-01
7.0450e-01
6.9158e-01
6.9678e-01
7.0064e-01
7.0252e-01
6.9815e-01
7.0120e-01
6.9736e-01
6.9865e-01
6.9553e-01
6.9378e-01
7.0282e-01
6.9609e-01
6.9761e-01
6.9208e-01
6.9684e-01
7.0161e-01
6.9725e-01
6.9304e-01
6.9816e-01
6.9718e-01
6.9841e-01
6.9159e-01
6.9481e-01
7.0081e-01
7.0602e-01
