7.6414e-01
7.6344e-01
7.4871e-01
7.6775e-01
7.7812e-01
7.8045e-01
7.3749e-01
7.6332e-01
7.3930e-01
7.5082e-01
7.8066e-01
7.7135e-01
7.5528e-01
7.7610e-01
7.8312e-01
7.4375e-01
7.7891e-01
7.7270e-01
7.6168e-01
7.5348e-01
7.7068e-01
7.7195e-01
7.7066e-01
7.5745e-01
7.7009e-01
7.7798e-01
7.7877e-01
7.5441e-01
7.7228e-01
8.0304e-01
7.7603e-01
7.6383e-01
7.8902e-01
7.6441e-01
7.3976e-01
7.6891e-01
7.7814e-01
7.7975e-01
7.8354e-01
7.6467e-01
7.8593e-01
7.7582e-01
7.7571e-01
7.7576e-01
7.6684e-01
7.7179e-01
7.9293e-01
7.8719e-01
7.6762e-01
7.5045e-01
7.8487e-01
7.7210e-01
7.6909e-01
7.7994e-01
7.8805e-01
7.8428e-01
7.7862e-01
7.5322e-01
7.5686e-01
7.7912e-01
7.4851e-01
7.7520e-01
7.8001e-01
7.7810e-01
7.5270e-01
7.6144e-01
7.6898e-01
7.7779e-01
7.6551e-01
7.6887e-01
7.5418e-01
7.7460e-01
7.6789e-01
8.1114e-01
7.6766e-01
7.5752e-01
7.6952e-01
7.8948e-01
7.5593e-01
7.7899e-01
7.5904e-01
7.5669e-01
7.7166e-01
7.3354e-01
7.3917e-01
7.4976e-01
7.7266e-01
7.7470e-01
7.8610e-01
7.7447e-01
7.6739e-01
7.7814e-01
7.7290e-01
7.6600e-01
7.7967e-01
7.7444e-01
7.4660e-01
7.7845e-01
7.6586e-01
7.4971e-01
7.8072e-01
7.5196e-01
7.6698e-01
7.7717e-01
7.3803e-01
7.7399e-01
7.9814e-01
7.5623e-01
7.6624e-01
7.7802e-01
7.2129e-01
7.9271e-01
7.9936e-01
7.6350e-01
7.8679e-01
7.6101e-01
7.7698e-01
7.5976e-01
7.7562e-01
7.7314e-01
7.6493e-01
7.6976e-01
7.5169e-01
7.8540e-01
7.8992e-01
7.7606e-01
7.7835e-01
7.7232e-01
7.5616e-01
7.9230e-01
7.8072e-01
7.8010e-01
7.7551e-01
7.5563e-01
7.6718e-01
7.5093e-01
7.5330e-01
7.6340e-01
7.6521e-01
7.5954e-01
7.6285e-01
7.7660e-01
7.6543e-01
7.8189e-01
7.4292e-01
8.0166e-01
7.6848e-01
7.4628e-01
7.6618e-01
7.8655e-01
7.6980e-01
7.6331e-01
7.3868e-01
7.5948e-01
7.7509e-01
7.7632e-01
7.7991e-01
7.6953e-01
7.6430e-01
7.7674e-01
7.6728e-01
7.7912e-01
7.4202e-01
7.6408e-01
7.6582e-01
7.7663e-01
7.7387e-01
7.7343e-01
7.7347e-01
8.0064e-01
7.7529e-01
7.7268e-01
7.5970e-01
7.6270e-01
7.6490e-01
7.4991e-01
8.0781e-01
7.5309e-01
7.9066e-01
7.8026e-01
7.5594e-01
7.6897e-01
7.7424e-01
7.8427e-01
7.6925e-01
7.7213e-01
7.8116e-01
7.7416e-01
7.8996e-01
7.8530e-01
7.5981e-01
7.5299e-01
7.6411e-01
7.8109e-01
7.6652e-01
7.8821e-01
7.8320e-01
7.6398e-01
7.4314e-01
7.9686e-01
7.6478e-01
7.5708e-01
7.4668e-01
7.6216e-01
7.7341e-01
7.6806e-01
7.5857e-01
7.7359e-01
7.8962e-01
7.7742e-01
7.6228e-01
5.9921e-01
7.6372e-01
7.6222e-01
7.7786e-01
7.8361e-01
7.7617e-01
7.8256e-01
7.7732e-01
7.5779e-01
7.9076e-01
7.9108e-01
7.7633e-01
7.7790e-01
7.7732e-01
7.9062e-01
7.8518e-01
7.5913e-01
7.7100e-01
7.6314e-01
7.5261e-01
7.8324e-01
7.5408e-01
7.5285e-01
7.1783e-01
8.0913e-01
7.6358e-01
7.0906e-01
7.8746e-01
7.6479e-01
6.0671e-01
7.6424e-01
7.4840e-01
7.7134e-01
7.6922e-01
7.8227e-01
7.4648e-01
7.7519e-01
7.9348e-01
7.6111e-01
7.9836e-01
7.5367e-01
7.7781e-01
7.5813e-01
7.6925e-01
7.3648e-01
7.5885e-01
7.5762e-01
7.7806e-01
7.5657e-01
7.7749e-01
7.7579e-01
7.5667e-01
7.6282e-01
7.8733e-01
7.5176e-01
7.5134e-01
7.7203e-01
7.7572e-01
7.7189e-01
7.8696e-01
7.8531e-01
7.8752e-01
7.8304e-01
7.7119e-01
7.8084e-01
7.4615e-01
7.6627e-01
7.7159e-01
7.7074e-01
7.6869e-01
7.6698e-01
8.0110e-01
7.5348e-01
7.7804e-01
7.5839e-01
7.8115e-01
7.6711e-01
7.7990e-01
7.7350e-01
7.5444e-01
6.0530e-01
7.4522e-01
7.5148e-01
6.0114e-01
7.7587e-01
7.6433e-01
7.8132e-01
7.7661e-01
7.7766e-01
7.5776e-01
7.7201e-01
7.6419e-01
7.6897e-01
7.7979e-01
7.7204e-01
7.9359e-01
7.6806e-01
7.5048e-01
8.0288e-01
7.5234e-01
7.7681e-01
7.5734e-01
7.9032e-01
7.4451e-01
7.6374e-01
7.8959e-01
8.2641e-01
7.6235e-01
7.5835e-01
7.8648e-01
7.5022e-01
7.6579e-01
7.3608e-01
7.5006e-01
7.4333e-01
7.6233e-01
7.6305e-01
7.8969e-01
7.5025e-01
7.9534e-01
7.9091e-01
7.4700e-01
7.5427e-01
7.7437e-01
8.0423e-01
7.5297e-01
7.5600e-01
7.7020e-01
7.9370e-01
7.4662e-01
7.5304e-01
7.5388e-01
7.9316e-01
7.5663e-01
7.6120e-01
7.8004e-01
7.8924e-01
7.6858e-01
7.6119e-01
7.7521e-01
7.5740e-01
7.7956e-01
7.7582e-01
7.7478e-01
7.8590e-01
7.8072e-01
7.5980e-01
7.8171e-01
7.4244e-01
7.8812e-01
7.6166e-01
7.5979e-01
7.5064e-01
7.7657e-01
7.7365e-01
7.6744e-01
7.9166e-01
7.7304e-01
8.1458e-01
8.0850e-01
7.6957e-01
6.6502e-01
7.7034e-01
7.7679e-01
7.8217e-01
7.7021e-01
7.6021e-01
7.7897e-01
7.6339e-01
7.5593e-01
7.7360e-01
7.4995e-01
7.7579e-01
7.9278e-01
7.8426e-01
7.6729e-01
7.6665e-01
7.7208e-01
7.6963e-01
7.9320e-01
7.7498e-01
7.5913e-01
7.8263e-01
7.7138e-01
5.8513e-01
5.9381e-01
7.9515e-01
7.4490e-01
7.8878e-01
6.1730e-01
7.7170e-01
7.7964e-01
7.8770e-01
8.1123e-01
7.6934e-01
7.8135e-01
7.7975e-01
7.8551e-01
7.8925e-01
7.8636e-01
7.5939e-01
7.9229e-01
7.7734e-01
7.6263e-01
8.0662e-01
7.8241e-01
7.7059e-01
7.9427e-01
7.3489e-01
7.5044e-01
7.4748e-01
8.0571e-01
7.8391e-01
7.5669e-01
7.6264e-01
7.5433e-01
7.7169e-01
7.8499e-01
7.5166e-01
7.6066e-01
7.7401e-01
7.8289e-01
7.8610e-01
7.7571e-01
7.6911e-01
7.7035e-01
7.4833e-01
7.8493e-01
7.9793e-01
7.8171e-01
7.9551e-01
7.8230e-01
7.7677e-01
7.6734e-01
7.7526e-01
7.6488e-01
7.6674e-01
7.6372e-01
7.7931e-01
7.5810e-01
7.6542e-01
7.5582e-01
7.6706e-01
7.7631e-01
7.8954e-01
7.5287e-01
7.7439e-01
7.6603e-01
7.7178e-01
7.6909e-01
7.5547e-01
7.7445e-01
7.6305e-01
7.7588e-01
7.7152e-01
7.6469e-01
7.9843e-01
7.6190e-01
7.7744e-01
7.5881e-01
7.7157e-01
7.6032e-01
7.6522e-01
7.8700e-01
7.7629e-01
7.4737e-01
7.9332e-01
7.8465e-01
7.5767e-01
7.5967e-01
7.8106e-01
7.8460e-01
7.6146e-01
7.7859e-01
7.5360e-01
7.7137e-01
7.7154e-01
7.6760e-01
7.7593e-01
7.7560e-01
7.7664e-01
6.4903e-01
7.6576e-01
8.0490e-01
7.6620e-01
7.5680e-01
7.6299e-01
7.8762e-01
7.4771e-01
7.7419e-01
7.7867e-01
7.3651e-01
7.6747e-01
7.5788e-01
7.5458e-01
7.3921e-01
7.6386e-01
7.5843e-01
7.6042e-01
7.4287e-01
7.8666e-01
7.5630e-01
7.9489e-01
7.8812e-01
7.5591e-01
7.6641e-01
7.3657e-01
7.8383e-01
7.7767e-01
7.6285e-01
7.7087e-01
7.5402e-01
7.8142e-01
7.6246e-01
7.7099e-01
7.8918e-01
7.6211e-01
7.9181e-01
7.5569e-01
7.8360e-01
7.8233e-01
7.8582e-01
7.7306e-01
7.8671e-01
7.5801e-01
7.5871e-01
7.7175e-01
7.7674e-01
7.6335e-01
7.9794e-01
7.9699e-01
7.8292e-01
7.7514e-01
7.8499e-01
7.6991e-01
7.7538e-01
7.3974e-01
7.4492e-01
7.8860e-01
7.9521e-01
7.8929e-01
7.8438e-01
7.7869e-01
7.3725e-01
7.4153e-01
7.5123e-01
7.5972e-01
7.7029e-01
7.5410e-01
7.8881e-01
7.8020e-01
7.8381e-01
7.4463e-01
7.9450e-01
7.3654e-01
7.6621e-01
7.7422e-01
7.7843e-01
7.9035e-01
8.0022e-01
7.9276e-01
7.3140e-01
7.8608e-01
7.6480e-01
7.6081e-01
7.6477e-01
7.6568e-01
7.8533e-01
7.6942e-01
7.4887e-01
7.5494e-01
7.4199e-01
7.8303e-01
7.6154e-01
7.6175e-01
7.9281e-01
7.6220e-01
7.9080e-01
7.6217e-01
7.1604e-01
7.5198e-01
7.6172e-01
7.7731e-01
7.6482e-01
7.6426e-01
7.7088e-01
7.8878e-01
7.9321e-01
7.9714e-01
7.5400e-01
7.5011e-01
7.7831e-01
7.5888e-01
7.5441e-01
7.7526e-01
7.5077e-01
7.7772e-01
7.6600e-01
7.5635e-01
7.7060e-01
7.6690e-01
7.8457e-01
7.3809e-01
7.5802e-01
7.5405e-01
7.5944e-01
7.8146e-01
7.8413e-01
7.5784e-01
8.0823e-01
7.8956e-01
7.5265e-01
7.9086e-01
7.8918e-01
7.4443e-01
7.7492e-01
7.6600e-01
7.7151e-01
7.6661e-01
7.9383e-01
7.7364e-01
7.7263e-01
7.6165e-01
7.8937e-01
7.7081e-01
7.8723e-01
7.7760e-01
7.6438e-01
7.7025e-01
7.7785e-01
7.8805e-01
7.7018e-01
7.4555e-01
7.6197e-01
7.5713e-01
7.6406e-01
7.7646e-01
7.7266e-01
7.6638e-01
7.8328e-01
7.8938e-01
7.7527e-01
7.6624e-01
7.4469e-01
7.4983e-01
7.7669e-01
7.6027e-01
5.9452e-01
7.7311e-01
7.8100e-01
7.3571e-01
7.8140e-01
7.6870e-01
7.6341e-01
6.0636e-01
7.7137e-01
7.5874e-01
7.6505e-01
7.7578e-01
7.4762e-01
7.7239e-01
7.7828e-01
7.8645e-01
7.7879e-01
7.8094e-01
7.6718e-01
7.6288e-01
7.7999e-01
7.5209e-01
7.5839e-01
8.0227e-01
7.7882e-01
7.7660e-01
7.7885e-01
7.6478e-01
7.6885e-01
8.1037e-01
7.6300e-01
7.3891e-01
7.5292e-01
7.6635e-01
7.6478e-01
6.4925e-01
7.5449e-01
7.8266e-01
7.5183e-01
7.8267e-01
7.5738e-01
7.6419e-01
7.7918e-01
7.6238e-01
7.7003e-01
7.7330e-01
7.6874e-01
7.7887e-01
7.5325e-01
7.6419e-01
7.6769e-01
7.6476e-01
7.6888e-01
7.5379e-01
7.8916e-01
7.3978e-01
7.7481e-01
7.4807e-01
7.7833e-01
7.8916e-01
7.4472e-01
7.7650e-01
7.8491e-01
7.5365e-01
7.9519e-01
7.7529e-01
7.8300e-01
7.7266e-01
7.1491e-01
9.0000e-01
7.8563e-01
7.8026e-01
7.6342e-01
7.6994e-01
7.8053e-01
7.6902e-01
7.3551e-01
7.8256e-01
7.5576e-01
7.5293e-01
7.8312e-01
7.7726e-01
7.7194e-01
7.6514e-01
7.5388e-01
8.0564e-01
7.6318e-01
7.9734e-01
7.8302e-01
7.7277e-01
7.5699e-01
7.5115e-01
7.8613e-01
7.7055e-01
6.0119e-01
7.6798e-01
7.7486e-01
7.4969e-01
7.8077e-01
7.5052e-01
7.7376e-01
7.9038e-01
7.7275e-01
7.7313e-01
7.8597e-01
7.4903e-01
7.6411e-01
7.6058e-01
7.6744e-01
7.7618e-01
7.9231e-01
7.6060e-01
7.6970e-01
7.5885e-01
7.5505e-01
7.8023e-01
7.9140e-01
7.7506e-01
7.8488e-01
7.8897e-01
7.6712e-01
7.6889e-01
7.2793e-01
7.7211e-01
7.8102e-01
7.6437e-01
7.5864e-01
7.9203e-01
7.5986e-01
7.7423e-01
7.8468e-01
7.7987e-01
7.8405e-01
7.6549e-01
7.8074e-01
7.9337e-01
7.6024e-01
7.8448e-01
8.2075e-01
7.4480e-01
7.7997e-01
7.6366e-01
7.6589e-01
7.7674e-01
7.6991e-01
7.7541e-01
7.6293e-01
7.7011e-01
7.7723e-01
7.6817e-01
7.4843e-01
7.7089e-01
7.6614e-01
7.5037e-01
7.4529e-01
7.6624e-01
7.6437e-01
7.9072e-01
7.9654e-01
7.9012e-01
7.5457e-01
6.9330e-01
7.8612e-01
7.6960e-01
7.4970e-01
7.7355e-01
7.7545e-01
7.6579e-01
7.8109e-01
7.8192e-01
7.8500e-01
7.6712e-01
7.3546e-01
7.8913e-01
7.6058e-01
7.8877e-01
7.8933e-01
7.7766e-01
7.7732e-01
7.5639e-01
7.6277e-01
7.6167e-01
7.8717e-01
7.5887e-01
7.6082e-01
7.7054e-01
7.7945e-01
7.7310e-01
7.6050e-01
7.5856e-01
6.4505e-01
7.8065e-01
7.6290e-01
7.5404e-01
7.5274e-01
7.5557e-01
7.9378e-01
7.8999e-01
7.6442e-01
7.6107e-01
7.7127e-01
7.4698e-01
7.5722e-01
7.6995e-01
7.6085e-01
7.7575e-01
7.5827e-01
7.5260e-01
7.7604e-01
7.8760e-01
7.5544e-01
7.5324e-01
7.9841e-01
7.5749e-01
7.3479e-01
7.8740e-01
7.2311e-01
7.8896e-01
7.7587e-01
7.8173e-01
7.6038e-01
7.8052e-01
7.7294e-01
7.5996e-01
7.7897e-01
7.4549e-01
7.3945e-01
7.6747e-01
7.6063e-01
7.7928e-01
7.7169e-01
7.6132e-01
7.5106e-01
7.6853e-01
7.6666e-01
7.6131e-01
7.3955e-01
7.6805e-01
7.5761e-01
7.7162e-01
7.7483e-01
7.7651e-01
7.9834e-01
5.9919e-01
7.7960e-01
7.7108e-01
7.8649e-01
7.8487e-01
7.3934e-01
7.4822e-01
7.6060e-01
7.9357e-01
7.6262e-01
7.5358e-01
7.7334e-01
7.8662e-01
7.9741e-01
7.6899e-01
7.5073e-01
7.8061e-01
7.8771e-01
7.6569e-01
7.7820e-01
7.7529e-01
7.8002e-01
7.7527e-01
7.5225e-01
8.1107e-01
7.8226e-01
7.7808e-01
7.4331e-01
7.8519e-01
7.5717e-01
7.9080e-01
6.9747e-01
7.7585e-01
7.7417e-01
7.8496e-01
7.3882e-01
7.4670e-01
7.6339e-01
7.5266e-01
7.9158e-01
7.5523e-01
7.6931e-01
7.8796e-01
7.6572e-01
7.8110e-01
8.1114e-01
7.7968e-01
7.6484e-01
7.9785e-01
7.7414e-01
7.7933e-01
7.7159e-01
7.7959e-01
7.8330e-01
7.8439e-01
7.5980e-01
7.8346e-01
7.8769e-01
7.7560e-01
7.7568e-01
7.5021e-01
7.6445e-01
7.7002e-01
7.5709e-01
7.7800e-01
7.6567e-01
7.9369e-01
7.6116e-01
7.6021e-01
7.8789e-01
7.7010e-01
7.6810e-01
7.4791e-01
7.7012e-01
7.4551e-01
7.4688e-01
8.0032e-01
7.7027e-01
7.9087e-01
7.7811e-01
7.6509e-01
7.5288e-01
7.5640e-01
7.6408e-01
7.7206e-01
7.8953e-01
7.5245e-01
7.7208e-01
7.6995e-01
7.4697e-01
7.7250e-01
7.7904e-01
7.5051e-01
7.7953e-01
7.6216e-01
7.6622e-01
7.9368e-01
7.4409e-01
7.4598e-01
