8.6595e-01
8.6243e-01
7.4164e-01
8.5252e-01
8.6661e-01
8.7035e-01
8.6284e-01
8.8124e-01
8.6057e-01
8.5593e-01
8.5445e-01
8.5183e-01
8.6839e-01
7.3368e-01
8.6442e-01
8.5178e-01
8.5516e-01
8.6294e-01
8.5972e-01
7.8914e-01
8.5709e-01
8.6191e-01
8.6790e-01
8.5392e-01
8.6699e-01
8.6879e-01
8.1933e-01
8.3471e-01
8.6247e-01
8.5476e-01
8.6314e-01
8.7324e-01
8.5925e-01
8.5744e-01
8.7825e-01
8.7746e-01
8.5644e-01
8.6353e-01
8.7316e-01
8.5717e-01
8.5793e-01
8.7155e-01
8.6407e-01
8.6055e-01
8.7054e-01
8.6023e-01
8.7411e-01
8.7612e-01
8.4917e-01
8.5784e-01
8.5613e-01
8.7076e-01
8.6870e-01
8.4954e-01
8.6475e-01
8.5306e-01
8.6793e-01
8.5476e-01
8.5617e-01
7.3765e-01
8.6732e-01
8.5637e-01
8.3810e-01
8.6036e-01
8.5732e-01
8.5320e-01
8.5440e-01
8.5899e-01
8.7506e-01
8.5260e-01
8.5634e-01
8.6531e-01
8.5320e-01
8.6854e-01
8.5864e-01
8.4618e-01
8.0463e-01
8.4650e-01
8.6703e-01
7.2545e-01
8.5964e-01
8.6180e-01
8.6843e-01
8.5909e-01
8.7003e-01
8.7003e-01
8.5833e-01
8.5655e-01
8.6064e-01
8.6364e-01
8.5740e-01
8.6307e-01
8.7441e-01
8.6031e-01
8.6591e-01
8.4972e-01
8.5130e-01
8.7396e-01
8.6478e-01
8.6088e-01
8.5635e-01
8.6898e-01
8.6069e-01
8.7405e-01
8.6417e-01
8.5664e-01
8.5103e-01
8.6383e-01
8.6851e-01
8.6230e-01
8.6999e-01
8.8722e-01
8.6223e-01
8.6230e-01
8.8043e-01
8.5132e-01
8.6807e-01
8.6030e-01
8.6349e-01
8.5465e-01
8.4569e-01
8.5192e-01
8.7794e-01
8.7684e-01
8.6199e-01
8.6556e-01
8.6973e-01
8.6082e-01
8.6937e-01
8.6099e-01
8.4462e-01
8.5091e-01
8.5221e-01
8.5779e-01
7.7039e-01
8.5373e-01
8.8327e-01
8.4193e-01
8.6478e-01
8.6295e-01
8.6311e-01
8.5004e-01
8.7507e-01
8.4913e-01
8.4612e-01
8.5845e-01
8.6509e-01
8.3512e-01
8.4263e-01
8.9525e-01
8.7443e-01
8.6013e-01
8.7194e-01
8.5713e-01
8.6197e-01
8.3085e-01
8.4706e-01
8.6281e-01
8.6597e-01
8.5546e-01
8.6059e-01
8.7179e-01
8.6413e-01
8.5685e-01
8.5954e-01
8.7015e-01
8.6472e-01
8.4755e-01
8.6343e-01
8.6623e-01
8.4498e-01
8.4977e-01
8.8093e-01
7.9831e-01
8.7161e-01
8.8037e-01
8.5641e-01
7.3581e-01
8.4955e-01
8.6556e-01
8.4594e-01
8.6289e-01
8.6438e-01
8.8953e-01
8.5056e-01
8.6085e-01
8.6065e-01
8.6860e-01
8.6303e-01
8.7491e-01
8.5935e-01
8.6187e-01
8.4968e-01
8.7610e-01
8.6986e-01
8.5393e-01
8.6104e-01
6.8832e-01
8.6129e-01
8.5846e-01
8.6430e-01
8.5204e-01
8.6656e-01
8.8155e-01
8.7931e-01
8.6818e-01
7.8990e-01
8.7759e-01
8.7735e-01
8.7312e-01
8.5824e-01
8.4997e-01
8.6466e-01
8.7176e-01
8.8383e-01
8.6391e-01
8.8019e-01
8.5476e-01
8.5156e-01
8.5554e-01
8.7313e-01
8.6932e-01
8.6741e-01
8.4918e-01
8.6741e-01
8.6911e-01
8.7436e-01
8.6094e-01
8.5395e-01
8.4316e-01
8.5758e-01
8.7689e-01
8.5983e-01
8.7664e-01
8.4866e-01
8.6678e-01
8.6389e-01
8.5327e-01
8.6115e-01
8.6861e-01
8.6943e-01
8.5829e-01
8.5364e-01
8.5754e-01
8.6016e-01
8.7256e-01
8.4649e-01
8.7320e-01
8.6574e-01
8.3983e-01
8.7721e-01
8.6351e-01
8.6514e-01
8.8403e-01
8.6939e-01
8.6078e-01
8.6471e-01
8.6578e-01
8.4099e-01
8.6818e-01
8.6100e-01
8.6160e-01
8.6162e-01
8.7677e-01
8.7016e-01
8.6987e-01
8.6858e-01
8.6424e-01
8.6302e-01
8.4747e-01
8.5714e-01
8.6511e-01
8.6033e-01
8.5883e-01
8.5989e-01
8.5248e-01
8.5560e-01
8.5182e-01
8.5539e-01
8.6994e-01
8.7602e-01
8.6119e-01
8.7652e-01
8.5911e-01
8.7830e-01
8.6701e-01
8.6234e-01
8.7336e-01
8.6386e-01
8.6868e-01
8.5953e-01
8.6251e-01
8.7347e-01
8.5712e-01
8.4934e-01
8.6223e-01
8.5661e-01
6.9159e-01
8.8515e-01
8.5739e-01
8.6285e-01
8.5594e-01
8.6829e-01
8.4534e-01
8.6316e-01
8.6120e-01
8.4957e-01
8.5162e-01
8.6883e-01
8.6191e-01
8.7468e-01
8.6174e-01
8.6596e-01
8.7286e-01
8.3997e-01
8.7332e-01
8.7243e-01
8.5589e-01
8.6204e-01
8.6852e-01
8.6298e-01
8.5997e-01
8.5085e-01
8.0120e-01
8.6992e-01
8.7071e-01
8.7079e-01
8.6671e-01
8.6098e-01
8.6671e-01
8.5388e-01
8.6219e-01
8.7147e-01
6.8546e-01
8.5267e-01
8.6631e-01
8.7454e-01
8.7695e-01
8.5524e-01
8.3750e-01
8.6555e-01
8.5182e-01
8.6221e-01
8.6146e-01
8.7831e-01
8.7400e-01
8.4500e-01
8.4778e-01
8.5937e-01
8.6258e-01
8.6254e-01
8.6210e-01
8.5637e-01
8.4114e-01
8.6331e-01
8.5654e-01
8.6344e-01
8.5539e-01
8.5968e-01
8.6091e-01
8.6322e-01
8.5479e-01
8.5699e-01
8.8239e-01
8.6274e-01
8.1724e-01
8.5803e-01
8.6958e-01
8.8003e-01
8.5372e-01
8.5941e-01
8.6242e-01
8.5209e-01
8.7865e-01
8.4558e-01
8.7068e-01
8.7322e-01
8.7231e-01
8.8125e-01
8.5855e-01
8.8911e-01
8.5149e-01
8.6050e-01
8.6403e-01
8.6930e-01
8.6692e-01
8.5088e-01
8.5237e-01
8.4707e-01
8.5682e-01
8.6736e-01
8.6317e-01
8.7450e-01
8.4917e-01
8.4818e-01
8.5465e-01
8.7538e-01
8.5834e-01
8.5782e-01
7.0143e-01
8.7466e-01
8.6728e-01
8.5751e-01
8.5423e-01
8.8136e-01
8.3972e-01
8.6460e-01
8.5658e-01
8.5917e-01
8.6121e-01
8.6247e-01
8.4800e-01
8.5204e-01
8.5676e-01
8.0654e-01
8.6195e-01
8.6612e-01
8.7359e-01
8.5331e-01
8.5473e-01
8.5712e-01
8.6048e-01
8.4784e-01
8.5134e-01
8.6570e-01
8.6117e-01
8.5141e-01
8.6933e-01
8.6176e-01
8.6006e-01
8.0755e-01
8.5674e-01
8.6495e-01
8.5376e-01
8.5525e-01
8.7513e-01
8.6135e-01
8.5181e-01
8.5925e-01
8.5962e-01
8.3968e-01
8.6614e-01
8.7667e-01
8.5464e-01
8.6362e-01
8.6372e-01
8.6084e-01
8.7000e-01
8.5536e-01
8.4682e-01
8.5754e-01
8.6341e-01
8.5352e-01
8.6575e-01
8.6458e-01
8.5170e-01
8.6719e-01
8.5649e-01
8.6256e-01
8.5777e-01
8.6670e-01
8.6215e-01
8.5769e-01
8.4769e-01
8.5079e-01
8.8010e-01
8.5244e-01
8.7324e-01
8.5241e-01
8.6276e-01
8.6355e-01
8.4653e-01
8.5165e-01
8.4359e-01
8.5454e-01
8.6758e-01
8.5445e-01
8.5732e-01
8.6774e-01
8.7393e-01
8.6232e-01
8.6564e-01
8.7107e-01
8.5143e-01
8.5453e-01
8.6945e-01
8.4757e-01
8.6508e-01
8.5917e-01
8.6853e-01
8.5465e-01
8.6582e-01
8.5282e-01
7.8256e-01
8.6068e-01
8.5621e-01
8.5758e-01
8.6089e-01
8.5883e-01
8.7475e-01
8.5302e-01
8.6794e-01
8.4512e-01
8.5342e-01
8.7890e-01
8.6589e-01
8.4614e-01
8.7451e-01
8.6776e-01
7.7315e-01
8.5806e-01
7.5603e-01
8.7416e-01
8.4192e-01
8.6541e-01
8.5757e-01
8.6060e-01
8.7474e-01
8.5092e-01
8.5209e-01
8.6237e-01
8.6123e-01
8.5782e-01
8.7325e-01
8.7523e-01
8.5376e-01
8.7445e-01
8.7042e-01
8.4837e-01
8.5846e-01
8.5503e-01
8.6214e-01
8.4804e-01
8.7433e-01
8.5615e-01
8.6526e-01
8.4513e-01
8.5013e-01
8.6915e-01
8.6770e-01
7.1361e-01
8.6904e-01
8.6658e-01
8.6656e-01
8.7527e-01
8.6360e-01
8.5996e-01
8.7595e-01
8.4335e-01
8.4764e-01
8.6813e-01
8.6131e-01
8.5765e-01
7.2616e-01
8.7789e-01
8.5861e-01
8.6365e-01
8.7371e-01
8.3220e-01
8.3433e-01
8.2722e-01
8.6664e-01
8.6208e-01
8.7779e-01
8.6034e-01
8.5272e-01
8.6604e-01
8.6081e-01
8.6517e-01
8.4356e-01
8.7186e-01
8.6006e-01
8.6044e-01
8.6482e-01
8.3757e-01
8.5180e-01
8.6647e-01
8.4324e-01
8.6398e-01
8.6059e-01
8.5913e-01
8.6073e-01
8.5838e-01
8.5435e-01
8.6830e-01
8.6190e-01
8.5425e-01
8.4794e-01
8.6033e-01
8.6394e-01
8.6771e-01
8.6269e-01
8.8033e-01
8.7347e-01
8.5300e-01
8.5485e-01
8.5324e-01
8.6367e-01
8.6733e-01
8.8013e-01
8.7695e-01
8.7241e-01
8.5262e-01
8.5527e-01
8.4192e-01
8.5386e-01
8.6376e-01
8.5907e-01
8.6192e-01
8.5640e-01
8.5005e-01
8.5977e-01
8.5260e-01
8.6216e-01
8.5158e-01
8.7031e-01
8.7486e-01
8.5878e-01
8.6501e-01
8.7263e-01
8.6444e-01
8.5932e-01
8.5543e-01
8.6376e-01
8.5812e-01
8.6201e-01
8.5840e-01
8.6544e-01
8.5359e-01
8.6134e-01
8.5057e-01
8.7541e-01
8.5598e-01
8.5097e-01
8.5005e-01
8.6133e-01
8.5735e-01
8.5570e-01
8.6308e-01
8.7484e-01
8.7531e-01
8.6139e-01
8.7081e-01
8.5479e-01
9.0462e-01
8.5343e-01
8.7156e-01
8.5772e-01
8.5506e-01
8.7090e-01
8.6713e-01
8.5760e-01
8.5894e-01
8.7200e-01
8.5487e-01
8.5247e-01
8.5233e-01
8.5572e-01
8.5997e-01
8.4272e-01
8.7565e-01
8.5977e-01
8.5984e-01
8.6663e-01
8.5488e-01
8.7151e-01
8.6028e-01
8.5499e-01
8.7661e-01
8.6305e-01
8.7891e-01
7.2208e-01
8.5350e-01
8.7493e-01
8.6931e-01
8.7319e-01
8.6127e-01
8.5740e-01
8.7462e-01
8.5192e-01
8.6963e-01
8.6377e-01
8.6907e-01
8.6498e-01
8.6003e-01
8.5155e-01
8.5376e-01
8.7208e-01
8.5618e-01
8.5460e-01
8.4705e-01
8.6423e-01
8.5071e-01
8.7105e-01
7.1222e-01
8.5780e-01
8.5380e-01
8.5149e-01
8.6671e-01
8.6870e-01
8.6955e-01
8.5505e-01
8.7681e-01
8.5948e-01
6.1351e-01
8.4948e-01
8.6375e-01
8.5894e-01
8.4628e-01
8.6277e-01
8.5821e-01
8.7066e-01
8.5435e-01
8.5921e-01
8.7080e-01
8.4618e-01
8.4883e-01
8.4927e-01
8.6005e-01
8.7458e-01
8.6409e-01
8.6508e-01
8.6715e-01
8.5407e-01
8.5105e-01
8.5654e-01
8.5833e-01
8.5664e-01
8.6021e-01
8.6362e-01
8.7279e-01
8.6142e-01
8.6046e-01
8.6673e-01
8.7118e-01
8.6177e-01
8.7259e-01
8.7172e-01
8.5569e-01
8.5975e-01
8.5773e-01
8.6154e-01
8.6416e-01
8.5814e-01
8.6516e-01
8.6065e-01
8.4232e-01
6.7275e-01
8.5820e-01
8.6484e-01
8.5222e-01
8.6377e-01
8.6659e-01
8.6438e-01
8.6863e-01
8.6590e-01
8.4166e-01
8.6519e-01
8.5499e-01
8.7089e-01
8.4256e-01
8.6913e-01
8.6048e-01
8.5951e-01
8.6594e-01
8.6119e-01
8.4615e-01
8.5335e-01
8.7318e-01
8.6251e-01
8.4477e-01
8.6149e-01
8.6461e-01
8.5768e-01
8.5310e-01
8.5099e-01
8.6554e-01
8.7457e-01
8.6588e-01
8.6343e-01
8.5914e-01
8.7212e-01
8.6107e-01
8.6058e-01
8.5385e-01
8.5662e-01
8.6319e-01
8.6809e-01
8.5053e-01
8.6167e-01
8.7397e-01
7.7611e-01
8.6602e-01
7.6215e-01
8.3376e-01
8.6008e-01
8.7310e-01
8.7832e-01
8.5184e-01
8.5664e-01
8.1666e-01
8.6664e-01
8.6813e-01
8.7261e-01
8.6034e-01
8.5093e-01
8.7094e-01
8.7469e-01
8.5724e-01
8.6084e-01
8.5581e-01
8.4787e-01
7.6680e-01
8.6320e-01
8.6574e-01
8.5658e-01
8.7458e-01
8.7473e-01
8.6308e-01
8.6264e-01
8.5389e-01
8.6488e-01
8.7338e-01
8.5437e-01
8.7479e-01
8.6030e-01
8.6235e-01
8.2336e-01
8.5644e-01
8.5747e-01
8.4261e-01
8.6364e-01
8.6980e-01
8.4967e-01
8.2840e-01
8.6208e-01
8.5718e-01
8.6493e-01
8.6303e-01
8.5274e-01
7.4915e-01
8.5625e-01
8.9191e-01
8.6414e-01
8.5375e-01
8.6547e-01
8.4618e-01
8.7064e-01
7.3057e-01
8.6930e-01
8.6349e-01
8.6519e-01
8.7712e-01
8.7555e-01
8.5626e-01
8.6368e-01
8.6979e-01
8.5822e-01
7.5172e-01
6.8127e-01
8.8704e-01
8.1661e-01
8.6681e-01
8.5643e-01
8.5637e-01
8.7007e-01
8.5274e-01
8.7417e-01
8.6447e-01
8.7325e-01
8.7264e-01
8.6405e-01
8.5283e-01
8.7375e-01
8.5966e-01
8.6587e-01
8.7198e-01
8.6913e-01
8.5527e-01
8.5917e-01
8.5656e-01
8.4612e-01
8.6669e-01
8.5618e-01
8.6911e-01
8.5903e-01
8.6650e-01
8.7738e-01
8.6805e-01
8.6365e-01
8.6923e-01
8.5137e-01
8.5721e-01
8.6651e-01
8.6159e-01
8.5832e-01
8.6387e-01
8.6393e-01
8.7083e-01
8.8289e-01
8.7648e-01
8.6489e-01
8.6705e-01
8.6918e-01
8.4884e-01
8.4660e-01
8.6778e-01
8.7348e-01
9.9593e-01
8.4256e-01
8.4780e-01
8.7199e-01
8.6936e-01
8.5904e-01
8.5263e-01
8.6828e-01
8.4756e-01
8.4972e-01
8.6727e-01
8.7598e-01
8.6534e-01
7.8341e-01
8.4855e-01
8.6302e-01
8.5806e-01
8.4950e-01
8.6889e-01
7.8301e-01
8.7696e-01
8.6922e-01
8.1938e-01
8.5948e-01
8.6586e-01
8.6614e-01
8.6668e-01
8.8015e-01
8.5729e-01
7.4652e-01
8.6458e-01
8.5941e-01
8.2623e-01
8.7296e-01
8.7502e-01
8.6180e-01
8.7591e-01
8.5998e-01
8.5833e-01
8.4616e-01
8.6747e-01
8.5065e-01
8.6965e-01
8.4652e-01
8.5783e-01
8.4435e-01
8.6960e-01
8.6482e-01
8.6897e-01
8.5403e-01
8.6927e-01
8.8439e-01
8.4888e-01
8.5784e-01
8.6249e-01
8.5162e-01
8.6919e-01
8.6567e-01
8.6157e-01
8.4290e-01
8.6869e-01
8.7539e-01
8.6764e-01
8.6164e-01
8.6559e-01
8.5596e-01
8.5048e-01
8.4807e-01
8.5888e-01
8.4735e-01
8.6104e-01
8.7220e-01
8.6827e-01
7.2648e-01
8.5725e-01
8.5319e-01
8.5606e-01
8.6751e-01
8.6604e-01
8.7324e-01
8.5912e-01
8.6985e-01
8.7960e-01
8.4584e-01
8.7678e-01
8.5635e-01
8.7642e-01
8.5944e-01
8.6689e-01
8.7014e-01
8.6670e-01
8.4697e-01
