6.8202e-01
6.9467e-01
6.8793e-01
6.8954e-01
6.9050e-01
6.9015e-01
6.8710e-01
6.9115e-01
6.8678e-01
6.8470e-01
6.8987e-01
6.8769e-01
6.8772e-01
6.9230e-01
6.8548e-01
6.8169e-01
6.8229e-01
6.9116e-01
6.8928e-01
6.8548e-01
6.9109e-01
6.8826e-01
6.8883e-01
6.9717e-01
6.8052e-01
6.9179e-01
6.9078e-01
6.7294e-01
6.8412e-01
6.9226e-01
6.9492e-01
6.8420e-01
6.8924e-01
6.9217e-01
6.8411e-01
7.0032e-01
6.9059e-01
6.9328e-01
6.9178e-01
6.8240e-01
6.8379e-01
6.9049e-01
6.8317e-01
6.9165e-01
6.8749e-01
6.8686e-01
6.8631e-01
6.9486e-01
6.9019e-01
6.8934e-01
6.8541e-01
6.9376e-01
6.9185e-01
6.8989e-01
6.9425e-01
6.8501e-01
6.9214e-01
6.8233e-01
6.8621e-01
6.9059e-01
6.8436e-01
6.8370e-01
6.8768e-01
6.9454e-01
6.8661e-01
6.8298e-01
6.4329e-01
6.9025e-01
6.9471e-01
6.8931e-01
6.8336e-01
6.8695e-01
6.8792e-01
6.7573e-01
6.8509e-01
6.8631e-01
6.8813e-01
6.8208e-01
6.8882e-01
6.8839e-01
6.8736e-01
6.8473e-01
6.9100e-01
6.9623e-01
6.9070e-01
6.8549e-01
6.8719e-01
6.8916e-01
6.8904e-01
6.9212e-01
6.8318e-01
6.9205e-01
6.8858e-01
6.9260e-01
6.7687e-01
6.8918e-01
6.8743e-01
6.9260e-01
6.8666e-01
6.8210e-01
6.8829e-01
6.7645e-01
6.9121e-01
6.9076e-01
6.9109e-01
6.9012e-01
6.9129e-01
6.8214e-01
6.9101e-01
6.8637e-01
6.8499e-01
6.8664e-01
6.7790e-01
6.7541e-01
6.7969e-01
6.9040e-01
6.9041e-01
6.8369e-01
6.8569e-01
6.9292e-01
6.9345e-01
6.8336e-01
6.8029e-01
6.9153e-01
6.9132e-01
6.8872e-01
6.8421e-01
6.9229e-01
6.7834e-01
6.9079e-01
6.8428e-01
6.8395e-01
6.9575e-01
6.9076e-01
6.9194e-01
6.8642e-01
6.8719e-01
6.9398e-01
6.9114e-01
6.7739e-01
6.8365e-01
6.9124e-01
6.8949e-01
6.9147e-01
6.8628e-01
6.9834e-01
6.8821e-01
6.8080e-01
6.8645e-01
6.9037e-01
6.8731e-01
6.8966e-01
6.8548e-01
6.9195e-01
6.9320e-01
6.8888e-01
6.9517e-01
6.9523e-01
6.7362e-01
6.8817e-01
6.8209e-01
6.9453e-01
6.8567e-01
6.8817e-01
6.8780e-01
6.7973e-01
6.8604e-01
6.8912e-01
6.9245e-01
6.8672e-01
6.7211e-01
6.8875e-01
6.9121e-01
6.9118e-01
6.9276e-01
6.8632e-01
6.8067e-01
6.9337e-01
6.9443e-01
6.9089e-01
6.9032e-01
6.9194e-01
6.9409e-01
6.8478e-01
6.9506e-01
6.9614e-01
6.8508e-01
6.8768e-01
6.8385e-01
6.8965e-01
6.8872e-01
6.8992e-01
6.9375e-01
6.9174e-01
6.8348e-01
6.9480e-01
6.8811e-01
6.9179e-01
6.9090e-01
6.8502e-01
6.8759e-01
6.8938e-01
6.8606e-01
6.8776e-01
6.9277e-01
6.8413e-01
6.8893e-01
6.8917e-01
6.8961e-01
6.9375e-01
6.8908e-01
6.9253e-01
6.8789e-01
6.8255e-01
6.9087e-01
6.9626e-01
6.8705e-01
6.9089e-01
6.8761e-01
6.8529e-01
6.8816e-01
6.9273e-01
6.9150e-01
6.9020e-01
6.9790e-01
6.9205e-01
6.7981e-01
6.6994e-01
6.7168e-01
6.9058e-01
6.8766e-01
6.8749e-01
6.9153e-01
6.8185e-01
6.9102e-01
6.8761e-01
6.8686e-01
6.8975e-01
6.7922e-01
6.8965e-01
6.8413e-01
6.8642e-01
6.8972e-01
6.9047e-01
6.8681e-01
6.7641e-01
6.8575e-01
6.8372e-01
6.9131e-01
6.8837e-01
6.8977e-01
6.9280e-01
6.9245e-01
6.9078e-01
6.8395e-01
6.9370e-01
6.8971e-01
6.8946e-01
6.8357e-01
6.9055e-01
6.9152e-01
6.9608e-01
6.9562e-01
6.9074e-01
6.7582e-01
6.8993e-01
6.9436e-01
6.8003e-01
6.8711e-01
6.8488e-01
6.8665e-01
6.9144e-01
6.9360e-01
6.8822e-01
6.9030e-01
6.7914e-01
6.8771e-01
6.8105e-01
6.8920e-01
6.9610e-01
6.8986e-01
6.8662e-01
6.8859e-01
6.8624e-01
6.6295e-01
6.9443e-01
6.9046e-01
6.8953e-01
6.9165e-01
6.8973e-01
6.8478e-01
6.8911e-01
6.9899e-01
6.8956e-01
6.8715e-01
6.9292e-01
6.9290e-01
6.8883e-01
6.9194e-01
6.8725e-01
6.9430e-01
6.9284e-01
6.7598e-01
6.8983e-01
6.9044e-01
6.8998e-01
6.8903e-01
6.9066e-01
6.9075e-01
6.9117e-01
6.8725e-01
6.9122e-01
6.8872e-01
6.8556e-01
6.9217e-01
6.9379e-01
6.9269e-01
6.9335e-01
6.7495e-01
6.8810e-01
6.8974e-01
6.8960e-01
6.8686e-01
6.8841e-01
6.8993e-01
6.9171e-01
6.9426e-01
6.8738e-01
6.8876e-01
6.9169e-01
6.9062e-01
6.9262e-01
6.8952e-01
6.8627e-01
6.8237e-01
6.8518e-01
6.8410e-01
6.9422e-01
6.9153e-01
6.8600e-01
6.9271e-01
6.9177e-01
6.9144e-01
6.8986e-01
6.8464e-01
6.8580e-01
6.9498e-01
6.8796e-01
6.8879e-01
6.8355e-01
6.8943e-01
6.9111e-01
6.8940e-01
6.8661e-01
6.9071e-01
6.9379e-01
6.8755e-01
6.8576e-01
6.9407e-01
6.8489e-01
6.9333e-01
6.8591e-01
6.9171e-01
6.8353e-01
6.8865e-01
6.9150e-01
6.8470e-01
6.8666e-01
6.9316e-01
6.8022e-01
6.8780e-01
6.8936e-01
6.8962e-01
6.9162e-01
6.7893e-01
6.9257e-01
6.8527e-01
6.8758e-01
6.8964e-01
6.9614e-01
6.9552e-01
6.8345e-01
6.8073e-01
6.8898e-01
6.8772e-01
6.8883e-01
6.8473e-01
6.8811e-01
6.8450e-01
6.9513e-01
6.9060e-01
6.8885e-01
6.9076e-01
6.8799e-01
6.9331e-01
6.8886e-01
6.6614e-01
6.9260e-01
6.8955e-01
6.8565e-01
6.9085e-01
6.7941e-01
6.8631e-01
6.8529e-01
6.9033e-01
6.9063e-01
7.0147e-01
6.8714e-01
6.9013e-01
6.8840e-01
6.9210e-01
6.9178e-01
6.9192e-01
6.9506e-01
6.9233e-01
6.8999e-01
6.8250e-01
6.9277e-01
6.9558e-01
6.8838e-01
6.8610e-01
6.8605e-01
6.9709e-01
6.9104e-01
6.8855e-01
6.9585e-01
6.8533e-01
6.8969e-01
6.8630e-01
6.8620e-01
6.8906e-01
6.9585e-01
6.9019e-01
6.8761e-01
6.9031e-01
6.8091e-01
6.8276e-01
6.8839e-01
6.9628e-01
6.9119e-01
6.8829e-01
6.9131e-01
6.9964e-01
6.8942e-01
6.8824e-01
6.8750e-01
6.9072e-01
6.8899e-01
6.7415e-01
6.7703e-01
6.9509e-01
6.9264e-01
6.8559e-01
6.8511e-01
6.9308e-01
6.7875e-01
6.9821e-01
6.8629e-01
6.8468e-01
6.9062e-01
6.9079e-01
6.9057e-01
6.8956e-01
6.8329e-01
6.8979e-01
6.9329e-01
6.8600e-01
6.8896e-01
6.8375e-01
6.8729e-01
6.7748e-01
6.8091e-01
6.9551e-01
6.9336e-01
6.8810e-01
6.9140e-01
6.9483e-01
6.8423e-01
6.9035e-01
6.8764e-01
6.8488e-01
6.9505e-01
6.8829e-01
6.7554e-01
6.7688e-01
6.5275e-01
6.8996e-01
6.9251e-01
6.8551e-01
6.8994e-01
6.9087e-01
6.9164e-01
6.8174e-01
6.8830e-01
6.9160e-01
6.8988e-01
6.7587e-01
6.8322e-01
6.8826e-01
6.8489e-01
6.8462e-01
6.9230e-01
6.4809e-01
6.9608e-01
6.9082e-01
6.8732e-01
6.8336e-01
6.8915e-01
6.9063e-01
6.8416e-01
6.8603e-01
6.9218e-01
6.8708e-01
6.8784e-01
6.7946e-01
6.8571e-01
6.8895e-01
6.8771e-01
6.8927e-01
6.8913e-01
6.9140e-01
6.9365e-01
6.9248e-01
6.8572e-01
6.8947e-01
6.8373e-01
6.9041e-01
6.9149e-01
6.8722e-01
6.9039e-01
6.8958e-01
6.8897e-01
6.8589e-01
6.8380e-01
6.8941e-01
6.9232e-01
6.9312e-01
6.8982e-01
6.8726e-01
6.9323e-01
6.8834e-01
6.9310e-01
6.4951e-01
6.8961e-01
6.8792e-01
6.9263e-01
6.9356e-01
6.8728e-01
6.9205e-01
6.8762e-01
6.8362e-01
6.9269e-01
6.8536e-01
6.8772e-01
6.8447e-01
6.8488e-01
6.7495e-01
6.8244e-01
6.8898e-01
6.8768e-01
6.8565e-01
6.8660e-01
6.8256e-01
6.9323e-01
6.9115e-01
6.9156e-01
6.7989e-01
6.9545e-01
6.8893e-01
6.7885e-01
6.9370e-01
6.8747e-01
6.9093e-01
6.8938e-01
6.9223e-01
6.8832e-01
6.8816e-01
6.8953e-01
6.9260e-01
6.8096e-01
6.9123e-01
6.8841e-01
6.9584e-01
6.8627e-01
6.8910e-01
6.9235e-01
6.9046e-01
6.9082e-01
6.8809e-01
6.8725e-01
6.9042e-01
6.9328e-01
6.8811e-01
6.8878e-01
6.8507e-01
6.8022e-01
6.8914e-01
6.8983e-01
6.8997e-01
6.8713e-01
6.8874e-01
6.8992e-01
6.8959e-01
6.9122e-01
6.8574e-01
6.7879e-01
6.9031e-01
6.9259e-01
6.9540e-01
6.8755e-01
6.8041e-01
6.9023e-01
6.8327e-01
6.8289e-01
6.9231e-01
6.8771e-01
6.9314e-01
6.9070e-01
6.8963e-01
6.9126e-01
6.9040e-01
6.9259e-01
6.8422e-01
6.9514e-01
6.8922e-01
6.8947e-01
6.8522e-01
6.8064e-01
6.9031e-01
6.8111e-01
6.8857e-01
6.8203e-01
6.9130e-01
6.8493e-01
6.8328e-01
6.7870e-01
6.8809e-01
6.7768e-01
6.9050e-01
6.8934e-01
6.5813e-01
6.8760e-01
6.8795e-01
6.9006e-01
6.8824e-01
6.9105e-01
6.8647e-01
6.8270e-01
6.9418e-01
6.9607e-01
6.8920e-01
6.9026e-01
6.7804e-01
6.9447e-01
6.9314e-01
6.8416e-01
6.8473e-01
6.8856e-01
6.9044e-01
6.9173e-01
6.9058e-01
6.9034e-01
6.8345e-01
6.9211e-01
6.9660e-01
6.8789e-01
6.9270e-01
6.8914e-01
6.9148e-01
6.8745e-01
6.9392e-01
6.9150e-01
6.8660e-01
6.9385e-01
6.8746e-01
6.9519e-01
6.9267e-01
6.8591e-01
6.9176e-01
6.8063e-01
6.8402e-01
6.8657e-01
6.8954e-01
6.8821e-01
6.8261e-01
6.8838e-01
6.7083e-01
6.8731e-01
6.9034e-01
6.9373e-01
6.9116e-01
6.8517e-01
6.8809e-01
6.9052e-01
6.9207e-01
6.9150e-01
6.9493e-01
6.8287e-01
6.8893e-01
6.8991e-01
6.8955e-01
6.8999e-01
6.9398e-01
6.8734e-01
6.9092e-01
6.8517e-01
6.9667e-01
6.8807e-01
6.8536e-01
6.8432e-01
6.8884e-01
6.8950e-01
6.8181e-01
6.7721e-01
6.8199e-01
6.8683e-01
6.8920e-01
6.7687e-01
6.8759e-01
6.9092e-01
6.8535e-01
6.8842e-01
6.9395e-01
6.8424e-01
6.8590e-01
6.8852e-01
6.8286e-01
6.8555e-01
6.7554e-01
6.8458e-01
6.2052e-01
6.8317e-01
6.9388e-01
6.8784e-01
6.8602e-01
6.8513e-01
6.8852e-01
6.8642e-01
6.9159e-01
6.8832e-01
6.9004e-01
6.9581e-01
6.8774e-01
6.6986e-01
6.8992e-01
6.8217e-01
6.8986e-01
6.8561e-01
6.8902e-01
6.8789e-01
6.9205e-01
6.8208e-01
6.8780e-01
6.8885e-01
6.9037e-01
6.8466e-01
6.8529e-01
6.8949e-01
6.9549e-01
6.7915e-01
6.8926e-01
6.9032e-01
6.8730e-01
6.8272e-01
6.9194e-01
6.9225e-01
6.8839e-01
6.8066e-01
6.9263e-01
6.8909e-01
6.9099e-01
6.8971e-01
6.7795e-01
6.8978e-01
6.8441e-01
6.8466e-01
6.8420e-01
6.8826e-01
6.8530e-01
6.8107e-01
6.9614e-01
6.8835e-01
6.8763e-01
6.8375e-01
6.9097e-01
6.8565e-01
6.8922e-01
6.9012e-01
6.8545e-01
6.8206e-01
6.8824e-01
6.9112e-01
6.8374e-01
6.8664e-01
6.8596e-01
6.8542e-01
6.9924e-01
6.7945e-01
6.8632e-01
6.8520e-01
6.9510e-01
6.9431e-01
6.7866e-01
6.8754e-01
6.9001e-01
6.9293e-01
6.7697e-01
6.8658e-01
6.9129e-01
6.9116e-01
6.9055e-01
6.8950e-01
6.8281e-01
6.9689e-01
6.9177e-01
6.8977e-01
6.8942e-01
6.9043e-01
6.9168e-01
6.9076e-01
6.9100e-01
6.9094e-01
6.9034e-01
6.8408e-01
6.8708e-01
6.9420e-01
6.8618e-01
6.8945e-01
6.9029e-01
6.8118e-01
6.8899e-01
6.8947e-01
6.9061e-01
6.9091e-01
6.8921e-01
6.8306e-01
6.9037e-01
6.8869e-01
6.9235e-01
6.8953e-01
6.8182e-01
6.8515e-01
6.8615e-01
6.9039e-01
6.8372e-01
6.9149e-01
6.9700e-01
6.9103e-01
6.8936e-01
6.8786e-01
6.8097e-01
6.9167e-01
6.9581e-01
6.8558e-01
6.9097e-01
6.8994e-01
6.8618e-01
6.8764e-01
6.8900e-01
6.8687e-01
6.8835e-01
6.8657e-01
6.8928e-01
6.8791e-01
6.8929e-01
6.8743e-01
6.9073e-01
6.9580e-01
6.9197e-01
6.9168e-01
6.8960e-01
6.8730e-01
6.9143e-01
6.9520e-01
6.8601e-01
6.8885e-01
6.8908e-01
6.9189e-01
6.8351e-01
6.9099e-01
6.8408e-01
6.8960e-01
6.8993e-01
6.8767e-01
6.9303e-01
6.9097e-01
6.8984e-01
6.9017e-01
6.9036e-01
6.9030e-01
6.8665e-01
6.8964e-01
6.8453e-01
6.8804e-01
6.8746e-01
6.8902e-01
6.9209e-01
6.9043e-01
6.8321e-01
6.9554e-01
6.9880e-01
6.8933e-01
6.8894e-01
6.9048e-01
6.9486e-01
6.9023e-01
6.8856e-01
6.8666e-01
6.8461e-01
6.8792e-01
6.8744e-01
6.7777e-01
6.8593e-01
6.9015e-01
6.9354e-01
6.9042e-01
6.9093e-01
6.9274e-01
6.9757e-01
6.8753e-01
6.8289e-01
6.8856e-01
6.8816e-01
6.8542e-01
6.9318e-01
6.8865e-01
6.8388e-01
6.8466e-01
6.8314e-01
6.9224e-01
6.7773e-01
6.9512e-01
6.9536e-01
6.8969e-01
6.9610e-01
7.0304e-01
6.8915e-01
6.8080e-01
6.8635e-01
6.7775e-01
6.8915e-01
6.9381e-01
6.8093e-01
6.9535e-01
6.8638e-01
6.9003e-01
6.8889e-01
6.9114e-01
6.7962e-01
6.8698e-01
6.9026e-01
6.8826e-01
6.8513e-01
6.8827e-01
6.8645e-01
6.8465e-01
6.8963e-01
6.8452e-01
6.9926e-01
6.8563e-01
6.8873e-01
6.8392e-01
6.8944e-01
6.8402e-01
6.8426e-01
6.8875e-01
6.8857e-01
6.8913e-01
6.8944e-01
6.9058e-01
6.9687e-01
6.8262e-01
6.9242e-01
6.9328e-01
6.9125e-01
6.8965e-01
6.8590e-01
6.8731e-01
6.8987e-01
6.7349e-01
6.9130e-01
6.7856e-01
6.9030e-01
6.8390e-01
6.8251e-01
6.8908e-01
6.8755e-01
6.9531e-01
6.9148e-01
6.9602e-01
6.8813e-01
6.9067e-01
6.8821e-01
6.8791e-01
6.4326e-01
6.8869e-01
6.8847e-01
6.8680e-01
6.8801e-01
6.9454e-01
