9.6700e-01
9.6321e-01
9.6740e-01
9.3355e-01
9.6316e-01
9.3993e-01
9.4288e-01
9.4844e-01
9.7165e-01
9.6663e-01
9.4953e-01
9.5971e-01
9.5386e-01
9.4459e-01
9.0919e-01
9.6196e-01
9.5501e-01
9.5244e-01
9.8937e-01
9.4974e-01
9.5352e-01
9.6049e-01
9.5944e-01
9.2199e-01
9.5697e-01
9.5919e-01
9.5211e-01
9.4617e-01
9.5410e-01
9.3588e-01
9.3516e-01
9.4426e-01
8.7265e-01
9.5013e-01
9.5023e-01
9.5132e-01
9.5334e-01
9.6442e-01
9.5602e-01
9.6967e-01
9.4645e-01
9.6836e-01
9.7203e-01
9.6870e-01
9.6041e-01
9.2708e-01
9.6057e-01
9.5827e-01
9.6367e-01
9.3418e-01
9.5322e-01
9.8229e-01
9.4118e-01
9.5777e-01
9.6761e-01
9.5358e-01
9.5949e-01
9.3813e-01
9.6867e-01
9.5752e-01
9.4111e-01
9.6084e-01
9.4315e-01
9.8265e-01
9.5398e-01
9.3977e-01
9.4804e-01
9.7393e-01
9.6446e-01
9.4485e-01
9.5905e-01
9.3219e-01
9.3871e-01
9.5506e-01
9.4188e-01
9.5117e-01
9.4731e-01
9.7094e-01
9.7420e-01
9.5625e-01
9.7060e-01
9.7261e-01
9.4218e-01
9.5934e-01
9.6700e-01
9.5529e-01
9.6708e-01
9.8025e-01
9.6517e-01
9.6358e-01
9.5940e-01
9.5721e-01
9.4971e-01
9.6245e-01
9.5291e-01
9.3574e-01
9.5888e-01
9.5423e-01
9.6124e-01
9.5636e-01
9.4606e-01
9.6460e-01
9.4482e-01
9.3533e-01
9.5959e-01
9.7215e-01
9.4543e-01
9.5383e-01
9.5560e-01
9.5778e-01
9.5874e-01
9.2947e-01
9.5228e-01
9.4487e-01
9.6984e-01
9.5235e-01
9.6406e-01
9.6622e-01
9.5889e-01
9.4896e-01
9.4329e-01
9.6079e-01
9.3166e-01
9.4986e-01
9.5718e-01
9.7706e-01
9.3965e-01
9.4288e-01
9.5983e-01
9.5529e-01
9.6138e-01
8.2741e-01
9.5553e-01
9.5916e-01
9.4747e-01
9.7088e-01
9.6319e-01
9.6667e-01
9.6355e-01
9.6122e-01
9.7531e-01
9.7593e-01
9.5365e-01
9.4850e-01
9.8061e-01
9.4942e-01
9.4073e-01
9.4809e-01
9.6464e-01
9.4080e-01
9.3418e-01
9.4625e-01
9.5721e-01
9.4990e-01
9.2732e-01
9.4950e-01
9.7122e-01
9.5560e-01
9.6287e-01
9.2762e-01
9.3372e-01
9.7025e-01
9.3739e-01
9.7869e-01
9.4852e-01
9.5298e-01
9.2886e-01
9.6304e-01
9.5501e-01
9.4670e-01
9.4893e-01
9.4866e-01
9.7342e-01
9.5320e-01
9.8788e-01
9.5413e-01
9.6547e-01
9.6591e-01
9.5396e-01
9.3127e-01
9.5397e-01
9.6333e-01
9.8089e-01
9.5541e-01
9.7615e-01
9.6902e-01
9.5532e-01
9.2600e-01
9.4574e-01
9.4380e-01
9.6407e-01
9.2700e-01
9.3534e-01
9.4381e-01
9.5508e-01
9.6516e-01
9.5804e-01
9.6763e-01
9.4937e-01
9.5317e-01
9.5997e-01
9.4458e-01
9.5155e-01
9.2892e-01
9.5498e-01
9.5868e-01
9.7012e-01
9.8151e-01
9.6399e-01
9.6977e-01
9.5356e-01
9.5457e-01
9.6285e-01
9.6133e-01
9.6910e-01
9.4474e-01
9.2526e-01
9.4225e-01
9.5819e-01
9.5869e-01
9.6478e-01
9.6946e-01
9.5764e-01
9.5985e-01
9.6309e-01
9.5020e-01
9.8033e-01
9.5799e-01
9.3185e-01
9.6040e-01
9.4655e-01
9.6144e-01
9.4115e-01
9.6474e-01
9.5075e-01
9.4106e-01
9.6422e-01
9.5960e-01
9.4325e-01
9.6027e-01
9.5865e-01
9.6026e-01
9.4124e-01
9.3781e-01
9.3098e-01
9.3663e-01
9.4313e-01
9.3753e-01
9.4020e-01
9.6654e-01
9.3969e-01
9.4392e-01
9.5965e-01
9.7000e-01
9.2922e-01
9.6329e-01
9.6352e-01
9.6346e-01
9.5055e-01
9.5501e-01
9.4136e-01
9.6233e-01
9.6734e-01
9.7117e-01
9.5017e-01
9.5165e-01
9.6684e-01
9.4350e-01
9.4679e-01
9.2157e-01
9.8651e-01
9.5120e-01
9.6926e-01
9.4492e-01
9.5907e-01
9.5938e-01
9.7977e-01
9.6135e-01
9.7148e-01
9.6277e-01
9.6152e-01
9.6253e-01
9.4819e-01
9.6334e-01
9.5445e-01
9.5343e-01
9.5032e-01
9.6633e-01
9.4374e-01
9.4606e-01
9.3339e-01
9.5967e-01
9.3917e-01
9.4563e-01
9.5125e-01
9.7389e-01
9.7580e-01
9.7197e-01
9.4270e-01
9.3131e-01
9.3341e-01
9.5384e-01
9.5729e-01
9.6193e-01
9.3249e-01
9.4976e-01
9.6985e-01
9.6334e-01
9.3181e-01
9.5827e-01
9.6555e-01
9.5080e-01
9.6213e-01
9.5468e-01
9.6235e-01
9.6388e-01
9.7137e-01
9.4511e-01
9.4896e-01
9.5047e-01
9.3523e-01
9.4662e-01
9.4282e-01
9.4543e-01
9.5921e-01
9.7449e-01
9.5487e-01
9.5964e-01
9.5216e-01
9.6446e-01
9.3697e-01
9.7223e-01
9.7397e-01
9.4892e-01
9.5450e-01
9.5085e-01
9.4520e-01
9.3747e-01
9.6089e-01
9.4731e-01
9.3167e-01
9.3032e-01
9.3691e-01
9.7929e-01
9.5818e-01
9.4560e-01
9.5409e-01
9.6475e-01
9.4562e-01
9.3725e-01
9.6053e-01
9.7359e-01
9.3361e-01
9.6537e-01
9.4164e-01
9.6158e-01
9.6962e-01
9.5685e-01
9.3492e-01
9.7498e-01
9.4372e-01
9.4463e-01
9.5420e-01
9.6754e-01
9.4502e-01
9.1682e-01
9.6478e-01
9.3431e-01
9.4235e-01
9.2067e-01
9.3624e-01
9.6916e-01
9.6195e-01
9.7540e-01
9.7238e-01
9.5069e-01
9.4527e-01
9.3932e-01
9.4877e-01
9.4738e-01
9.4266e-01
9.5753e-01
9.4001e-01
9.2774e-01
9.6146e-01
9.6708e-01
9.5819e-01
9.5416e-01
9.4764e-01
9.5350e-01
9.5592e-01
9.3006e-01
9.5642e-01
9.4997e-01
9.4436e-01
9.5297e-01
9.5795e-01
9.4451e-01
9.3041e-01
9.2623e-01
9.5774e-01
9.3993e-01
9.5739e-01
9.4102e-01
9.6901e-01
9.6162e-01
9.5824e-01
9.4667e-01
9.4903e-01
9.5141e-01
9.7665e-01
9.4453e-01
9.6684e-01
9.6489e-01
9.6969e-01
9.5307e-01
9.4462e-01
9.4471e-01
9.6121e-01
9.5470e-01
9.5122e-01
9.6378e-01
9.4911e-01
9.4681e-01
9.5971e-01
9.6978e-01
9.4675e-01
9.5249e-01
9.4728e-01
9.6166e-01
9.3066e-01
9.6939e-01
9.6206e-01
9.6125e-01
9.7268e-01
9.6549e-01
9.5991e-01
9.3398e-01
9.2454e-01
9.9028e-01
9.3947e-01
9.6533e-01
9.5678e-01
9.6085e-01
9.5186e-01
9.5025e-01
9.6034e-01
9.5119e-01
9.4032e-01
9.5316e-01
9.2779e-01
9.4577e-01
9.6349e-01
9.4599e-01
9.2945e-01
9.6127e-01
9.6979e-01
9.5846e-01
9.7011e-01
9.7342e-01
9.6242e-01
9.4881e-01
9.5113e-01
9.2274e-01
9.7149e-01
9.6661e-01
9.6519e-01
9.2566e-01
9.5013e-01
9.6864e-01
9.5684e-01
9.3867e-01
9.4325e-01
9.8019e-01
9.3700e-01
9.3947e-01
9.5255e-01
9.7593e-01
9.6571e-01
9.3784e-01
9.4635e-01
9.8424e-01
9.4525e-01
9.5479e-01
9.8045e-01
9.4389e-01
9.5995e-01
9.1069e-01
9.6722e-01
9.7694e-01
9.5743e-01
9.4743e-01
9.6868e-01
9.3215e-01
9.5881e-01
9.4109e-01
9.4113e-01
9.5825e-01
9.6630e-01
9.4790e-01
9.6478e-01
9.5900e-01
9.6027e-01
9.5986e-01
9.2951e-01
9.4844e-01
9.6952e-01
9.4399e-01
9.4472e-01
9.6485e-01
9.3531e-01
9.7578e-01
9.6514e-01
9.6882e-01
9.7074e-01
9.4847e-01
9.6494e-01
9.6694e-01
9.4799e-01
9.4893e-01
9.5811e-01
9.4294e-01
9.5264e-01
9.6421e-01
9.5893e-01
9.2838e-01
9.4698e-01
9.4114e-01
9.6581e-01
9.6561e-01
9.6036e-01
9.6371e-01
9.5730e-01
9.3076e-01
9.7632e-01
9.5972e-01
9.4789e-01
9.3784e-01
9.6479e-01
9.4447e-01
9.5151e-01
9.7535e-01
9.5060e-01
9.6827e-01
9.8173e-01
9.6870e-01
9.4185e-01
9.8744e-01
9.6753e-01
9.4151e-01
9.6312e-01
9.4871e-01
9.3756e-01
9.5258e-01
9.4757e-01
9.5995e-01
9.4937e-01
9.5411e-01
9.6846e-01
9.5963e-01
9.8540e-01
9.3610e-01
9.4969e-01
9.7235e-01
9.4789e-01
9.5216e-01
9.5912e-01
9.2767e-01
9.4954e-01
9.5807e-01
9.3162e-01
9.5540e-01
9.6694e-01
9.6167e-01
9.4563e-01
9.4768e-01
9.3846e-01
9.7232e-01
9.9968e-01
9.6884e-01
9.2972e-01
9.7465e-01
9.3875e-01
9.7037e-01
9.6119e-01
9.6708e-01
9.6870e-01
9.4068e-01
9.4891e-01
9.4006e-01
9.3934e-01
9.2694e-01
9.5657e-01
9.6323e-01
9.3361e-01
9.4572e-01
9.6268e-01
9.4540e-01
9.7297e-01
9.7957e-01
9.6828e-01
9.5899e-01
9.6291e-01
9.5899e-01
9.6014e-01
9.3786e-01
9.6040e-01
9.8728e-01
9.4066e-01
9.7007e-01
9.5603e-01
9.4934e-01
9.5142e-01
9.4490e-01
9.7585e-01
9.6335e-01
9.5299e-01
9.2758e-01
9.6600e-01
9.4844e-01
9.5681e-01
9.7772e-01
9.3744e-01
9.5553e-01
9.4375e-01
9.6817e-01
9.3131e-01
9.6389e-01
9.5593e-01
9.4182e-01
9.6113e-01
9.4798e-01
9.6715e-01
9.3375e-01
9.5105e-01
9.6213e-01
9.6860e-01
9.3310e-01
9.7517e-01
9.5162e-01
9.3979e-01
9.3955e-01
1.0000e+00
9.3439e-01
9.4761e-01
9.5585e-01
9.5716e-01
9.6693e-01
9.5698e-01
9.7082e-01
9.4005e-01
9.5074e-01
9.5579e-01
9.5757e-01
9.4340e-01
9.5438e-01
9.4782e-01
9.7914e-01
9.4055e-01
9.7705e-01
9.5943e-01
9.5737e-01
9.5715e-01
9.5220e-01
9.5961e-01
9.3551e-01
9.5915e-01
9.5449e-01
9.4652e-01
9.4995e-01
9.3787e-01
9.5235e-01
9.4423e-01
9.3081e-01
9.6378e-01
9.5666e-01
9.3615e-01
9.5038e-01
9.3907e-01
9.5045e-01
9.6732e-01
9.5366e-01
9.4638e-01
9.4023e-01
9.1663e-01
9.3364e-01
9.7568e-01
9.3872e-01
9.6129e-01
9.4626e-01
9.4409e-01
9.2948e-01
9.3681e-01
9.5833e-01
9.7257e-01
9.5459e-01
9.6075e-01
9.5062e-01
9.5638e-01
9.3326e-01
9.5602e-01
9.3906e-01
9.5545e-01
9.3318e-01
9.6060e-01
9.3269e-01
9.6319e-01
9.3302e-01
9.7041e-01
9.5305e-01
9.5415e-01
9.4780e-01
9.6518e-01
9.7094e-01
9.4978e-01
9.7353e-01
9.4307e-01
9.7763e-01
9.4116e-01
9.4633e-01
9.2252e-01
9.4455e-01
9.5913e-01
9.5634e-01
9.3772e-01
9.4197e-01
9.6238e-01
9.6126e-01
9.6117e-01
9.6854e-01
9.4829e-01
9.2666e-01
9.3356e-01
9.3579e-01
9.6309e-01
9.6690e-01
9.6912e-01
9.4051e-01
9.5957e-01
9.6047e-01
9.7306e-01
9.4669e-01
9.7364e-01
9.6220e-01
9.6830e-01
9.6105e-01
9.5944e-01
9.4667e-01
9.5755e-01
9.2473e-01
9.6056e-01
9.4755e-01
9.6538e-01
9.2245e-01
9.4868e-01
9.4353e-01
9.5756e-01
9.7547e-01
9.6922e-01
9.8372e-01
9.3631e-01
9.4405e-01
9.4370e-01
9.6656e-01
9.6155e-01
9.3605e-01
9.5910e-01
9.5056e-01
9.6905e-01
9.6698e-01
9.3169e-01
9.8401e-01
9.7452e-01
9.7691e-01
9.3389e-01
9.6828e-01
9.4129e-01
9.4817e-01
9.7393e-01
9.7003e-01
9.7499e-01
9.3780e-01
9.6868e-01
9.3454e-01
9.3989e-01
9.6326e-01
9.3991e-01
9.4082e-01
9.5812e-01
9.6763e-01
9.5194e-01
9.4112e-01
9.5850e-01
9.6280e-01
9.3786e-01
9.5923e-01
9.5903e-01
9.4491e-01
9.5654e-01
9.5148e-01
9.5463e-01
9.6598e-01
9.4937e-01
9.4585e-01
9.7069e-01
9.4740e-01
9.4079e-01
9.4550e-01
9.5209e-01
9.4597e-01
9.5836e-01
9.5200e-01
9.6467e-01
9.4190e-01
9.7677e-01
9.6353e-01
9.5857e-01
9.6285e-01
9.6159e-01
9.4527e-01
9.6601e-01
9.5539e-01
9.3705e-01
9.4329e-01
9.6364e-01
9.3535e-01
9.4597e-01
9.6431e-01
9.6450e-01
9.7099e-01
9.2458e-01
9.5332e-01
9.4923e-01
9.5869e-01
9.5531e-01
9.4391e-01
9.5395e-01
9.7517e-01
9.7531e-01
9.4248e-01
9.4009e-01
9.4603e-01
9.4294e-01
9.5924e-01
9.4869e-01
9.5059e-01
9.3093e-01
9.7113e-01
9.3012e-01
9.6815e-01
9.6018e-01
9.7225e-01
9.6921e-01
9.4739e-01
9.6473e-01
9.4760e-01
9.7332e-01
9.6510e-01
9.7094e-01
9.5901e-01
9.5660e-01
9.5347e-01
9.3849e-01
9.4659e-01
9.7922e-01
9.4145e-01
9.5116e-01
9.4935e-01
9.6135e-01
9.5233e-01
9.5372e-01
9.3491e-01
9.5017e-01
9.6345e-01
9.7459e-01
9.5943e-01
9.4992e-01
9.6586e-01
9.3454e-01
9.6809e-01
9.6289e-01
9.5300e-01
9.6098e-01
9.5765e-01
9.5971e-01
9.4597e-01
9.2346e-01
9.4088e-01
9.5350e-01
9.5778e-01
9.7700e-01
9.5374e-01
9.5436e-01
9.5106e-01
9.4196e-01
9.5040e-01
9.6590e-01
9.6131e-01
9.5107e-01
9.6541e-01
9.4946e-01
9.7369e-01
9.4335e-01
9.6717e-01
9.3643e-01
9.4580e-01
9.5121e-01
9.6793e-01
9.4432e-01
9.5305e-01
9.6804e-01
9.6994e-01
9.4831e-01
9.4779e-01
9.7393e-01
9.5825e-01
9.5888e-01
9.5410e-01
9.5811e-01
9.7634e-01
9.4829e-01
9.5757e-01
9.7484e-01
9.5974e-01
9.6617e-01
9.6331e-01
9.5957e-01
9.5508e-01
9.5592e-01
9.3920e-01
9.4829e-01
9.4749e-01
9.3008e-01
9.6042e-01
9.6475e-01
9.4459e-01
9.5970e-01
9.5850e-01
9.5544e-01
9.5598e-01
9.5376e-01
9.5963e-01
9.3429e-01
9.4682e-01
9.6329e-01
9.4733e-01
9.2436e-01
9.4313e-01
9.5424e-01
9.6705e-01
9.2206e-01
9.4803e-01
9.7648e-01
9.8592e-01
9.6266e-01
9.5614e-01
9.5001e-01
9.5788e-01
9.5938e-01
9.7102e-01
9.2155e-01
9.6116e-01
9.4528e-01
9.3353e-01
9.8092e-01
9.4683e-01
9.5790e-01
9.7104e-01
9.5153e-01
9.5962e-01
9.4980e-01
9.3240e-01
9.6489e-01
9.4929e-01
9.6061e-01
9.6826e-01
9.3917e-01
9.7710e-01
9.4510e-01
9.3978e-01
9.5776e-01
9.6002e-01
9.5903e-01
9.3494e-01
9.4109e-01
9.6504e-01
9.6289e-01
9.6032e-01
9.7994e-01
9.6261e-01
9.4582e-01
9.5589e-01
9.3255e-01
9.8190e-01
9.5806e-01
9.4125e-01
9.3961e-01
9.7171e-01
9.3921e-01
9.6315e-01
