9.5431e-01
9.7395e-01
9.5224e-01
9.7118e-01
9.9401e-01
9.5292e-01
1.0000e+00
9.4474e-01
9.4240e-01
9.7738e-01
9.7128e-01
9.2184e-01
9.5894e-01
9.5486e-01
9.5946e-01
9.7268e-01
9.6973e-01
8.6169e-01
9.6517e-01
9.5370e-01
9.5864e-01
9.1622e-01
9.7290e-01
9.5752e-01
9.6203e-01
9.7283e-01
9.6899e-01
9.8499e-01
9.5741e-01
9.4841e-01
9.6838e-01
8.8851e-01
9.6246e-01
9.5979e-01
9.3248e-01
9.7167e-01
9.6478e-01
9.4810e-01
9.6084e-01
9.7903e-01
9.6703e-01
9.7824e-01
9.5992e-01
9.7017e-01
9.7899e-01
9.6666e-01
9.9993e-01
9.6956e-01
9.5303e-01
9.7104e-01
9.3761e-01
9.6790e-01
9.1686e-01
9.5098e-01
9.4507e-01
9.6841e-01
9.6989e-01
9.5893e-01
9.2772e-01
9.3393e-01
9.6106e-01
9.7010e-01
9.7327e-01
9.6317e-01
9.8540e-01
9.5913e-01
9.6383e-01
9.9998e-01
9.6097e-01
9.7634e-01
9.6083e-01
9.5180e-01
9.3855e-01
9.8088e-01
9.5913e-01
9.6752e-01
9.7496e-01
9.7259e-01
9.6544e-01
9.6292e-01
9.6433e-01
9.6652e-01
9.6451e-01
9.4729e-01
9.6176e-01
9.6604e-01
9.6928e-01
9.5543e-01
9.7217e-01
9.6815e-01
9.6627e-01
9.6364e-01
9.6925e-01
9.6948e-01
9.5354e-01
9.7148e-01
9.5191e-01
9.7032e-01
9.5562e-01
9.5665e-01
9.6674e-01
9.8020e-01
9.6747e-01
9.9756e-01
9.4921e-01
9.3034e-01
9.5180e-01
9.7685e-01
9.7260e-01
9.5914e-01
9.5113e-01
9.4463e-01
9.6527e-01
9.6967e-01
9.7486e-01
9.5510e-01
9.5700e-01
9.8243e-01
9.5166e-01
9.7130e-01
9.7980e-01
9.6921e-01
9.6216e-01
9.7366e-01
9.4568e-01
9.6846e-01
9.2434e-01
8.4282e-01
9.6720e-01
9.6738e-01
9.6363e-01
9.7875e-01
9.4965e-01
9.7187e-01
9.7695e-01
9.6178e-01
9.5632e-01
9.6507e-01
9.6760e-01
9.5620e-01
9.3411e-01
9.1650e-01
9.7273e-01
9.5240e-01
9.4285e-01
9.8571e-01
9.4318e-01
9.5821e-01
9.7299e-01
9.6609e-01
9.5367e-01
9.6973e-01
9.6940e-01
9.4770e-01
9.5440e-01
9.7112e-01
8.7316e-01
9.6645e-01
9.5793e-01
9.7464e-01
9.6747e-01
9.8662e-01
9.5416e-01
9.5924e-01
9.5715e-01
9.5207e-01
9.5763e-01
9.6003e-01
9.7035e-01
9.7906e-01
9.6256e-01
9.7084e-01
9.4934e-01
9.6843e-01
9.4734e-01
9.8092e-01
9.8044e-01
9.7547e-01
9.7382e-01
9.7296e-01
9.6003e-01
9.5231e-01
9.6054e-01
9.4851e-01
9.9191e-01
9.5547e-01
9.9003e-01
9.5530e-01
9.5897e-01
9.7624e-01
9.6459e-01
9.6029e-01
9.6094e-01
9.8385e-01
9.7493e-01
9.4663e-01
9.7672e-01
9.5729e-01
9.6495e-01
9.7251e-01
9.7124e-01
9.5101e-01
9.6967e-01
9.5845e-01
9.6842e-01
9.7979e-01
9.5976e-01
9.5043e-01
9.6183e-01
9.4892e-01
9.5992e-01
9.6959e-01
9.3314e-01
9.4146e-01
9.5406e-01
9.6292e-01
9.7594e-01
9.4099e-01
9.7203e-01
9.8130e-01
9.5368e-01
9.4978e-01
9.5670e-01
9.6259e-01
9.6598e-01
9.7150e-01
9.0114e-01
9.8018e-01
9.5910e-01
9.6351e-01
9.7545e-01
9.6202e-01
8.9573e-01
9.5852e-01
9.8394e-01
9.5742e-01
9.5312e-01
9.8622e-01
9.5975e-01
9.6352e-01
9.6279e-01
9.5632e-01
9.6635e-01
9.5138e-01
9.5403e-01
9.9182e-01
9.7880e-01
9.6801e-01
9.7784e-01
9.7240e-01
9.6796e-01
9.5821e-01
9.5864e-01
9.4785e-01
9.6078e-01
8.7868e-01
9.6235e-01
9.6416e-01
9.5930e-01
9.6903e-01
9.7020e-01
9.5480e-01
9.6443e-01
9.5198e-01
9.6467e-01
9.8731e-01
9.6691e-01
9.7548e-01
9.5230e-01
9.8144e-01
9.7427e-01
9.6895e-01
9.6007e-01
9.8140e-01
9.6927e-01
9.3590e-01
9.6213e-01
9.6588e-01
1.0000e+00
9.5922e-01
9.6622e-01
9.7039e-01
9.6085e-01
9.4981e-01
9.5280e-01
9.5023e-01
9.5103e-01
9.6139e-01
9.5348e-01
9.6170e-01
9.6448e-01
9.5979e-01
9.6371e-01
9.7114e-01
9.7929e-01
9.7674e-01
9.6711e-01
9.8098e-01
9.5745e-01
9.5709e-01
9.5525e-01
9.7528e-01
9.9194e-01
9.6427e-01
9.6530e-01
9.6814e-01
8.8011e-01
9.6057e-01
1.0000e+00
9.6228e-01
8.8113e-01
9.0987e-01
9.4375e-01
9.7842e-01
9.7109e-01
9.6035e-01
9.8219e-01
9.5243e-01
9.6785e-01
9.7185e-01
9.8708e-01
9.6501e-01
9.6194e-01
9.6682e-01
9.5793e-01
9.5806e-01
9.6191e-01
9.6316e-01
9.5310e-01
9.6614e-01
9.5860e-01
9.7150e-01
9.8541e-01
9.5794e-01
9.7689e-01
9.7299e-01
9.7381e-01
9.7301e-01
9.4798e-01
9.6662e-01
9.6337e-01
9.5505e-01
9.6419e-01
9.6342e-01
9.6748e-01
9.6588e-01
9.7423e-01
9.7495e-01
9.5882e-01
9.7278e-01
9.8944e-01
9.6196e-01
9.6156e-01
9.5826e-01
9.6857e-01
9.7346e-01
9.5478e-01
9.6521e-01
9.6792e-01
9.6934e-01
9.5025e-01
9.5427e-01
9.6370e-01
9.0069e-01
9.5627e-01
9.7240e-01
9.6840e-01
9.7824e-01
8.3386e-01
1.0000e+00
9.7240e-01
9.7184e-01
9.5798e-01
9.6163e-01
9.7166e-01
9.5247e-01
9.8206e-01
9.6472e-01
9.4851e-01
9.5621e-01
9.6868e-01
9.7380e-01
9.6399e-01
9.7614e-01
8.7654e-01
9.6374e-01
9.7405e-01
9.5588e-01
9.5170e-01
9.7203e-01
9.6215e-01
9.7469e-01
9.6958e-01
9.5367e-01
9.5210e-01
9.4246e-01
9.4541e-01
9.6511e-01
9.4585e-01
9.6239e-01
8.7695e-01
9.4880e-01
9.5752e-01
9.7119e-01
9.5839e-01
9.5190e-01
9.6619e-01
9.3106e-01
9.5898e-01
9.8667e-01
9.6226e-01
9.8431e-01
9.4649e-01
9.7852e-01
9.6984e-01
1.0000e+00
9.6397e-01
9.6600e-01
9.6022e-01
9.7286e-01
9.7503e-01
9.7957e-01
9.6529e-01
9.6435e-01
9.6226e-01
9.5732e-01
9.7740e-01
9.8977e-01
8.9346e-01
9.6181e-01
1.0000e+00
9.7117e-01
9.5414e-01
9.7493e-01
9.5877e-01
9.6761e-01
9.4107e-01
9.7589e-01
9.5237e-01
9.7831e-01
9.5426e-01
8.7103e-01
9.7429e-01
9.4515e-01
9.5445e-01
9.5699e-01
9.2612e-01
9.6895e-01
9.8364e-01
9.6655e-01
9.7201e-01
9.6033e-01
9.4603e-01
9.4089e-01
9.4675e-01
9.5468e-01
9.7638e-01
1.0000e+00
9.6527e-01
9.6690e-01
9.5543e-01
8.6930e-01
9.6996e-01
9.5318e-01
9.6766e-01
9.2257e-01
9.6832e-01
9.6525e-01
9.7157e-01
9.3771e-01
9.1229e-01
9.7216e-01
9.8297e-01
9.6777e-01
9.7181e-01
9.6114e-01
8.9050e-01
9.9998e-01
9.7117e-01
9.9812e-01
9.7897e-01
9.7067e-01
9.8695e-01
9.7723e-01
9.6166e-01
9.5997e-01
9.5807e-01
9.7284e-01
9.8119e-01
9.7319e-01
9.6640e-01
9.4789e-01
9.6486e-01
9.6255e-01
9.6471e-01
9.5893e-01
9.6506e-01
9.6322e-01
9.6630e-01
9.8747e-01
9.6613e-01
9.5296e-01
9.5692e-01
9.6598e-01
9.6012e-01
9.3624e-01
9.5267e-01
9.5262e-01
9.1938e-01
9.7873e-01
9.5933e-01
9.5880e-01
9.5746e-01
9.7432e-01
9.7079e-01
9.5483e-01
9.6293e-01
9.7230e-01
9.7580e-01
9.7585e-01
9.6219e-01
9.8282e-01
9.6262e-01
9.2905e-01
9.6294e-01
9.7422e-01
9.6306e-01
9.5034e-01
9.5909e-01
9.6330e-01
9.6841e-01
9.6287e-01
9.8045e-01
9.4763e-01
9.5315e-01
9.4476e-01
9.2804e-01
9.6764e-01
9.6963e-01
9.7133e-01
9.6178e-01
9.0922e-01
9.7294e-01
9.6620e-01
9.4861e-01
9.1517e-01
9.7039e-01
9.4824e-01
9.5381e-01
9.4379e-01
9.6899e-01
9.8983e-01
9.6488e-01
9.7354e-01
9.6369e-01
9.7075e-01
9.5086e-01
9.6819e-01
9.7785e-01
9.6618e-01
9.8769e-01
9.8520e-01
9.6804e-01
9.5857e-01
9.7734e-01
9.5623e-01
9.6608e-01
9.6741e-01
9.6024e-01
9.6359e-01
9.7374e-01
9.2493e-01
9.6298e-01
9.5780e-01
9.5673e-01
9.6679e-01
9.5315e-01
9.5933e-01
9.5419e-01
9.6361e-01
9.6727e-01
8.7372e-01
9.7430e-01
9.7245e-01
9.5015e-01
9.5728e-01
9.5990e-01
9.6749e-01
9.6513e-01
9.6545e-01
9.6450e-01
8.9326e-01
9.7206e-01
9.5253e-01
9.6596e-01
9.4338e-01
9.5014e-01
9.5597e-01
9.5920e-01
9.5963e-01
9.4875e-01
9.6693e-01
9.7966e-01
9.7134e-01
9.7840e-01
9.7067e-01
9.5653e-01
9.6181e-01
9.8550e-01
8.8099e-01
9.7702e-01
9.4788e-01
9.5907e-01
9.6529e-01
9.6647e-01
9.6010e-01
9.9972e-01
9.6665e-01
9.0370e-01
9.6195e-01
9.7138e-01
9.7244e-01
9.7192e-01
9.3798e-01
9.6678e-01
9.4734e-01
9.6333e-01
9.7460e-01
9.2546e-01
9.8670e-01
9.5562e-01
9.5402e-01
9.7535e-01
9.5409e-01
9.6300e-01
9.6658e-01
9.6568e-01
9.5956e-01
9.7130e-01
9.7756e-01
9.4916e-01
9.5922e-01
9.5145e-01
9.7486e-01
9.5201e-01
9.7282e-01
9.1388e-01
9.6372e-01
9.5888e-01
9.7114e-01
9.5523e-01
9.4643e-01
9.6905e-01
9.7911e-01
9.5451e-01
9.5942e-01
9.6457e-01
9.6887e-01
9.6970e-01
9.3343e-01
9.6320e-01
9.6843e-01
9.7320e-01
9.4519e-01
9.6049e-01
9.6261e-01
9.7631e-01
9.9085e-01
9.9787e-01
9.5427e-01
9.5916e-01
9.5399e-01
9.6655e-01
9.4633e-01
9.6747e-01
9.8302e-01
9.6205e-01
9.6484e-01
9.3872e-01
9.6436e-01
9.4356e-01
9.5531e-01
9.7528e-01
9.2718e-01
9.5264e-01
9.7309e-01
9.5173e-01
9.5314e-01
9.8526e-01
9.6767e-01
9.6816e-01
9.5083e-01
9.6581e-01
9.5724e-01
9.5149e-01
9.6294e-01
9.5757e-01
9.7541e-01
9.6253e-01
9.5828e-01
9.6766e-01
9.7398e-01
9.6361e-01
9.6445e-01
9.5994e-01
9.0422e-01
1.0000e+00
9.6375e-01
9.3673e-01
9.6865e-01
9.8074e-01
9.5592e-01
9.5748e-01
9.4811e-01
9.6055e-01
9.5707e-01
9.2883e-01
9.7747e-01
9.7218e-01
9.5440e-01
9.7636e-01
9.4804e-01
9.6246e-01
7.8946e-01
9.1141e-01
9.7008e-01
9.7139e-01
9.7211e-01
9.6501e-01
9.8232e-01
9.7287e-01
9.5971e-01
9.6514e-01
9.6285e-01
9.5916e-01
9.5116e-01
9.6975e-01
8.6055e-01
9.6307e-01
9.7478e-01
9.7865e-01
9.6348e-01
9.6821e-01
9.7323e-01
9.5506e-01
9.5462e-01
9.6586e-01
9.1669e-01
9.4622e-01
9.8292e-01
9.7114e-01
9.5053e-01
9.5135e-01
9.8285e-01
9.6432e-01
9.8628e-01
9.3194e-01
9.9026e-01
9.5654e-01
9.7141e-01
9.7522e-01
9.7068e-01
9.6713e-01
9.5938e-01
9.7623e-01
9.6431e-01
9.5772e-01
9.7988e-01
9.5788e-01
9.9999e-01
9.7984e-01
9.6591e-01
9.7679e-01
9.7215e-01
9.5927e-01
9.6664e-01
9.6932e-01
9.7445e-01
9.6593e-01
9.6386e-01
9.8102e-01
9.9805e-01
9.6054e-01
9.5139e-01
9.8592e-01
9.4845e-01
9.5623e-01
9.6933e-01
9.5720e-01
9.6426e-01
9.5967e-01
9.8467e-01
9.7676e-01
9.6395e-01
9.6674e-01
9.6098e-01
9.6727e-01
9.8189e-01
9.6240e-01
9.5681e-01
9.6211e-01
9.6412e-01
9.6332e-01
9.5136e-01
9.5281e-01
9.4917e-01
9.5990e-01
9.5356e-01
9.6737e-01
9.5515e-01
9.7818e-01
9.6563e-01
9.6550e-01
8.9097e-01
9.4766e-01
9.6994e-01
9.5721e-01
8.6937e-01
9.7077e-01
9.8515e-01
9.9415e-01
9.6379e-01
9.7079e-01
9.5269e-01
9.6879e-01
9.5765e-01
9.2884e-01
9.7392e-01
9.7434e-01
9.6235e-01
9.1548e-01
9.4318e-01
9.5750e-01
9.0937e-01
1.0000e+00
9.8220e-01
9.5615e-01
9.7304e-01
9.6920e-01
9.6700e-01
9.7678e-01
9.5577e-01
9.6675e-01
9.6767e-01
9.0309e-01
9.6363e-01
1.0000e+00
9.7195e-01
9.5681e-01
9.7092e-01
9.6546e-01
9.4822e-01
9.2843e-01
9.5798e-01
9.6467e-01
9.6129e-01
9.3183e-01
9.3813e-01
9.6569e-01
9.7632e-01
9.6182e-01
9.6600e-01
9.5969e-01
9.6995e-01
9.4309e-01
9.5929e-01
9.9923e-01
9.6187e-01
9.6666e-01
9.5499e-01
9.5637e-01
9.6768e-01
9.7592e-01
9.7422e-01
9.8060e-01
9.7316e-01
9.3757e-01
9.5257e-01
9.8021e-01
9.5081e-01
9.5722e-01
9.5364e-01
9.7146e-01
9.4204e-01
9.6426e-01
9.7632e-01
9.7771e-01
9.7153e-01
9.5925e-01
9.8045e-01
9.6057e-01
9.6027e-01
9.5987e-01
9.5715e-01
9.5601e-01
9.4065e-01
9.6202e-01
9.5654e-01
9.6544e-01
9.2069e-01
9.6488e-01
9.4545e-01
9.6392e-01
9.5841e-01
9.6310e-01
9.6469e-01
9.6946e-01
9.6181e-01
9.6453e-01
9.5681e-01
8.7701e-01
9.5607e-01
9.4244e-01
9.3236e-01
9.7393e-01
9.7103e-01
9.7380e-01
9.6983e-01
9.6133e-01
9.6686e-01
9.5900e-01
9.7147e-01
9.5871e-01
9.4854e-01
9.5075e-01
9.4575e-01
9.9908e-01
9.5767e-01
9.6274e-01
9.5633e-01
9.6324e-01
9.7465e-01
9.5360e-01
9.5772e-01
9.5409e-01
9.5606e-01
9.7134e-01
9.6829e-01
9.6986e-01
9.5341e-01
9.6536e-01
9.8139e-01
9.6842e-01
9.7467e-01
9.6419e-01
9.6741e-01
9.5237e-01
9.5126e-01
9.6136e-01
9.6688e-01
9.5863e-01
9.5666e-01
9.5884e-01
9.6419e-01
9.1019e-01
9.6725e-01
9.8403e-01
9.5235e-01
9.6059e-01
9.6325e-01
9.5149e-01
9.5647e-01
9.5605e-01
9.4408e-01
9.8144e-01
9.4285e-01
9.4735e-01
9.6268e-01
7.8949e-01
9.5865e-01
9.5772e-01
9.7483e-01
9.7331e-01
9.7575e-01
9.5942e-01
9.1939e-01
9.8018e-01
9.5867e-01
9.5820e-01
9.7376e-01
9.6908e-01
9.4098e-01
9.7521e-01
9.4864e-01
9.3688e-01
9.6549e-01
9.6663e-01
9.7063e-01
9.9999e-01
9.6396e-01
9.6291e-01
9.5826e-01
9.6709e-01
9.7123e-01
9.8000e-01
9.6311e-01
9.6618e-01
9.5372e-01
9.6925e-01
9.9876e-01
