9.8798e-01
9.8984e-01
9.8395e-01
9.8629e-01
9.8787e-01
9.8098e-01
9.8676e-01
9.8594e-01
9.8848e-01
9.8837e-01
9.9028e-01
9.8206e-01
9.8699e-01
9.8961e-01
9.8638e-01
9.8855e-01
9.8962e-01
9.9067e-01
9.8791e-01
9.8396e-01
9.8438e-01
9.8702e-01
9.8247e-01
9.8762e-01
9.8448e-01
9.8951e-01
9.9024e-01
9.8600e-01
9.8206e-01
9.8825e-01
9.8627e-01
9.8005e-01
9.8922e-01
9.8846e-01
9.8201e-01
9.8676e-01
9.8727e-01
9.9010e-01
9.9140e-01
9.8400e-01
9.8560e-01
9.9126e-01
9.8830e-01
9.8746e-01
9.8415e-01
9.8307e-01
9.8837e-01
9.9233e-01
9.8923e-01
9.9041e-01
9.9111e-01
9.8883e-01
9.8021e-01
9.9080e-01
9.7996e-01
9.8685e-01
9.8783e-01
9.8927e-01
9.8675e-01
9.8934e-01
9.9150e-01
9.8939e-01
9.8966e-01
9.8106e-01
9.8929e-01
9.9038e-01
9.8921e-01
9.8814e-01
9.9062e-01
9.8574e-01
9.9131e-01
9.8798e-01
9.9116e-01
9.8639e-01
9.8268e-01
9.8809e-01
9.8879e-01
9.8288e-01
9.8883e-01
9.8863e-01
9.9101e-01
9.8394e-01
9.8558e-01
9.8638e-01
9.8788e-01
9.8171e-01
9.7985e-01
9.8759e-01
9.8467e-01
9.8893e-01
9.8591e-01
9.7921e-01
9.8874e-01
9.8345e-01
9.9035e-01
9.8829e-01
9.9089e-01
9.9029e-01
9.8744e-01
9.8316e-01
9.9003e-01
9.8760e-01
9.5301e-01
9.8940e-01
9.9002e-01
9.9071e-01
9.8115e-01
9.8712e-01
9.8832e-01
9.8839e-01
9.8892e-01
9.8928e-01
9.9062e-01
9.8425e-01
9.8943e-01
9.8864e-01
9.8266e-01
9.8065e-01
9.8639e-01
9.8928e-01
9.8063e-01
9.7732e-01
9.9045e-01
9.8359e-01
9.8966e-01
9.8883e-01
9.8571e-01
9.8580e-01
9.9118e-01
9.8898e-01
9.8492e-01
9.8139e-01
9.8285e-01
9.8953e-01
9.8303e-01
9.7697e-01
9.8757e-01
9.8269e-01
9.8744e-01
9.8442e-01
9.8714e-01
9.8867e-01
9.8949e-01
9.8114e-01
9.8811e-01
9.8836e-01
9.8773e-01
9.8782e-01
9.8044e-01
9.8694e-01
9.8755e-01
9.9033e-01
9.7900e-01
9.8823e-01
9.8465e-01
9.8931e-01
9.8827e-01
9.8395e-01
9.8379e-01
9.9146e-01
9.9039e-01
9.8284e-01
9.8286e-01
9.8291e-01
9.8903e-01
9.8500e-01
9.9010e-01
9.8947e-01
9.8575e-01
9.8932e-01
9.8586e-01
9.8916e-01
9.8000e-01
9.8894e-01
9.8274e-01
9.8985e-01
9.8418e-01
9.9057e-01
9.7833e-01
9.9117e-01
9.8310e-01
9.8825e-01
9.8299e-01
9.8811e-01
9.8966e-01
9.8897e-01
9.8712e-01
9.8951e-01
9.8469e-01
9.8635e-01
9.8908e-01
9.8726e-01
9.8878e-01
9.8898e-01
9.7678e-01
9.8868e-01
9.8268e-01
9.8754e-01
9.8682e-01
9.8807e-01
9.8560e-01
9.8321e-01
9.8806e-01
9.8996e-01
9.8216e-01
9.8025e-01
9.8942e-01
9.8872e-01
9.8923e-01
9.9221e-01
9.9030e-01
9.8567e-01
9.8916e-01
9.8715e-01
9.8860e-01
9.8514e-01
9.9030e-01
9.8653e-01
9.8951e-01
9.8883e-01
9.8405e-01
9.8979e-01
9.8802e-01
9.8450e-01
9.8744e-01
9.8732e-01
9.8305e-01
9.8938e-01
9.8953e-01
9.8940e-01
9.7822e-01
9.8841e-01
9.8993e-01
9.8970e-01
9.8980e-01
9.8760e-01
9.8280e-01
9.8927e-01
9.8168e-01
9.8260e-01
9.8704e-01
9.8814e-01
9.8864e-01
9.9032e-01
9.8281e-01
9.9060e-01
9.8946e-01
9.8109e-01
9.8142e-01
9.8878e-01
9.8910e-01
9.7997e-01
9.9075e-01
9.8894e-01
9.9053e-01
9.8768e-01
9.8492e-01
9.8323e-01
9.8880e-01
9.8623e-01
9.8994e-01
9.8216e-01
9.8213e-01
9.8605e-01
9.8126e-01
9.7867e-01
9.7857e-01
9.9009e-01
9.8882e-01
9.8781e-01
9.8997e-01
9.9022e-01
9.5693e-01
9.8854e-01
9.8030e-01
9.8920e-01
9.8797e-01
9.9050e-01
9.8762e-01
9.8299e-01
9.8806e-01
9.8801e-01
9.8735e-01
9.8793e-01
9.8720e-01
9.9145e-01
9.8899e-01
9.8890e-01
9.8512e-01
9.9063e-01
9.8960e-01
9.8695e-01
9.7963e-01
9.8957e-01
9.8921e-01
9.9069e-01
9.8886e-01
9.8835e-01
9.8643e-01
9.8845e-01
9.8224e-01
9.8464e-01
9.8024e-01
9.9145e-01
9.7987e-01
9.8355e-01
9.8698e-01
9.9046e-01
9.8191e-01
9.8790e-01
9.8791e-01
9.8795e-01
9.8394e-01
9.8768e-01
9.9250e-01
9.8252e-01
9.8832e-01
9.8236e-01
9.8324e-01
9.8812e-01
9.8305e-01
9.8427e-01
9.8614e-01
9.8880e-01
9.9067e-01
9.8111e-01
9.8800e-01
9.8841e-01
9.8699e-01
9.8894e-01
9.8811e-01
9.8713e-01
9.8772e-01
9.9071e-01
9.9197e-01
9.8704e-01
9.8901e-01
9.8917e-01
9.8354e-01
9.8951e-01
9.9019e-01
9.9005e-01
9.8859e-01
9.8985e-01
9.9058e-01
9.8670e-01
9.8759e-01
9.8904e-01
9.8941e-01
9.8111e-01
9.8106e-01
9.8902e-01
9.9081e-01
9.8147e-01
9.8778e-01
9.8880e-01
9.9065e-01
9.8510e-01
9.9009e-01
9.7980e-01
9.8859e-01
9.8792e-01
9.8515e-01
9.8954e-01
9.8876e-01
9.8813e-01
9.8000e-01
9.8757e-01
9.8599e-01
9.8956e-01
9.8126e-01
9.9150e-01
9.8873e-01
9.8858e-01
9.8717e-01
9.9088e-01
9.8813e-01
9.8196e-01
9.8997e-01
9.8861e-01
9.8840e-01
9.8306e-01
9.8284e-01
9.8448e-01
9.8751e-01
9.8211e-01
9.8220e-01
9.8436e-01
9.8912e-01
9.8749e-01
9.8898e-01
9.8839e-01
9.8850e-01
9.8906e-01
9.8826e-01
9.8924e-01
9.8335e-01
9.8285e-01
9.8852e-01
9.8284e-01
9.8626e-01
9.9302e-01
9.8234e-01
9.8819e-01
9.8131e-01
9.8310e-01
9.8902e-01
9.8553e-01
9.8920e-01
9.8936e-01
9.9026e-01
9.8764e-01
9.8249e-01
9.8045e-01
9.8925e-01
9.8399e-01
9.8889e-01
9.8561e-01
9.9008e-01
9.8968e-01
9.7745e-01
9.9215e-01
9.9067e-01
9.8508e-01
9.8893e-01
9.8720e-01
9.8660e-01
9.8166e-01
9.8999e-01
9.8787e-01
9.8659e-01
9.8604e-01
9.7935e-01
9.8324e-01
9.8927e-01
9.8381e-01
9.8528e-01
9.8939e-01
9.8859e-01
9.8750e-01
9.7903e-01
9.8627e-01
9.8913e-01
9.8484e-01
9.8661e-01
9.8674e-01
9.8805e-01
9.8529e-01
9.8984e-01
9.8702e-01
9.8358e-01
9.8996e-01
9.8525e-01
9.8909e-01
9.8223e-01
9.8855e-01
9.8617e-01
9.8858e-01
9.8885e-01
9.8920e-01
9.8758e-01
9.8811e-01
9.9141e-01
9.8084e-01
9.8119e-01
9.7934e-01
9.8362e-01
9.8771e-01
9.7776e-01
9.8979e-01
9.8682e-01
9.8603e-01
9.8717e-01
9.8314e-01
9.9158e-01
9.8469e-01
9.8858e-01
9.8895e-01
9.8755e-01
9.8740e-01
9.8903e-01
9.9116e-01
9.8404e-01
9.8871e-01
9.8875e-01
9.8363e-01
9.8338e-01
9.9153e-01
9.8575e-01
9.8659e-01
9.8739e-01
9.9177e-01
9.8298e-01
9.8255e-01
9.8631e-01
9.9264e-01
9.8878e-01
9.8014e-01
9.9015e-01
9.9019e-01
9.8795e-01
9.8191e-01
9.8860e-01
9.8815e-01
9.8837e-01
9.7768e-01
9.8961e-01
9.8822e-01
9.8783e-01
9.8140e-01
9.8938e-01
9.8903e-01
9.8834e-01
9.8955e-01
9.8539e-01
9.8821e-01
9.8467e-01
9.9156e-01
9.8808e-01
9.8814e-01
9.9060e-01
9.9091e-01
9.8688e-01
9.8746e-01
9.8776e-01
9.9085e-01
9.8791e-01
9.8898e-01
9.7942e-01
9.8271e-01
9.8725e-01
9.8812e-01
9.8810e-01
9.9133e-01
9.8741e-01
9.8670e-01
9.9067e-01
9.9013e-01
9.8773e-01
9.8890e-01
9.8296e-01
9.8738e-01
9.8537e-01
9.9054e-01
9.7819e-01
9.8814e-01
9.9044e-01
9.9014e-01
9.9047e-01
9.8808e-01
9.8720e-01
9.8188e-01
9.8491e-01
9.7938e-01
9.9053e-01
9.8501e-01
9.8968e-01
9.8909e-01
9.8302e-01
9.8735e-01
9.8944e-01
9.8906e-01
9.8736e-01
9.8770e-01
9.8969e-01
9.8895e-01
9.8657e-01
9.8994e-01
9.8215e-01
9.8279e-01
9.8866e-01
9.8506e-01
9.8556e-01
9.8916e-01
9.9089e-01
9.8391e-01
9.8926e-01
9.8809e-01
9.8442e-01
9.8967e-01
9.8599e-01
9.9130e-01
9.8915e-01
9.9028e-01
9.8782e-01
9.8764e-01
9.8892e-01
9.8446e-01
9.8500e-01
9.8142e-01
9.8836e-01
9.8517e-01
9.8102e-01
9.8772e-01
9.8805e-01
9.9062e-01
9.8791e-01
9.8897e-01
9.8991e-01
9.8585e-01
9.8809e-01
9.8884e-01
9.9243e-01
9.8797e-01
9.8650e-01
9.8403e-01
9.8873e-01
9.7985e-01
9.8930e-01
9.8060e-01
9.8017e-01
9.8180e-01
9.8055e-01
9.8547e-01
9.8844e-01
9.8274e-01
9.8943e-01
9.8780e-01
9.8074e-01
9.9043e-01
9.8210e-01
9.8925e-01
9.8579e-01
9.9253e-01
9.8967e-01
9.8257e-01
9.8800e-01
9.8787e-01
9.7814e-01
9.8369e-01
9.8373e-01
9.8907e-01
9.8956e-01
9.8284e-01
9.8688e-01
9.8964e-01
9.7449e-01
9.8840e-01
9.8937e-01
9.9033e-01
9.8199e-01
9.8899e-01
9.8713e-01
9.8337e-01
9.8948e-01
9.8106e-01
9.8758e-01
9.8459e-01
9.8896e-01
9.8771e-01
9.8405e-01
9.8275e-01
9.8823e-01
9.8861e-01
9.8846e-01
9.7803e-01
9.9026e-01
9.8014e-01
9.9040e-01
9.8965e-01
9.8909e-01
9.8367e-01
9.8439e-01
9.9033e-01
9.7978e-01
9.8867e-01
9.8370e-01
9.8059e-01
9.8753e-01
9.8824e-01
9.8934e-01
9.8170e-01
9.8991e-01
9.8648e-01
9.8158e-01
9.8377e-01
9.8423e-01
9.8129e-01
9.8834e-01
9.7499e-01
9.8346e-01
9.8653e-01
9.8962e-01
9.9047e-01
9.8199e-01
9.8549e-01
9.8155e-01
9.8189e-01
9.8746e-01
9.9003e-01
9.8998e-01
9.8735e-01
9.8740e-01
9.8996e-01
9.8997e-01
9.8722e-01
9.8616e-01
9.8950e-01
9.8669e-01
9.8902e-01
9.9172e-01
9.8271e-01
9.9132e-01
9.8751e-01
9.8858e-01
9.8722e-01
9.8183e-01
9.8807e-01
9.9158e-01
9.8447e-01
9.7864e-01
9.8839e-01
9.8625e-01
9.8702e-01
9.8191e-01
9.8972e-01
9.8355e-01
9.9005e-01
9.8802e-01
9.9049e-01
9.8790e-01
9.8319e-01
9.8066e-01
9.8845e-01
9.8516e-01
9.7969e-01
9.8600e-01
9.8166e-01
9.8076e-01
9.8922e-01
9.8982e-01
9.8588e-01
9.8543e-01
9.7881e-01
9.8445e-01
9.8840e-01
9.8872e-01
9.8746e-01
9.9291e-01
9.8493e-01
9.8428e-01
9.8494e-01
9.8454e-01
9.8522e-01
9.7660e-01
9.8834e-01
9.8669e-01
9.8763e-01
9.8929e-01
9.8735e-01
9.7677e-01
9.9192e-01
9.8715e-01
9.8612e-01
9.8794e-01
9.8758e-01
9.8738e-01
9.9033e-01
9.8445e-01
9.8472e-01
9.9136e-01
9.8987e-01
9.8046e-01
9.8381e-01
9.8235e-01
9.8810e-01
9.8417e-01
9.8441e-01
9.7894e-01
9.9025e-01
9.8260e-01
9.8431e-01
9.8079e-01
9.8328e-01
9.8930e-01
9.8507e-01
9.8459e-01
9.8951e-01
9.8115e-01
9.8428e-01
9.8416e-01
9.8242e-01
9.8297e-01
9.8445e-01
9.8932e-01
9.8885e-01
9.9170e-01
9.8318e-01
9.8653e-01
9.8799e-01
9.8790e-01
9.8904e-01
9.9199e-01
9.8771e-01
9.8536e-01
9.8321e-01
9.8907e-01
9.8042e-01
9.8560e-01
9.8874e-01
9.8390e-01
9.7689e-01
9.7948e-01
9.8741e-01
9.8636e-01
9.8985e-01
9.8260e-01
9.9176e-01
9.8691e-01
9.8308e-01
9.9116e-01
9.8272e-01
9.7744e-01
9.8241e-01
9.8696e-01
9.8714e-01
9.7691e-01
9.8938e-01
9.8047e-01
9.9011e-01
9.7832e-01
9.8379e-01
9.8641e-01
9.9008e-01
9.8737e-01
9.9047e-01
9.8397e-01
9.8694e-01
9.8895e-01
9.8837e-01
9.9080e-01
9.8313e-01
9.8924e-01
9.8832e-01
9.8752e-01
9.8910e-01
9.8901e-01
9.8482e-01
9.8945e-01
9.8160e-01
9.8330e-01
9.9186e-01
9.8472e-01
9.7989e-01
9.9063e-01
9.9027e-01
9.8730e-01
9.8808e-01
9.8903e-01
9.8379e-01
9.9227e-01
9.8251e-01
9.8736e-01
9.8230e-01
9.8972e-01
9.8476e-01
9.8263e-01
9.8285e-01
9.8689e-01
9.8439e-01
9.8328e-01
9.8216e-01
9.8247e-01
9.8204e-01
9.9144e-01
9.8395e-01
9.7948e-01
9.8061e-01
9.8705e-01
9.8278e-01
9.9054e-01
9.8979e-01
9.8159e-01
9.8785e-01
9.8850e-01
9.9023e-01
9.8815e-01
9.8781e-01
9.8783e-01
9.8132e-01
9.8857e-01
9.8897e-01
9.8817e-01
9.8515e-01
9.8804e-01
9.8913e-01
9.8290e-01
9.8875e-01
9.8609e-01
9.8597e-01
9.8169e-01
9.9252e-01
9.9161e-01
9.8887e-01
9.8954e-01
9.7327e-01
9.8743e-01
9.8801e-01
9.8238e-01
9.8565e-01
9.9028e-01
9.8569e-01
9.8513e-01
9.8849e-01
9.8959e-01
9.8882e-01
9.8171e-01
9.8601e-01
9.8885e-01
9.8503e-01
9.8070e-01
9.8176e-01
9.8885e-01
9.8530e-01
9.9005e-01
9.8206e-01
9.8775e-01
9.8342e-01
9.8752e-01
9.8898e-01
9.8253e-01
9.8508e-01
9.9046e-01
9.8059e-01
9.8978e-01
9.8900e-01
9.9008e-01
9.8158e-01
9.8849e-01
9.8338e-01
9.8813e-01
9.8288e-01
9.8158e-01
9.8219e-01
9.9036e-01
9.8228e-01
9.8686e-01
9.9085e-01
9.8820e-01
9.7659e-01
9.6837e-01
9.9055e-01
9.9027e-01
9.8010e-01
9.8733e-01
9.8921e-01
9.8835e-01
9.8441e-01
9.8493e-01
9.7859e-01
9.8891e-01
9.8558e-01
9.8785e-01
9.8214e-01
9.8072e-01
9.9080e-01
9.8456e-01
9.8922e-01
9.9152e-01
9.7926e-01
9.8918e-01
9.8712e-01
9.8904e-01
9.8887e-01
9.8401e-01
9.8482e-01
9.9059e-01
9.8868e-01
9.8794e-01
9.7372e-01
9.8100e-01
9.8208e-01
9.8266e-01
9.8370e-01
9.8834e-01
9.8906e-01
9.8222e-01
9.9023e-01
9.8718e-01
9.8827e-01
9.8750e-01
9.8863e-01
9.7995e-01
9.8221e-01
9.8915e-01
9.8407e-01
9.8610e-01
9.8687e-01
9.8317e-01
9.8996e-01
9.8992e-01
9.8081e-01
9.8159e-01
9.8012e-01
9.8939e-01
9.8680e-01
9.8948e-01
9.8846e-01
9.8908e-01
9.9029e-01
