9.7701e-01
9.7886e-01
9.6268e-01
9.6120e-01
9.6408e-01
9.5959e-01
9.6309e-01
9.4722e-01
9.3106e-01
9.6125e-01
9.6344e-01
9.6538e-01
9.6142e-01
9.6694e-01
9.6271e-01
1.0000e+00
9.7636e-01
9.7099e-01
9.5796e-01
9.8466e-01
9.6252e-01
9.5367e-01
9.5260e-01
9.5835e-01
9.5584e-01
9.5109e-01
9.5733e-01
9.5551e-01
9.5924e-01
9.6038e-01
9.6389e-01
9.7563e-01
9.5465e-01
9.6230e-01
9.6415e-01
9.4626e-01
9.5440e-01
9.4527e-01
9.6484e-01
9.6696e-01
9.6184e-01
9.8775e-01
9.7407e-01
9.4899e-01
9.6383e-01
9.7308e-01
9.6245e-01
9.5675e-01
9.6284e-01
9.4706e-01
9.5778e-01
9.6146e-01
9.5600e-01
9.6200e-01
9.6606e-01
9.6599e-01
9.7117e-01
9.6723e-01
9.2560e-01
9.5984e-01
9.5591e-01
9.6655e-01
9.4746e-01
9.5832e-01
9.7137e-01
9.4229e-01
9.7322e-01
9.6656e-01
9.6257e-01
9.5724e-01
9.6395e-01
9.5262e-01
9.6443e-01
9.5670e-01
9.6303e-01
9.5296e-01
9.9362e-01
9.6157e-01
9.7141e-01
9.7139e-01
9.6998e-01
9.3767e-01
9.3654e-01
9.5260e-01
9.5633e-01
9.4672e-01
9.7277e-01
9.7037e-01
9.5310e-01
9.5566e-01
9.9080e-01
9.4996e-01
9.6111e-01
9.7791e-01
9.6503e-01
9.6829e-01
9.7450e-01
9.5716e-01
9.7155e-01
9.6889e-01
9.5826e-01
9.5549e-01
9.6661e-01
9.6404e-01
9.6234e-01
9.6556e-01
9.4070e-01
9.6199e-01
9.5287e-01
9.4658e-01
9.6312e-01
9.4869e-01
9.6762e-01
9.4338e-01
9.7174e-01
9.5768e-01
9.5077e-01
9.3956e-01
9.5306e-01
9.6428e-01
9.7405e-01
8.6005e-01
9.4497e-01
9.8618e-01
9.6866e-01
9.5998e-01
9.6131e-01
9.7096e-01
9.4884e-01
9.4881e-01
9.3605e-01
9.7064e-01
9.5935e-01
9.7085e-01
9.5567e-01
9.6403e-01
9.5672e-01
9.6407e-01
8.9575e-01
9.7899e-01
9.5516e-01
9.6216e-01
9.8201e-01
9.6626e-01
9.6239e-01
9.7353e-01
9.7828e-01
9.4669e-01
9.7114e-01
9.5815e-01
9.4845e-01
9.7137e-01
9.6861e-01
9.4259e-01
9.6781e-01
9.6201e-01
9.7782e-01
9.6520e-01
9.8216e-01
9.5357e-01
9.7424e-01
9.5971e-01
9.7565e-01
8.9873e-01
9.6435e-01
9.5446e-01
9.4519e-01
9.7194e-01
9.5168e-01
9.6443e-01
9.4900e-01
9.6170e-01
9.6291e-01
9.7660e-01
9.6335e-01
9.5974e-01
9.2738e-01
9.7284e-01
9.6063e-01
9.6143e-01
9.5806e-01
9.4214e-01
9.5467e-01
9.5838e-01
9.6324e-01
9.6615e-01
9.6049e-01
9.6486e-01
9.5274e-01
9.6160e-01
9.6337e-01
9.6251e-01
9.6021e-01
9.8153e-01
9.5862e-01
9.6322e-01
9.3720e-01
9.6410e-01
9.1148e-01
9.5689e-01
9.7331e-01
9.5586e-01
9.5510e-01
9.6238e-01
9.6804e-01
9.7256e-01
9.5575e-01
9.4880e-01
9.6614e-01
9.5969e-01
9.6098e-01
9.3675e-01
9.7070e-01
9.3914e-01
9.7059e-01
9.6695e-01
9.6513e-01
9.6112e-01
9.9478e-01
9.5649e-01
9.5581e-01
9.7196e-01
9.5314e-01
9.5383e-01
9.6998e-01
9.6330e-01
9.4965e-01
9.5843e-01
9.5215e-01
9.5490e-01
9.5314e-01
9.7560e-01
9.6833e-01
9.6638e-01
9.5338e-01
9.7999e-01
9.5905e-01
9.5352e-01
9.6576e-01
9.7860e-01
1.0000e+00
9.6393e-01
9.5314e-01
9.5571e-01
9.6905e-01
9.5758e-01
9.5445e-01
9.6007e-01
9.7537e-01
9.6807e-01
9.5830e-01
9.6344e-01
9.6532e-01
9.5365e-01
9.5668e-01
9.6508e-01
9.5207e-01
9.5853e-01
9.6221e-01
9.6238e-01
9.6542e-01
9.5134e-01
9.6977e-01
9.5491e-01
9.6818e-01
9.6120e-01
9.5934e-01
9.6581e-01
9.5956e-01
9.7381e-01
9.5823e-01
9.5703e-01
9.6610e-01
9.7296e-01
9.5442e-01
9.7376e-01
9.6705e-01
9.5745e-01
9.6959e-01
9.5920e-01
9.7144e-01
9.6102e-01
9.7073e-01
9.5863e-01
9.6921e-01
9.5659e-01
9.5810e-01
9.6265e-01
9.3483e-01
9.5750e-01
9.5685e-01
9.4832e-01
9.7123e-01
9.4639e-01
9.7491e-01
9.5991e-01
9.6137e-01
9.6001e-01
9.4841e-01
9.2514e-01
9.6207e-01
9.6382e-01
9.4980e-01
9.7287e-01
9.7432e-01
9.6168e-01
9.6056e-01
9.6873e-01
9.7527e-01
9.6038e-01
9.5868e-01
9.6364e-01
9.6262e-01
9.6573e-01
9.7881e-01
9.4526e-01
9.6410e-01
9.7421e-01
9.5950e-01
9.5984e-01
9.6589e-01
9.7527e-01
9.4941e-01
9.5891e-01
9.4477e-01
9.5437e-01
9.5907e-01
9.7465e-01
9.7539e-01
9.6097e-01
9.5470e-01
9.8047e-01
9.6028e-01
9.6093e-01
9.5723e-01
8.6795e-01
9.6683e-01
9.8363e-01
9.8290e-01
9.6718e-01
9.7104e-01
9.6088e-01
9.6505e-01
9.6153e-01
9.7481e-01
9.6052e-01
9.4485e-01
9.6729e-01
9.4975e-01
9.4495e-01
9.6668e-01
9.7315e-01
9.4525e-01
9.7033e-01
9.5002e-01
9.6679e-01
9.6022e-01
9.6465e-01
9.5959e-01
9.5518e-01
9.6502e-01
9.5630e-01
9.6353e-01
9.5912e-01
9.5003e-01
9.6027e-01
9.6538e-01
9.6679e-01
9.4636e-01
9.6124e-01
1.0000e+00
9.4731e-01
9.6623e-01
9.7017e-01
9.7449e-01
9.6565e-01
9.6058e-01
9.6705e-01
9.5579e-01
9.7358e-01
9.6890e-01
9.6099e-01
9.5842e-01
9.7938e-01
9.6908e-01
9.9117e-01
9.6704e-01
9.6972e-01
9.7122e-01
9.5211e-01
9.5841e-01
9.4677e-01
9.5608e-01
9.5022e-01
9.8336e-01
9.6122e-01
9.5260e-01
9.6093e-01
9.5705e-01
9.5614e-01
9.6765e-01
9.7539e-01
8.8749e-01
9.6929e-01
9.6177e-01
9.6368e-01
9.7487e-01
9.5891e-01
9.5555e-01
9.5813e-01
9.6365e-01
9.6448e-01
9.4775e-01
9.6083e-01
9.4749e-01
9.5533e-01
9.4909e-01
9.5547e-01
9.6963e-01
9.6446e-01
9.6099e-01
9.6281e-01
9.7067e-01
9.4468e-01
9.1986e-01
9.7007e-01
9.6404e-01
9.6017e-01
9.5920e-01
9.3378e-01
9.6416e-01
9.6470e-01
9.7556e-01
9.6149e-01
9.6312e-01
9.7526e-01
9.7368e-01
9.5923e-01
9.5001e-01
9.5127e-01
9.5799e-01
9.6451e-01
9.5732e-01
9.6852e-01
9.4923e-01
9.5464e-01
9.6888e-01
9.5538e-01
9.5466e-01
9.6390e-01
9.5301e-01
9.4409e-01
9.5876e-01
9.7428e-01
9.7722e-01
9.5757e-01
9.4934e-01
9.6995e-01
9.6489e-01
9.5098e-01
9.5801e-01
9.5437e-01
9.6305e-01
9.6586e-01
9.5660e-01
9.7231e-01
9.6037e-01
9.6969e-01
9.6055e-01
9.6380e-01
9.6387e-01
9.6442e-01
9.6614e-01
9.3778e-01
9.7704e-01
9.7577e-01
9.6281e-01
9.6759e-01
9.8221e-01
9.7297e-01
9.5848e-01
9.6588e-01
9.5932e-01
9.6637e-01
8.5722e-01
9.5514e-01
9.5567e-01
9.6177e-01
9.7523e-01
9.6747e-01
9.6167e-01
9.4243e-01
9.7468e-01
9.7066e-01
9.5927e-01
9.7875e-01
9.6508e-01
9.5200e-01
9.4753e-01
9.5122e-01
9.6849e-01
9.4544e-01
9.6428e-01
9.5823e-01
9.5766e-01
9.5937e-01
9.6522e-01
9.7881e-01
9.5377e-01
9.6480e-01
9.6104e-01
9.5002e-01
9.7560e-01
9.6361e-01
9.4180e-01
9.5903e-01
9.6548e-01
9.6085e-01
9.6513e-01
9.5674e-01
9.6430e-01
9.6222e-01
9.5341e-01
9.5742e-01
9.5843e-01
9.7124e-01
9.7202e-01
9.5383e-01
9.6226e-01
9.5116e-01
9.5218e-01
9.6347e-01
9.5911e-01
9.6650e-01
9.6273e-01
9.6769e-01
9.5510e-01
9.5581e-01
9.5295e-01
9.8592e-01
9.6486e-01
9.6164e-01
9.7640e-01
9.5015e-01
9.4782e-01
9.6034e-01
9.5791e-01
9.5599e-01
9.6858e-01
8.9958e-01
9.5616e-01
9.5728e-01
9.6376e-01
9.8753e-01
9.6976e-01
9.4967e-01
9.6277e-01
9.6568e-01
9.4833e-01
9.5000e-01
9.5460e-01
9.6421e-01
9.5107e-01
9.6912e-01
9.3820e-01
9.5548e-01
9.4716e-01
9.7125e-01
9.7074e-01
9.6757e-01
9.5004e-01
9.5545e-01
9.6166e-01
9.5721e-01
9.5848e-01
9.7281e-01
9.6748e-01
9.7789e-01
9.6992e-01
9.7038e-01
9.5724e-01
9.6873e-01
9.3358e-01
9.5673e-01
9.5569e-01
9.7639e-01
9.7641e-01
9.6855e-01
9.5019e-01
9.7852e-01
9.6239e-01
9.6109e-01
9.7133e-01
9.4937e-01
9.5476e-01
9.6756e-01
9.8539e-01
9.6536e-01
9.5573e-01
9.5974e-01
8.6338e-01
9.7667e-01
9.6234e-01
9.6341e-01
9.5618e-01
9.6816e-01
9.6203e-01
9.5846e-01
9.6028e-01
9.5066e-01
9.6372e-01
9.5601e-01
9.6206e-01
9.6346e-01
9.3841e-01
9.5911e-01
9.6785e-01
9.7379e-01
9.7489e-01
9.6118e-01
9.6012e-01
9.8288e-01
9.5509e-01
9.6517e-01
9.6205e-01
9.5961e-01
9.6717e-01
9.5845e-01
9.6698e-01
9.6715e-01
9.6532e-01
9.8596e-01
9.6126e-01
9.4470e-01
9.6800e-01
9.6224e-01
9.6592e-01
9.6581e-01
9.6653e-01
9.5209e-01
9.6446e-01
9.6192e-01
9.6872e-01
9.4865e-01
9.7713e-01
9.6437e-01
9.4987e-01
9.5899e-01
9.5673e-01
9.6554e-01
9.4588e-01
9.6449e-01
9.4693e-01
9.7432e-01
9.7575e-01
9.5618e-01
9.5653e-01
9.4771e-01
9.6077e-01
9.7766e-01
9.6035e-01
9.6062e-01
9.6844e-01
9.5907e-01
9.4685e-01
9.6240e-01
9.7223e-01
9.6087e-01
9.6602e-01
9.5431e-01
9.6612e-01
9.0114e-01
9.6706e-01
9.8054e-01
9.5600e-01
9.5664e-01
9.4989e-01
9.5758e-01
9.4961e-01
9.5470e-01
9.5771e-01
9.7377e-01
9.5456e-01
9.7332e-01
9.5961e-01
9.7005e-01
9.6599e-01
9.7794e-01
9.6103e-01
9.6650e-01
9.5447e-01
9.6236e-01
9.6346e-01
9.7044e-01
9.5781e-01
9.6799e-01
9.6539e-01
9.5958e-01
9.5885e-01
9.8029e-01
9.7140e-01
9.8338e-01
9.5880e-01
9.5824e-01
9.5552e-01
9.5489e-01
9.6110e-01
9.4865e-01
9.5124e-01
9.6343e-01
9.7033e-01
9.5591e-01
9.4848e-01
9.6573e-01
9.6528e-01
9.7205e-01
9.7122e-01
9.5736e-01
9.8743e-01
9.4856e-01
9.7179e-01
9.6102e-01
9.5508e-01
9.6700e-01
9.6126e-01
9.6971e-01
9.4631e-01
9.7959e-01
9.5785e-01
9.6763e-01
9.6733e-01
9.6019e-01
9.6436e-01
9.5263e-01
9.7105e-01
9.4507e-01
9.6020e-01
9.7063e-01
9.5757e-01
9.6364e-01
9.4866e-01
9.7019e-01
9.6500e-01
9.5180e-01
9.8525e-01
9.6126e-01
9.5204e-01
9.6211e-01
9.6542e-01
9.4767e-01
9.7240e-01
9.5828e-01
9.7159e-01
9.6284e-01
9.6526e-01
9.7109e-01
9.7055e-01
9.5978e-01
9.6859e-01
9.6350e-01
9.7445e-01
9.4945e-01
9.5473e-01
9.2833e-01
9.7016e-01
9.6296e-01
9.6137e-01
9.7503e-01
9.5455e-01
9.5572e-01
9.7646e-01
9.6133e-01
9.8361e-01
9.6605e-01
9.6265e-01
9.7224e-01
9.5506e-01
9.6127e-01
9.5946e-01
9.4669e-01
9.5938e-01
9.6441e-01
9.5125e-01
9.5704e-01
9.6172e-01
9.5482e-01
9.6644e-01
9.6036e-01
9.5553e-01
9.6868e-01
9.6328e-01
9.6162e-01
9.5955e-01
9.8025e-01
9.6772e-01
9.4623e-01
9.5581e-01
9.7955e-01
9.6787e-01
9.4966e-01
9.6687e-01
9.5853e-01
9.5031e-01
9.5788e-01
9.5367e-01
9.5754e-01
9.8171e-01
9.6584e-01
9.5954e-01
9.5845e-01
9.5935e-01
9.6437e-01
9.6023e-01
9.0922e-01
9.6269e-01
9.5703e-01
9.6813e-01
9.6210e-01
9.5463e-01
9.6076e-01
9.6157e-01
9.7011e-01
9.8371e-01
9.4383e-01
9.5347e-01
9.5972e-01
9.5876e-01
9.6636e-01
9.6903e-01
9.6945e-01
9.6850e-01
9.6234e-01
9.7004e-01
9.6250e-01
9.5209e-01
9.5940e-01
9.7854e-01
9.6491e-01
9.4406e-01
9.5741e-01
9.5685e-01
9.8009e-01
9.6993e-01
9.6467e-01
9.6643e-01
9.7170e-01
9.5487e-01
9.7238e-01
9.7007e-01
9.4334e-01
9.5549e-01
9.5782e-01
9.7623e-01
9.5167e-01
9.6775e-01
9.7207e-01
9.5242e-01
9.6282e-01
9.4874e-01
9.5252e-01
9.8170e-01
9.5289e-01
9.6754e-01
9.4462e-01
9.4270e-01
9.5774e-01
9.6599e-01
9.6707e-01
9.5137e-01
9.6824e-01
9.5427e-01
9.4659e-01
9.6598e-01
9.6052e-01
9.7029e-01
9.6009e-01
9.6165e-01
9.5663e-01
9.6930e-01
9.6228e-01
9.5091e-01
9.5748e-01
9.5464e-01
9.5867e-01
9.5763e-01
9.6477e-01
9.5981e-01
9.5626e-01
9.5922e-01
9.6503e-01
9.5806e-01
9.7821e-01
9.7582e-01
9.7435e-01
9.6735e-01
9.5313e-01
9.6098e-01
9.5580e-01
9.6874e-01
9.5477e-01
9.6194e-01
9.5353e-01
9.6493e-01
9.5948e-01
9.7595e-01
9.4759e-01
9.5913e-01
9.6528e-01
9.6269e-01
9.6880e-01
9.6271e-01
9.6793e-01
9.5193e-01
9.5642e-01
9.5651e-01
9.5656e-01
9.5934e-01
9.5401e-01
9.5035e-01
9.7049e-01
9.6485e-01
9.7606e-01
9.6833e-01
9.7154e-01
9.5603e-01
9.7004e-01
9.6866e-01
9.5542e-01
9.5964e-01
9.6261e-01
9.7940e-01
9.5427e-01
9.5890e-01
9.5986e-01
9.5410e-01
9.5950e-01
9.6589e-01
9.5334e-01
9.3775e-01
9.6445e-01
9.6879e-01
9.7614e-01
9.7320e-01
9.7074e-01
9.6661e-01
9.6823e-01
9.2748e-01
9.5302e-01
9.6566e-01
9.7051e-01
9.7339e-01
9.5401e-01
9.6678e-01
9.5472e-01
9.5904e-01
9.7272e-01
9.6107e-01
9.5695e-01
9.0581e-01
9.6301e-01
9.7303e-01
9.5579e-01
9.6819e-01
9.4158e-01
9.6894e-01
9.6524e-01
9.4492e-01
9.6579e-01
9.7831e-01
9.7433e-01
9.5798e-01
9.5728e-01
9.7332e-01
9.5368e-01
9.7155e-01
9.5880e-01
9.6233e-01
9.6895e-01
9.4559e-01
9.7232e-01
9.6602e-01
9.5716e-01
9.6104e-01
9.7803e-01
9.5230e-01
9.7151e-01
9.6542e-01
9.8413e-01
9.6925e-01
9.4737e-01
9.4225e-01
9.6775e-01
9.4699e-01
9.6256e-01
9.8306e-01
9.5749e-01
9.5482e-01
9.7316e-01
9.5356e-01
9.6186e-01
