9.8110e-01
9.8111e-01
9.8302e-01
9.7947e-01
9.8372e-01
9.8065e-01
9.8174e-01
9.7227e-01
9.8343e-01
9.8098e-01
9.8230e-01
9.6908e-01
9.8325e-01
9.8297e-01
9.8171e-01
9.8119e-01
9.8199e-01
9.8341e-01
9.8323e-01
9.7506e-01
9.8014e-01
9.7993e-01
9.8189e-01
9.8034e-01
9.8089e-01
9.8029e-01
9.8374e-01
9.8211e-01
9.8169e-01
9.7855e-01
9.8102e-01
9.8003e-01
9.8304e-01
9.7093e-01
9.8055e-01
9.8065e-01
9.7668e-01
9.8298e-01
9.8182e-01
9.7991e-01
9.8389e-01
9.8134e-01
9.8224e-01
9.8472e-01
9.8375e-01
9.8190e-01
9.7392e-01
9.8245e-01
9.8203e-01
9.8296e-01
9.8134e-01
9.8269e-01
9.8085e-01
9.8333e-01
9.8092e-01
9.8205e-01
9.8032e-01
9.8014e-01
9.8250e-01
9.8282e-01
9.8294e-01
9.8408e-01
9.8147e-01
9.8217e-01
9.8235e-01
9.8247e-01
9.8107e-01
9.7758e-01
9.8041e-01
9.7875e-01
9.8375e-01
9.8277e-01
9.7920e-01
9.8242e-01
9.7897e-01
9.8259e-01
9.8252e-01
9.8228e-01
9.7933e-01
9.8325e-01
9.8325e-01
9.7962e-01
9.8059e-01
9.7835e-01
9.7786e-01
9.8105e-01
9.8033e-01
9.7986e-01
9.6974e-01
9.8371e-01
9.8082e-01
9.7706e-01
9.7971e-01
9.8171e-01
9.8257e-01
9.8105e-01
9.8033e-01
9.8014e-01
9.8168e-01
9.8265e-01
9.8188e-01
9.7958e-01
9.7883e-01
9.7951e-01
9.7623e-01
9.8048e-01
9.8162e-01
9.8314e-01
9.7992e-01
9.7846e-01
9.8321e-01
9.8185e-01
9.8499e-01
9.8158e-01
9.8338e-01
9.8396e-01
9.8254e-01
9.8168e-01
9.8003e-01
9.8219e-01
9.8080e-01
9.7458e-01
9.8272e-01
9.8157e-01
9.7905e-01
9.8294e-01
9.8383e-01
9.8187e-01
9.7879e-01
9.8204e-01
9.7863e-01
9.7925e-01
9.8026e-01
9.7751e-01
9.7909e-01
9.8265e-01
9.8215e-01
9.8210e-01
9.7096e-01
9.8355e-01
9.8292e-01
9.7959e-01
9.8389e-01
9.7815e-01
9.8415e-01
9.8168e-01
9.8121e-01
9.6893e-01
9.8147e-01
9.8317e-01
9.8014e-01
9.8173e-01
9.8047e-01
9.8178e-01
9.7941e-01
9.8417e-01
9.8225e-01
9.7975e-01
9.8136e-01
9.8016e-01
9.8159e-01
9.8030e-01
9.8143e-01
9.7982e-01
9.8110e-01
9.7550e-01
9.7877e-01
9.8282e-01
9.8224e-01
9.8216e-01
9.8231e-01
9.8209e-01
9.8274e-01
9.8141e-01
9.8150e-01
9.7846e-01
9.8302e-01
9.8087e-01
9.8027e-01
9.7969e-01
9.8077e-01
9.8122e-01
9.8103e-01
9.8274e-01
9.8095e-01
9.8017e-01
9.8368e-01
9.7220e-01
9.8012e-01
9.7911e-01
9.8200e-01
9.8204e-01
9.7337e-01
9.8236e-01
9.8149e-01
9.8208e-01
9.8365e-01
9.8001e-01
9.8112e-01
9.8366e-01
9.8305e-01
9.6761e-01
9.7704e-01
9.8141e-01
9.7972e-01
9.8329e-01
9.8384e-01
9.8154e-01
9.8375e-01
9.7419e-01
9.8393e-01
9.8345e-01
9.7748e-01
9.8271e-01
9.8351e-01
9.8319e-01
9.8149e-01
9.8149e-01
9.7867e-01
9.8117e-01
9.7325e-01
9.8215e-01
9.8395e-01
9.7945e-01
9.8179e-01
9.8199e-01
9.8271e-01
9.7670e-01
9.8026e-01
9.7912e-01
9.8028e-01
9.8124e-01
9.8201e-01
9.8176e-01
9.8092e-01
9.8068e-01
9.6892e-01
9.8114e-01
9.7476e-01
9.8294e-01
9.8327e-01
9.8426e-01
9.7970e-01
9.8244e-01
9.8330e-01
9.8187e-01
9.7972e-01
9.8241e-01
9.8207e-01
9.8116e-01
9.7919e-01
9.8194e-01
9.8425e-01
9.8098e-01
9.8044e-01
9.8269e-01
9.8239e-01
9.8330e-01
9.8373e-01
9.7759e-01
9.8050e-01
9.7966e-01
9.8085e-01
9.7909e-01
9.7756e-01
9.8383e-01
9.8124e-01
9.8367e-01
9.8290e-01
9.8229e-01
9.7930e-01
9.7843e-01
9.8303e-01
9.8294e-01
9.8284e-01
9.8386e-01
9.8104e-01
9.8252e-01
9.6662e-01
9.8332e-01
9.8007e-01
9.8166e-01
9.8144e-01
9.8054e-01
9.8069e-01
9.8307e-01
9.8283e-01
9.8120e-01
9.8140e-01
9.8521e-01
9.8128e-01
9.8347e-01
9.7304e-01
9.8178e-01
9.8278e-01
9.8091e-01
9.7430e-01
9.8063e-01
9.8341e-01
9.8106e-01
9.8074e-01
9.8211e-01
9.8184e-01
9.8087e-01
9.8126e-01
9.8126e-01
9.8187e-01
9.7947e-01
9.8119e-01
9.7870e-01
9.8032e-01
9.8284e-01
9.7907e-01
9.7997e-01
9.7594e-01
9.8424e-01
9.8189e-01
9.7096e-01
9.8304e-01
9.8144e-01
9.8332e-01
9.8200e-01
9.7807e-01
9.8046e-01
9.8209e-01
9.8381e-01
9.7748e-01
9.8176e-01
9.8151e-01
9.8270e-01
9.7977e-01
9.8321e-01
9.7917e-01
9.8177e-01
9.8281e-01
9.7424e-01
9.7827e-01
9.8153e-01
9.7857e-01
9.8085e-01
9.7911e-01
9.8133e-01
9.8224e-01
9.8366e-01
9.7786e-01
9.8492e-01
9.8303e-01
9.8161e-01
9.7017e-01
9.8002e-01
9.8083e-01
9.8182e-01
9.8104e-01
9.8075e-01
9.8175e-01
9.8178e-01
9.7870e-01
9.8112e-01
9.8113e-01
9.8065e-01
9.7308e-01
9.8069e-01
9.8486e-01
9.8272e-01
9.8340e-01
9.7725e-01
9.8178e-01
9.8021e-01
9.8430e-01
9.8261e-01
9.8153e-01
9.8437e-01
9.7953e-01
9.8114e-01
9.8090e-01
9.6711e-01
9.8131e-01
9.8296e-01
9.8469e-01
9.8294e-01
9.7967e-01
9.8132e-01
9.8097e-01
9.8191e-01
9.8097e-01
9.8193e-01
9.8302e-01
9.8153e-01
9.8298e-01
9.8447e-01
9.8131e-01
9.8229e-01
9.7882e-01
9.8293e-01
9.8241e-01
9.7204e-01
9.8111e-01
9.6994e-01
9.8096e-01
9.8048e-01
9.8187e-01
9.8150e-01
9.8134e-01
9.8217e-01
9.7996e-01
9.7292e-01
9.8277e-01
9.8363e-01
9.8084e-01
9.7996e-01
9.8314e-01
9.8086e-01
9.8482e-01
9.8190e-01
9.8244e-01
9.8232e-01
9.7808e-01
9.7956e-01
9.7091e-01
9.7964e-01
9.8250e-01
9.8065e-01
9.8130e-01
9.8509e-01
9.7938e-01
9.8136e-01
9.8316e-01
9.8045e-01
9.8199e-01
9.8352e-01
9.6856e-01
9.8456e-01
9.8232e-01
9.7832e-01
9.8120e-01
9.8200e-01
9.8094e-01
9.8135e-01
9.8190e-01
9.8373e-01
9.8311e-01
9.8108e-01
9.8092e-01
9.8137e-01
9.8191e-01
9.8149e-01
9.8500e-01
9.6917e-01
9.8014e-01
9.8300e-01
9.8118e-01
9.8174e-01
9.8115e-01
9.8470e-01
9.7976e-01
9.8121e-01
9.8097e-01
9.7560e-01
9.7884e-01
9.7935e-01
9.7697e-01
9.7255e-01
9.8192e-01
9.7619e-01
9.6068e-01
9.8224e-01
9.7292e-01
9.8039e-01
9.8109e-01
9.8048e-01
9.7383e-01
9.8225e-01
9.8200e-01
9.8393e-01
9.8201e-01
9.8272e-01
9.8075e-01
9.8207e-01
9.7987e-01
9.7989e-01
9.8156e-01
9.8134e-01
9.8137e-01
9.8320e-01
9.8011e-01
9.8093e-01
9.8387e-01
9.6927e-01
9.8158e-01
9.8301e-01
9.8279e-01
9.8364e-01
9.8318e-01
9.7798e-01
9.8477e-01
9.8042e-01
9.6871e-01
9.8180e-01
9.7878e-01
9.8390e-01
9.8126e-01
9.8282e-01
9.6963e-01
9.8094e-01
9.8248e-01
9.8186e-01
9.8326e-01
9.8276e-01
9.8301e-01
9.7902e-01
9.8313e-01
9.8280e-01
9.8062e-01
9.8054e-01
9.7373e-01
9.8242e-01
9.8404e-01
9.8335e-01
9.8197e-01
9.7869e-01
9.8313e-01
9.8215e-01
9.8017e-01
9.7768e-01
9.7856e-01
9.8310e-01
9.8269e-01
9.7949e-01
9.7017e-01
9.8171e-01
9.8079e-01
9.8026e-01
9.7921e-01
9.8245e-01
9.8357e-01
9.8530e-01
9.8266e-01
9.8408e-01
9.8152e-01
9.8213e-01
9.8167e-01
9.7958e-01
9.7938e-01
9.7854e-01
9.8199e-01
9.8144e-01
9.8065e-01
9.8216e-01
9.8058e-01
9.8122e-01
9.8253e-01
9.8118e-01
9.8229e-01
9.6752e-01
9.7984e-01
9.8064e-01
9.8288e-01
9.8154e-01
9.8258e-01
9.7917e-01
9.7929e-01
9.8027e-01
9.8258e-01
9.8133e-01
9.8401e-01
9.8145e-01
9.8030e-01
9.8028e-01
9.8052e-01
9.8385e-01
9.7887e-01
9.8183e-01
9.7832e-01
9.8354e-01
9.8165e-01
9.7995e-01
9.8172e-01
9.8273e-01
9.8176e-01
9.8024e-01
9.8374e-01
9.7413e-01
9.8118e-01
9.8201e-01
9.8079e-01
9.8124e-01
9.8068e-01
9.8469e-01
9.7963e-01
9.8188e-01
9.8200e-01
9.8428e-01
9.8169e-01
9.8319e-01
9.8128e-01
9.7840e-01
9.8348e-01
9.8368e-01
9.7624e-01
9.8377e-01
9.8078e-01
9.6985e-01
9.8151e-01
9.8189e-01
9.7743e-01
9.7855e-01
9.8055e-01
9.8140e-01
9.8189e-01
9.7966e-01
9.8098e-01
9.8439e-01
9.8039e-01
9.8205e-01
9.8239e-01
9.7932e-01
9.8094e-01
9.8102e-01
9.8232e-01
9.8286e-01
9.8028e-01
9.8269e-01
9.8011e-01
9.8146e-01
9.8153e-01
9.8090e-01
9.8316e-01
9.8310e-01
9.7575e-01
9.7591e-01
9.8292e-01
9.5984e-01
9.8261e-01
9.8213e-01
9.8329e-01
9.8119e-01
9.7959e-01
9.8166e-01
9.8031e-01
9.8061e-01
9.8078e-01
9.8331e-01
9.7174e-01
9.7994e-01
9.8246e-01
9.7529e-01
9.8104e-01
9.8023e-01
9.8006e-01
9.7995e-01
9.8046e-01
9.8083e-01
9.8170e-01
9.8269e-01
9.8483e-01
9.6879e-01
9.8245e-01
9.6953e-01
9.7797e-01
9.8215e-01
9.8206e-01
9.8174e-01
9.8171e-01
9.8005e-01
9.8055e-01
9.8015e-01
9.8398e-01
9.7183e-01
9.8196e-01
9.8088e-01
9.7912e-01
9.8367e-01
9.8290e-01
9.8435e-01
9.8305e-01
9.7929e-01
9.7977e-01
9.8139e-01
9.8264e-01
9.8208e-01
9.7986e-01
9.7856e-01
9.8054e-01
9.8146e-01
9.8185e-01
9.8192e-01
9.7978e-01
9.8311e-01
9.8233e-01
9.8311e-01
9.6963e-01
9.8303e-01
9.8005e-01
9.8147e-01
9.8124e-01
9.8341e-01
9.8159e-01
9.7946e-01
9.7872e-01
9.8163e-01
9.8245e-01
9.8187e-01
9.8356e-01
9.7313e-01
9.8285e-01
9.8273e-01
9.8297e-01
9.8075e-01
9.7796e-01
9.8096e-01
9.7976e-01
9.7899e-01
9.8121e-01
9.7850e-01
9.6733e-01
9.8237e-01
9.8147e-01
9.8088e-01
9.8069e-01
9.8126e-01
9.8111e-01
9.8244e-01
9.8282e-01
9.8164e-01
9.8268e-01
9.8174e-01
9.8265e-01
9.8211e-01
9.7817e-01
9.6853e-01
9.8157e-01
9.8125e-01
9.8290e-01
9.8225e-01
9.8222e-01
9.8220e-01
9.8224e-01
9.8108e-01
9.8224e-01
9.8124e-01
9.7912e-01
9.7964e-01
9.7831e-01
9.8093e-01
9.7897e-01
9.8119e-01
9.7980e-01
9.8181e-01
9.8306e-01
9.7830e-01
9.8033e-01
9.8421e-01
9.7984e-01
9.6944e-01
9.8290e-01
9.8160e-01
9.8139e-01
9.8142e-01
9.8179e-01
9.8102e-01
9.7844e-01
9.7939e-01
9.8036e-01
9.8150e-01
9.7911e-01
9.8215e-01
9.8279e-01
9.8110e-01
9.7942e-01
9.8407e-01
9.8133e-01
9.8173e-01
9.8183e-01
9.8108e-01
9.8294e-01
9.8194e-01
9.7764e-01
9.7936e-01
9.8027e-01
9.8145e-01
9.8188e-01
9.8119e-01
9.8432e-01
9.8119e-01
9.8229e-01
9.8072e-01
9.8195e-01
9.7012e-01
9.8326e-01
9.8210e-01
9.8328e-01
9.8104e-01
9.7216e-01
9.7945e-01
9.8272e-01
9.8270e-01
9.8350e-01
9.7774e-01
9.8427e-01
9.7926e-01
9.8142e-01
9.6794e-01
9.7936e-01
9.8181e-01
9.8223e-01
9.7309e-01
9.8190e-01
9.8118e-01
9.8171e-01
9.8053e-01
9.8242e-01
9.7839e-01
9.8346e-01
9.7962e-01
9.8018e-01
9.8150e-01
9.8276e-01
9.8067e-01
9.8217e-01
9.8312e-01
9.8237e-01
9.7935e-01
9.8194e-01
9.8154e-01
9.8322e-01
9.8350e-01
9.8243e-01
9.8042e-01
9.8368e-01
9.8106e-01
9.8014e-01
9.8356e-01
9.8269e-01
9.8368e-01
9.8128e-01
9.8276e-01
9.7993e-01
9.8012e-01
9.8162e-01
9.8218e-01
9.7947e-01
9.8350e-01
9.8336e-01
9.7906e-01
9.8432e-01
9.7849e-01
9.8225e-01
9.8078e-01
9.8333e-01
9.7922e-01
9.7998e-01
9.8230e-01
9.7887e-01
9.7901e-01
9.8064e-01
9.8159e-01
9.8334e-01
9.7784e-01
9.8098e-01
9.7131e-01
9.8225e-01
9.8301e-01
9.8493e-01
9.8263e-01
9.8191e-01
9.8256e-01
9.8253e-01
9.7492e-01
9.8194e-01
9.8317e-01
9.7957e-01
9.7880e-01
9.8101e-01
9.8209e-01
9.7905e-01
9.7999e-01
9.8362e-01
9.7986e-01
9.8294e-01
9.8375e-01
9.6769e-01
9.8087e-01
9.7991e-01
9.8057e-01
9.8192e-01
9.8272e-01
9.8079e-01
9.8244e-01
9.7106e-01
9.8154e-01
9.7928e-01
9.6897e-01
9.7908e-01
9.8210e-01
9.7949e-01
9.7103e-01
9.7964e-01
9.8381e-01
9.8227e-01
9.8269e-01
9.7861e-01
9.7068e-01
9.7275e-01
9.8156e-01
9.7605e-01
9.8274e-01
9.7069e-01
9.8387e-01
9.8202e-01
9.8097e-01
9.8086e-01
9.8229e-01
9.8103e-01
9.8041e-01
9.8082e-01
9.8052e-01
9.8194e-01
9.8226e-01
9.7988e-01
9.8232e-01
9.8243e-01
9.7826e-01
9.6201e-01
9.8332e-01
9.7954e-01
9.8044e-01
9.8338e-01
9.8233e-01
9.8094e-01
9.8169e-01
9.8268e-01
9.8143e-01
9.8040e-01
9.7884e-01
9.7896e-01
9.7986e-01
9.7995e-01
9.8307e-01
9.8131e-01
9.7910e-01
9.8229e-01
9.8060e-01
9.8214e-01
9.7914e-01
9.8100e-01
9.8118e-01
9.8103e-01
9.7974e-01
9.8238e-01
9.8303e-01
9.7957e-01
9.8008e-01
9.8018e-01
9.8059e-01
9.8192e-01
9.8235e-01
9.8157e-01
9.8096e-01
9.8280e-01
9.7489e-01
9.8162e-01
9.8232e-01
9.8257e-01
9.7920e-01
9.8341e-01
9.8072e-01
9.7824e-01
9.8097e-01
9.7862e-01
9.8296e-01
9.8136e-01
9.7909e-01
9.8153e-01
9.8071e-01
9.8190e-01
9.7955e-01
9.6667e-01
9.8158e-01
9.8211e-01
9.8009e-01
9.8198e-01
9.8170e-01
9.8335e-01
9.7133e-01
9.7981e-01
9.8158e-01
9.8225e-01
9.7910e-01
9.8240e-01
9.8174e-01
9.7883e-01
9.8313e-01
9.8205e-01
9.8268e-01
9.7834e-01
9.7986e-01
9.8113e-01
9.8380e-01
9.8111e-01
9.8241e-01
