9.8375e-01
9.8062e-01
9.8170e-01
9.8042e-01
9.8118e-01
9.8346e-01
9.8055e-01
9.7879e-01
9.8036e-01
9.8269e-01
9.8067e-01
9.8225e-01
9.8146e-01
9.8152e-01
9.8402e-01
9.8318e-01
9.9987e-01
9.8135e-01
9.8037e-01
9.7952e-01
9.8098e-01
9.8166e-01
9.8128e-01
9.7925e-01
9.8157e-01
9.8003e-01
9.8185e-01
9.8197e-01
9.8336e-01
9.8009e-01
9.8034e-01
9.7932e-01
9.8161e-01
9.8125e-01
9.8081e-01
9.8191e-01
9.8155e-01
9.8222e-01
9.8168e-01
9.8081e-01
9.7915e-01
9.8060e-01
9.8250e-01
9.8365e-01
9.8090e-01
9.8171e-01
9.8161e-01
9.8179e-01
9.8136e-01
9.8143e-01
9.8211e-01
9.8165e-01
9.8171e-01
9.8302e-01
9.8210e-01
9.8212e-01
9.8173e-01
9.8087e-01
9.8219e-01
9.7917e-01
9.8189e-01
9.8159e-01
9.8124e-01
9.8080e-01
9.8075e-01
9.8065e-01
9.8108e-01
9.8321e-01
9.8078e-01
9.8052e-01
9.7899e-01
9.8021e-01
9.8270e-01
9.8144e-01
9.8331e-01
9.8134e-01
9.8230e-01
9.8035e-01
9.8163e-01
9.8187e-01
9.8182e-01
9.8138e-01
9.8132e-01
9.8112e-01
9.8290e-01
9.8108e-01
9.8290e-01
9.8206e-01
9.8215e-01
9.8258e-01
9.7201e-01
9.8084e-01
9.8261e-01
9.7934e-01
9.8286e-01
9.8012e-01
9.8101e-01
9.8147e-01
9.8205e-01
9.8158e-01
9.8122e-01
9.8136e-01
9.8182e-01
9.8192e-01
9.8255e-01
9.8172e-01
9.7962e-01
9.8023e-01
9.8114e-01
9.8141e-01
9.7975e-01
9.8339e-01
9.8395e-01
9.8119e-01
9.8279e-01
9.8109e-01
9.8160e-01
9.8209e-01
9.8324e-01
9.8253e-01
9.8230e-01
9.8120e-01
9.8174e-01
9.8157e-01
9.8201e-01
9.7996e-01
9.8251e-01
9.8218e-01
9.8201e-01
9.8250e-01
9.8321e-01
9.8016e-01
9.8296e-01
9.8299e-01
9.8112e-01
9.8111e-01
9.7952e-01
9.8151e-01
9.8337e-01
9.8045e-01
9.8071e-01
9.8253e-01
9.8181e-01
9.8100e-01
9.8262e-01
9.8188e-01
9.8092e-01
9.8149e-01
9.8216e-01
9.8012e-01
9.8247e-01
9.8354e-01
9.8195e-01
9.8153e-01
9.7932e-01
9.8173e-01
9.8020e-01
9.8083e-01
9.8237e-01
9.8209e-01
9.7479e-01
9.8170e-01
9.8246e-01
9.7761e-01
9.8144e-01
9.8158e-01
9.8020e-01
9.8009e-01
9.8324e-01
9.8133e-01
9.8083e-01
9.8232e-01
9.8234e-01
9.8107e-01
9.8104e-01
9.8341e-01
9.8304e-01
9.8195e-01
9.8272e-01
9.8203e-01
9.8318e-01
9.8182e-01
9.8142e-01
9.8143e-01
9.8188e-01
9.8211e-01
9.8068e-01
9.8244e-01
9.8086e-01
9.8084e-01
9.8337e-01
9.8256e-01
9.8145e-01
9.8100e-01
9.8362e-01
9.8317e-01
9.8058e-01
9.8209e-01
9.8233e-01
9.8289e-01
9.8251e-01
9.8292e-01
9.8118e-01
9.8276e-01
9.8268e-01
9.8205e-01
9.8059e-01
9.8177e-01
9.8045e-01
9.8222e-01
9.8073e-01
9.8062e-01
9.8039e-01
9.8176e-01
9.8354e-01
9.8148e-01
9.7989e-01
9.8072e-01
9.7845e-01
9.8082e-01
9.7857e-01
9.8085e-01
9.8161e-01
9.8287e-01
9.8173e-01
9.8028e-01
9.8161e-01
9.8124e-01
9.8318e-01
9.8003e-01
9.8281e-01
9.8236e-01
9.7997e-01
9.8460e-01
9.8311e-01
9.8176e-01
9.8020e-01
9.8106e-01
9.8189e-01
9.6911e-01
9.8349e-01
9.8165e-01
9.8333e-01
9.8237e-01
9.8159e-01
9.8344e-01
9.8139e-01
9.8124e-01
9.7951e-01
9.8254e-01
9.7973e-01
9.8391e-01
9.8246e-01
9.8181e-01
9.8212e-01
9.8419e-01
9.8015e-01
9.8171e-01
9.8000e-01
9.8011e-01
9.8120e-01
9.8251e-01
9.8211e-01
9.8412e-01
9.8300e-01
9.8230e-01
9.8175e-01
9.8213e-01
9.8212e-01
9.8172e-01
9.7393e-01
9.8103e-01
9.8047e-01
9.8265e-01
9.7980e-01
9.8314e-01
9.8203e-01
9.7858e-01
9.8243e-01
9.8209e-01
9.8128e-01
9.8326e-01
9.8309e-01
9.8169e-01
9.8110e-01
9.8019e-01
9.8122e-01
9.8177e-01
9.7989e-01
9.8275e-01
9.8205e-01
9.8081e-01
9.8149e-01
9.8059e-01
9.7565e-01
9.8054e-01
9.8234e-01
9.8085e-01
9.8222e-01
9.8267e-01
9.8235e-01
9.8262e-01
9.8031e-01
9.8067e-01
9.8065e-01
9.7957e-01
9.8296e-01
9.8193e-01
9.6934e-01
9.8276e-01
9.7222e-01
9.8197e-01
9.8163e-01
9.7976e-01
9.8179e-01
9.8224e-01
9.8406e-01
9.7143e-01
9.8286e-01
9.8121e-01
9.8231e-01
9.8081e-01
9.8450e-01
9.8164e-01
9.8228e-01
9.8084e-01
9.8088e-01
9.8371e-01
9.8229e-01
9.8078e-01
9.8089e-01
9.8039e-01
9.8135e-01
9.7922e-01
9.8093e-01
9.8334e-01
9.7853e-01
9.8197e-01
9.8038e-01
9.8380e-01
9.8100e-01
9.8151e-01
9.8187e-01
9.8205e-01
9.8097e-01
9.8156e-01
9.8261e-01
9.8210e-01
9.8220e-01
9.8134e-01
9.8177e-01
9.8274e-01
9.8095e-01
9.8264e-01
9.7353e-01
9.8230e-01
9.8124e-01
9.7939e-01
9.8250e-01
9.8197e-01
9.8188e-01
9.8044e-01
9.8265e-01
9.7326e-01
9.8102e-01
9.8151e-01
9.8381e-01
9.8064e-01
9.8313e-01
9.8216e-01
9.8245e-01
9.8395e-01
9.8138e-01
9.8359e-01
9.8137e-01
9.8223e-01
9.8424e-01
9.7880e-01
9.7979e-01
9.8256e-01
9.8194e-01
9.8351e-01
9.8228e-01
9.8280e-01
9.7932e-01
9.8112e-01
9.8182e-01
9.8061e-01
9.8146e-01
9.8336e-01
9.8205e-01
9.8041e-01
9.8334e-01
9.8271e-01
9.7821e-01
9.8183e-01
9.8104e-01
9.8194e-01
9.8041e-01
9.8255e-01
9.8120e-01
9.8197e-01
9.7992e-01
9.8083e-01
9.7981e-01
9.8231e-01
9.8139e-01
9.8140e-01
9.8104e-01
9.8071e-01
9.8002e-01
9.8237e-01
9.8018e-01
9.8401e-01
9.8193e-01
9.8135e-01
9.7998e-01
9.8070e-01
9.8149e-01
9.8267e-01
9.8152e-01
9.8294e-01
9.8369e-01
9.8203e-01
9.8237e-01
9.8104e-01
9.8078e-01
9.8208e-01
9.8172e-01
9.8162e-01
9.8320e-01
9.8187e-01
9.8179e-01
9.8101e-01
9.8092e-01
9.8268e-01
9.8210e-01
9.8311e-01
9.8119e-01
9.8179e-01
9.7935e-01
9.8196e-01
9.8157e-01
9.8284e-01
9.7754e-01
9.8107e-01
9.8297e-01
9.8052e-01
9.8229e-01
9.8149e-01
9.8360e-01
9.8237e-01
9.8019e-01
9.8101e-01
9.8218e-01
9.7980e-01
9.8127e-01
9.8141e-01
9.8142e-01
9.8272e-01
9.8275e-01
9.8102e-01
9.8116e-01
9.8024e-01
9.8118e-01
9.8312e-01
9.8088e-01
9.7103e-01
9.8125e-01
9.8223e-01
9.8187e-01
9.8139e-01
9.7858e-01
9.8156e-01
9.8086e-01
9.8140e-01
9.8214e-01
9.8047e-01
9.8169e-01
9.8249e-01
9.7989e-01
9.8365e-01
9.8170e-01
9.8317e-01
9.8216e-01
9.8299e-01
9.8300e-01
9.8229e-01
9.8087e-01
9.8134e-01
9.8370e-01
9.8129e-01
9.8159e-01
9.8117e-01
9.8081e-01
9.7229e-01
9.8209e-01
9.7993e-01
9.8115e-01
9.7956e-01
9.8236e-01
9.7914e-01
9.8383e-01
9.8382e-01
9.8148e-01
9.8314e-01
9.8061e-01
9.8330e-01
9.8072e-01
9.7977e-01
9.8108e-01
9.8217e-01
9.8122e-01
9.7984e-01
9.8280e-01
9.8171e-01
9.8259e-01
9.8202e-01
9.7900e-01
9.8233e-01
9.8195e-01
9.8099e-01
9.8318e-01
9.8082e-01
9.7995e-01
9.8072e-01
9.8305e-01
9.8141e-01
9.8030e-01
9.8358e-01
9.8194e-01
9.8193e-01
9.8339e-01
9.8217e-01
9.8069e-01
9.8183e-01
9.8195e-01
9.8317e-01
9.8047e-01
9.8072e-01
9.8235e-01
9.8173e-01
9.8156e-01
9.8214e-01
9.8234e-01
9.8067e-01
9.8046e-01
9.7992e-01
9.8326e-01
9.7973e-01
9.8178e-01
9.8195e-01
9.7946e-01
9.8064e-01
9.8313e-01
9.8178e-01
9.8250e-01
9.8427e-01
9.8227e-01
9.8159e-01
9.8294e-01
9.8179e-01
9.7996e-01
9.8286e-01
9.8181e-01
9.8026e-01
9.8238e-01
9.8325e-01
9.8122e-01
9.8220e-01
9.8312e-01
9.8174e-01
9.8226e-01
9.8295e-01
9.8215e-01
9.7978e-01
9.7987e-01
9.8195e-01
9.8257e-01
9.8251e-01
9.7927e-01
9.8133e-01
9.8189e-01
9.8355e-01
9.8322e-01
9.8210e-01
9.8269e-01
9.7994e-01
9.7951e-01
9.8122e-01
9.8234e-01
9.8402e-01
9.8362e-01
9.7997e-01
9.8303e-01
9.8232e-01
9.8140e-01
9.8209e-01
9.8092e-01
9.8152e-01
9.8395e-01
9.8272e-01
9.8107e-01
9.8035e-01
9.8038e-01
9.7251e-01
9.8060e-01
9.8082e-01
9.8132e-01
9.7850e-01
9.8008e-01
9.8172e-01
9.8087e-01
9.8074e-01
9.7971e-01
9.8285e-01
9.8405e-01
9.8090e-01
9.8112e-01
9.8056e-01
9.8057e-01
9.8185e-01
9.8071e-01
9.8023e-01
9.8148e-01
9.8110e-01
9.7180e-01
9.8111e-01
9.8370e-01
9.8328e-01
9.8134e-01
9.8130e-01
9.8013e-01
9.8039e-01
9.8195e-01
9.8190e-01
9.8201e-01
9.8205e-01
9.8089e-01
9.7866e-01
9.8295e-01
9.7086e-01
9.8248e-01
9.8252e-01
9.8176e-01
9.8232e-01
9.8099e-01
9.8241e-01
9.8201e-01
9.8090e-01
9.8244e-01
9.8074e-01
9.8071e-01
9.7860e-01
9.8019e-01
9.7916e-01
9.8135e-01
9.8049e-01
9.8034e-01
9.8116e-01
9.8172e-01
9.7969e-01
9.8206e-01
9.8267e-01
9.8212e-01
9.8209e-01
9.8344e-01
9.8213e-01
9.7955e-01
9.7995e-01
9.8233e-01
9.8127e-01
9.8103e-01
9.8361e-01
9.8061e-01
9.8012e-01
9.8251e-01
9.8284e-01
9.8089e-01
9.8374e-01
9.8079e-01
9.8133e-01
9.8079e-01
9.8062e-01
9.8240e-01
9.8108e-01
9.8166e-01
9.8319e-01
9.8249e-01
9.8175e-01
9.7964e-01
9.8112e-01
9.8410e-01
9.8071e-01
9.8156e-01
9.8301e-01
9.8193e-01
9.8136e-01
9.7962e-01
9.8009e-01
9.8175e-01
9.8136e-01
9.8270e-01
9.8042e-01
9.8084e-01
9.8226e-01
9.8184e-01
9.8151e-01
9.7382e-01
9.8256e-01
9.8142e-01
9.7990e-01
9.8303e-01
9.8362e-01
9.8275e-01
9.8126e-01
9.8064e-01
9.8081e-01
9.7979e-01
9.8165e-01
9.8225e-01
9.8229e-01
9.8204e-01
9.8156e-01
9.8075e-01
9.8276e-01
9.8217e-01
9.8230e-01
9.8023e-01
9.8292e-01
9.7991e-01
9.8383e-01
9.8091e-01
9.8143e-01
9.8024e-01
9.8237e-01
9.8282e-01
9.8015e-01
9.8016e-01
9.8261e-01
9.8174e-01
9.8215e-01
9.8137e-01
9.8081e-01
9.8152e-01
9.8202e-01
9.8242e-01
9.8045e-01
9.8135e-01
9.8066e-01
9.7979e-01
9.8180e-01
9.8380e-01
9.8236e-01
9.8292e-01
9.8145e-01
9.8274e-01
9.8257e-01
9.8395e-01
9.7936e-01
9.8156e-01
9.8037e-01
9.8158e-01
9.8128e-01
9.8113e-01
9.8220e-01
9.8052e-01
9.8152e-01
9.8019e-01
9.7097e-01
9.8393e-01
9.8241e-01
9.8091e-01
9.8336e-01
9.8232e-01
9.8439e-01
9.8191e-01
9.8280e-01
9.8214e-01
9.8154e-01
9.8023e-01
9.7977e-01
9.8123e-01
9.8185e-01
9.8422e-01
9.8313e-01
9.8089e-01
9.8120e-01
9.8079e-01
9.7900e-01
9.8159e-01
9.8357e-01
9.8021e-01
9.8096e-01
9.8166e-01
9.8212e-01
9.8007e-01
9.8115e-01
9.7386e-01
9.8202e-01
9.8052e-01
9.8202e-01
9.8166e-01
9.8174e-01
9.8101e-01
9.8211e-01
9.8298e-01
9.8260e-01
9.8267e-01
9.8282e-01
9.8034e-01
9.8044e-01
9.7876e-01
9.7974e-01
9.8028e-01
9.8245e-01
9.8252e-01
9.8151e-01
9.8202e-01
9.8006e-01
9.7574e-01
9.8020e-01
9.8260e-01
9.8202e-01
9.8266e-01
9.8178e-01
9.8012e-01
9.8260e-01
9.8191e-01
9.8068e-01
9.8276e-01
9.8283e-01
9.8185e-01
9.8307e-01
9.8358e-01
9.8353e-01
9.8215e-01
9.8127e-01
9.8214e-01
9.7821e-01
9.8462e-01
9.8225e-01
9.8227e-01
9.8120e-01
9.8154e-01
9.8206e-01
9.8107e-01
9.8181e-01
9.7307e-01
9.8041e-01
9.7909e-01
9.7960e-01
9.8113e-01
9.8212e-01
9.8123e-01
9.8253e-01
9.8293e-01
9.8137e-01
9.8157e-01
9.8209e-01
9.8166e-01
9.7971e-01
9.7254e-01
9.8046e-01
9.8029e-01
9.8157e-01
9.8094e-01
9.8150e-01
9.8133e-01
9.8319e-01
9.7991e-01
9.8134e-01
9.8293e-01
9.8251e-01
9.8149e-01
9.8235e-01
9.8091e-01
9.8277e-01
9.8456e-01
9.8349e-01
9.8121e-01
9.8171e-01
9.8121e-01
9.7965e-01
9.8160e-01
9.8319e-01
9.8171e-01
9.8056e-01
9.8134e-01
9.8122e-01
9.8104e-01
9.8011e-01
9.8006e-01
9.8194e-01
9.8245e-01
9.8187e-01
9.7950e-01
9.8222e-01
9.8224e-01
9.8331e-01
9.8343e-01
9.7225e-01
9.8255e-01
9.8275e-01
9.8406e-01
9.8179e-01
9.7934e-01
9.8405e-01
9.8335e-01
9.8276e-01
9.8105e-01
9.8131e-01
9.8145e-01
9.7942e-01
9.8371e-01
9.8129e-01
9.8208e-01
9.8310e-01
9.8141e-01
9.8165e-01
9.8065e-01
9.8117e-01
9.8191e-01
9.8133e-01
9.8229e-01
9.8192e-01
9.8327e-01
9.8288e-01
9.8230e-01
9.8270e-01
9.8157e-01
9.8187e-01
9.8063e-01
9.8067e-01
9.8083e-01
9.8145e-01
9.8227e-01
9.8112e-01
9.8115e-01
9.8143e-01
9.8054e-01
9.8186e-01
9.8232e-01
9.8201e-01
9.8142e-01
9.8211e-01
9.8068e-01
9.7905e-01
9.8008e-01
9.8423e-01
9.8045e-01
9.8127e-01
9.8028e-01
9.8117e-01
9.8151e-01
9.8065e-01
9.8201e-01
9.8012e-01
9.8300e-01
9.8185e-01
9.8274e-01
9.8219e-01
9.8372e-01
9.8128e-01
9.8117e-01
9.8225e-01
9.8339e-01
9.8055e-01
9.8142e-01
9.8385e-01
9.8037e-01
9.8003e-01
9.8167e-01
9.8034e-01
9.8263e-01
9.8116e-01
9.8293e-01
9.8181e-01
9.8339e-01
9.8070e-01
9.7680e-01
9.8234e-01
9.8202e-01
9.8069e-01
9.8136e-01
9.8222e-01
9.8207e-01
9.8274e-01
9.8263e-01
9.8150e-01
9.8000e-01
9.8079e-01
9.8086e-01
9.8295e-01
9.8147e-01
9.8231e-01
9.8286e-01
9.8135e-01
9.8012e-01
9.8118e-01
