#
# Lumi (/fb)  Error (relative)
#
0.042778         0.048
#0.0418556       0.12
#0.044136       0.12 
#
# Quantity     W+(mu)    W-(mu)    W(mu)     Z(mu)     W+(e)     W-(e)     W(e)      Z(e)
#
yield          167709    131246    298995    23666     122320   98206    220526  15288
yield_err      826       914       1232      154       979      950      1364     124
acc_x_sf       0.3453    0.3604    0.3517    0.2915    0.2510    0.2645   0.2577  0.1862 
acc_x_sf_err   0.0023    0.0023    0.0023    0.0023    0.0035    0.0033   0.0034  0.0016
#
# Systematic   W+(mu)   W-(mu)    W(mu)    Z(mu)  W+/W-(mu) W/Z(mu)  W+(e)    W-(e)    W(e)     Z(e)     W+/W-(e) W/Z(e)  W+/Z(e)  W-/Z(e) W+/Z(mu)  W-/Z(mu) 
#
lepton_eff     0.0120   0.0115   0.0118   0.0179   0.0004   0.0061   0.0133   0.0137   0.0134   0.0226   0.0027   0.0094  0.0101   0.0088  0.0058    0.0062
binning_eff    0.0132   0.0103   0.0119   0.0105   0.0029   0.0014   0.0089   0.0079   0.0085   0.0072   0.0010   0.0013  0.0017   0.0006  0.0026    0.0002
charge_mis     0.0000   0.0000   0.0000   0.0000   0.0000   0.0000   0.0020   0.0026   0.0000   0.0000   0.0046   0.0000  0.0020   0.0026  0.0000    0.0000
bkg_a1_const   0.0062   0.0062   0.0062   0.0000   0.0039   0.0062   0.0094   0.0094   0.0094   0.0000   0.0071   0.0094  0.0094   0.0094  0.0062    0.0062
bkg_model      0.0012   0.0012   0.0012   0.0055   0.0005   0.0056   0.0100   0.0100   0.0100   0.0064   0.0057   0.0119  0.0119   0.0119  0.0056    0.0056 
acc_nnlo       0.0167   0.0108   0.0096   0.0091   0.0178   0.0051   0.0121   0.0100   0.0111   0.0081   0.0155   0.0051  0.0118   0.0038  0.0126    0.0057
acc_qcdscale   0.0041   0.0083   0.0032   0.0057   0.0100   0.0092   0.0022   0.0030   0.0021   0.0090   0.0033   0.0100  0.0090   0.0120  0.0090    0.0110
acc_pdf        0.0074   0.0062   0.0065   0.0071   0.0057   0.0042   0.0069   0.0061   0.0061   0.0068   0.0052   0.0043  0.0050   0.0040  0.0050    0.0040
acc_fsr        0.0064   0.0032   0.0050   0.0055   0.0032   0.0084   0.0064   0.0032   0.0050   0.0055   0.0032   0.0084  0.0097   0.0065  0.0097    0.0065 
acc_ewk        0.0018   0.0062   0.0019   0.0060   0.0074   0.0080   0.0018   0.0062   0.0019   0.0060   0.0074   0.0080  0.0060   0.0120  0.0060    0.0120

