Efficiency Table:
-----------------
           [   0, 0.8][ 0.8, 1.2][ 1.2, 2.1]
[  30,  50] 0.9968100  0.9969700  0.9952432 
[  50,8000] 0.9968012  0.9933168  0.9958055 

Low Errors Table:
-----------------
           [   0, 0.8][ 0.8, 1.2][ 1.2, 2.1]
[  30,  50] 0.0002480  0.0000320  0.0003229 
[  50,8000] 0.0007954  0.0012611  0.0002518 

High Errors Table:
------------------
           [   0, 0.8][ 0.8, 1.2][ 1.2, 2.1]
[  30,  50] 0.0002480  0.0000320  0.0003229 
[  50,8000] 0.0007954  0.0012611  0.0002518 


Efficiency:
-----------
[-3.2, 3.2]
 0.9964000 

Low Errors:
-----------
[-3.2, 3.2]
 0.0002260 

High Errors:
------------
[-3.2, 3.2]
 0.0002230 


