Efficiency Table:
-----------------
           [   0, 0.8][ 0.8, 1.2][ 1.2, 2.1]
[  30,  50] 0.9789627  0.9694920  0.9661768 
[  50,8000] 0.9723811  0.9806130  0.9580149 

Low Errors Table:
-----------------
           [   0, 0.8][ 0.8, 1.2][ 1.2, 2.1]
[  30,  50] 0.0007101  0.0002949  0.0019570 
[  50,8000] 0.0067749  0.0043025  0.0046286 

High Errors Table:
------------------
           [   0, 0.8][ 0.8, 1.2][ 1.2, 2.1]
[  30,  50] 0.0007101  0.0002949  0.0019570 
[  50,8000] 0.0061054  0.0041637  0.0046286 


Efficiency:
-----------
[-3.2, 3.2]
 0.9784406 

Low Errors:
-----------
[-3.2, 3.2]
 0.0049880 

High Errors:
------------
[-3.2, 3.2]
 0.0049880 


