Efficiency Table:
-----------------
           [-2.5,-1.5][-1.5,-0.5][-0.5, 0.5][ 0.5, 1.5][ 1.5, 2.5]
[  30,  60] 0.6941769  0.8241402  0.8203869  0.8176236  0.6840421 
[  60,8000] 0.7691741  0.8544662  0.8571343  0.8591826  0.7708325 

Low Errors Table:
-----------------
           [-2.5,-1.5][-1.5,-0.5][-0.5, 0.5][ 0.5, 1.5][ 1.5, 2.5]
[  30,  60] 0.0027901  0.0021051  0.0013545  0.0011907  0.0031788 
[  60,8000] 0.0170643  0.0140854  0.0078445  0.0082496  0.0132330 

High Errors Table:
------------------
           [-2.5,-1.5][-1.5,-0.5][-0.5, 0.5][ 0.5, 1.5][ 1.5, 2.5]
[  30,  60] 0.0027901  0.0021051  0.0013545  0.0011907  0.0031788 
[  60,8000] 0.0170643  0.0140854  0.0078445  0.0082496  0.0132330 


Efficiency:
-----------
[-3.2, 3.2]
 0.7916345 

Low Errors:
-----------
[-3.2, 3.2]
 0.0012851 

High Errors:
------------
[-3.2, 3.2]
 0.0012851 


