Efficiency Table:
-----------------
           [-2.1,-1.2][-1.2,-0.8][-0.8,   0][   0, 0.8][ 0.8, 1.2][ 1.2, 2.1]
[  30,  50] 0.9147000  0.9081400  0.8998200  0.8997500  0.9049300  0.9191600 
[  50,  70] 0.9403600  0.9421800  0.9445500  0.9368500  0.9337948  0.9427100 
[  70,8000] 0.9484200  0.9526300  0.9457200  0.9571800  0.9200200  0.9461900 

Low Errors Table:
-----------------
           [-2.1,-1.2][-1.2,-0.8][-0.8,   0][   0, 0.8][ 0.8, 1.2][ 1.2, 2.1]
[  30,  50] 0.0003430  0.0001680  0.0001710  0.0000562  0.0002080  0.0008940 
[  50,  70] 0.0029600  0.0034200  0.0024800  0.0026200  0.0035443  0.0029600 
[  70,8000] 0.0084500  0.0092000  0.0061700  0.0057200  0.0159000  0.0089600 

High Errors Table:
------------------
           [-2.1,-1.2][-1.2,-0.8][-0.8,   0][   0, 0.8][ 0.8, 1.2][ 1.2, 2.1]
[  30,  50] 0.0003430  0.0001680  0.0001710  0.0000562  0.0002080  0.0008940 
[  50,  70] 0.0029600  0.0034200  0.0024800  0.0026200  0.0035443  0.0029600 
[  70,8000] 0.0084500  0.0092000  0.0061700  0.0057200  0.0159000  0.0089600 


Efficiency:
-----------
[-3.2, 3.2]
 0.9118200 

Low Errors:
-----------
[-3.2, 3.2]
 0.0004850 

High Errors:
------------
[-3.2, 3.2]
 0.0004850 


