9.6600e-01
9.7573e-01
9.7973e-01
9.7669e-01
9.6063e-01
9.5621e-01
9.2013e-01
9.7309e-01
9.4998e-01
9.5003e-01
9.6354e-01
9.6569e-01
9.3516e-01
9.5142e-01
9.6836e-01
9.5942e-01
9.7216e-01
9.7144e-01
9.7117e-01
9.5257e-01
9.6183e-01
9.6011e-01
9.4224e-01
9.5907e-01
9.6231e-01
9.6763e-01
9.5769e-01
9.6473e-01
9.5565e-01
9.5603e-01
9.5890e-01
9.7169e-01
9.5738e-01
9.5632e-01
9.5773e-01
9.6350e-01
9.5939e-01
9.6454e-01
9.6511e-01
9.6823e-01
9.7200e-01
9.6932e-01
9.5529e-01
9.7962e-01
9.6549e-01
9.7884e-01
9.5305e-01
9.7219e-01
9.6234e-01
9.6559e-01
9.7638e-01
9.6597e-01
9.4426e-01
9.6579e-01
9.3489e-01
9.7531e-01
9.7018e-01
9.5855e-01
9.4131e-01
9.6301e-01
9.5247e-01
9.6789e-01
9.6175e-01
9.6506e-01
9.4810e-01
9.6924e-01
9.6014e-01
9.7143e-01
9.7995e-01
9.5409e-01
9.7379e-01
9.4555e-01
9.5490e-01
9.7301e-01
9.7167e-01
9.7381e-01
9.7087e-01
9.6885e-01
8.4790e-01
9.7127e-01
9.4818e-01
9.6256e-01
9.6722e-01
9.6803e-01
9.5800e-01
9.5386e-01
9.8003e-01
9.5235e-01
9.6525e-01
9.6041e-01
9.6439e-01
9.6316e-01
9.6198e-01
9.6653e-01
9.6999e-01
9.6022e-01
9.5642e-01
9.9066e-01
1.0000e+00
9.6062e-01
9.6003e-01
9.5482e-01
9.5245e-01
9.6103e-01
9.6806e-01
9.7016e-01
9.6743e-01
9.7092e-01
9.6979e-01
9.6728e-01
9.6530e-01
9.5538e-01
9.6929e-01
9.5525e-01
9.4363e-01
9.3994e-01
9.7986e-01
9.6614e-01
9.6482e-01
9.6668e-01
9.6156e-01
9.7284e-01
9.4094e-01
9.7029e-01
9.7770e-01
9.6724e-01
9.6514e-01
9.5926e-01
9.5977e-01
9.6646e-01
9.6210e-01
9.8004e-01
9.6365e-01
9.7349e-01
9.7156e-01
9.6539e-01
9.6045e-01
9.8611e-01
9.5888e-01
9.6026e-01
9.7181e-01
9.7013e-01
9.4966e-01
9.5745e-01
9.6116e-01
9.6339e-01
9.5822e-01
9.5957e-01
9.6671e-01
9.7380e-01
9.6513e-01
9.3849e-01
9.5984e-01
9.6258e-01
9.6666e-01
9.5772e-01
9.6176e-01
9.7592e-01
9.6229e-01
9.5183e-01
9.4841e-01
9.6612e-01
9.6065e-01
9.6024e-01
9.5946e-01
9.5904e-01
9.6816e-01
9.7011e-01
8.8823e-01
9.7449e-01
8.6021e-01
9.7035e-01
9.7755e-01
8.7585e-01
9.6099e-01
9.5757e-01
9.7464e-01
9.7184e-01
9.6698e-01
9.6000e-01
9.5951e-01
9.6576e-01
9.6862e-01
9.7864e-01
9.5353e-01
9.6666e-01
9.6128e-01
9.6140e-01
9.4276e-01
9.6798e-01
9.6472e-01
9.6718e-01
9.6256e-01
9.7407e-01
9.6422e-01
9.6036e-01
9.4282e-01
9.6735e-01
9.5109e-01
9.6295e-01
9.7102e-01
9.7172e-01
9.6324e-01
9.4632e-01
9.6407e-01
9.7124e-01
9.6144e-01
9.6048e-01
9.7652e-01
9.7438e-01
9.6869e-01
9.6386e-01
9.5234e-01
9.7376e-01
9.4863e-01
9.6066e-01
9.7170e-01
9.4910e-01
9.7119e-01
9.6243e-01
9.4938e-01
9.7214e-01
9.6776e-01
9.6142e-01
9.6023e-01
9.5801e-01
9.6083e-01
9.5267e-01
9.6311e-01
9.6781e-01
9.6860e-01
9.5374e-01
9.7563e-01
9.6920e-01
9.7073e-01
9.6217e-01
9.5899e-01
9.6698e-01
9.5608e-01
9.6265e-01
9.5744e-01
9.7165e-01
9.6289e-01
9.8472e-01
9.5979e-01
9.5631e-01
9.6613e-01
9.6800e-01
9.6063e-01
9.6505e-01
9.6495e-01
9.6179e-01
9.4876e-01
9.6601e-01
9.7224e-01
9.5176e-01
9.7134e-01
9.7143e-01
9.5661e-01
9.6622e-01
9.6473e-01
9.5409e-01
9.8157e-01
9.6181e-01
9.7870e-01
9.6601e-01
9.6032e-01
9.6360e-01
9.6829e-01
9.6739e-01
9.6994e-01
9.7414e-01
9.6423e-01
9.6684e-01
9.6416e-01
9.5046e-01
9.5707e-01
9.6915e-01
9.7147e-01
9.6687e-01
9.6356e-01
9.6534e-01
9.7481e-01
9.6270e-01
9.7241e-01
9.5674e-01
9.4724e-01
8.6916e-01
9.7087e-01
9.7340e-01
9.7267e-01
9.6835e-01
9.6978e-01
9.5281e-01
9.6901e-01
9.5065e-01
9.6396e-01
9.7718e-01
9.7385e-01
9.7645e-01
9.6763e-01
9.6824e-01
9.5575e-01
9.6655e-01
9.5659e-01
9.6748e-01
9.6688e-01
9.5919e-01
9.6528e-01
9.7553e-01
9.6053e-01
9.6341e-01
9.5931e-01
9.5288e-01
9.5746e-01
9.6782e-01
9.5497e-01
9.7731e-01
9.5815e-01
9.6435e-01
9.6419e-01
9.4294e-01
9.6572e-01
9.5829e-01
9.5639e-01
9.5809e-01
9.5696e-01
9.6534e-01
9.7303e-01
9.6209e-01
9.5346e-01
9.8717e-01
9.2569e-01
9.5052e-01
9.6649e-01
9.7320e-01
9.7332e-01
9.6245e-01
9.5247e-01
9.6490e-01
9.6294e-01
9.6258e-01
9.7113e-01
9.5789e-01
9.5191e-01
9.7238e-01
9.6436e-01
9.5495e-01
9.6602e-01
9.6505e-01
9.6364e-01
9.6214e-01
9.5077e-01
9.6570e-01
9.5300e-01
9.5397e-01
9.6336e-01
9.5648e-01
9.7276e-01
9.5531e-01
9.5817e-01
9.6627e-01
9.7635e-01
9.5221e-01
9.6459e-01
9.6437e-01
9.7339e-01
9.6667e-01
9.7390e-01
9.6930e-01
9.6542e-01
9.4933e-01
9.6665e-01
9.6524e-01
9.5161e-01
9.7105e-01
9.5318e-01
9.6618e-01
9.5063e-01
9.6832e-01
9.5889e-01
9.5641e-01
9.5551e-01
9.6585e-01
9.5337e-01
9.6747e-01
9.6448e-01
9.6301e-01
9.6938e-01
9.6447e-01
9.4330e-01
9.5456e-01
9.5136e-01
9.6208e-01
9.6564e-01
9.5008e-01
9.4047e-01
9.5525e-01
9.7191e-01
9.5065e-01
9.6457e-01
9.5175e-01
9.6843e-01
9.4572e-01
9.6615e-01
9.5958e-01
8.9276e-01
9.7258e-01
9.5878e-01
9.6513e-01
9.5788e-01
9.6327e-01
8.7444e-01
9.6584e-01
9.7233e-01
9.6458e-01
9.6825e-01
9.7391e-01
9.5844e-01
9.5184e-01
9.6865e-01
9.4897e-01
8.6517e-01
9.6470e-01
9.5628e-01
9.6255e-01
9.5401e-01
9.5156e-01
9.5350e-01
9.5920e-01
9.6860e-01
9.6496e-01
9.7315e-01
9.6730e-01
9.6638e-01
9.7442e-01
9.5933e-01
9.6743e-01
9.6482e-01
9.6445e-01
9.6094e-01
9.7977e-01
9.5900e-01
9.7245e-01
9.4448e-01
9.5902e-01
9.5704e-01
9.6977e-01
9.4464e-01
9.5267e-01
9.6553e-01
9.5178e-01
9.6003e-01
9.6763e-01
9.6335e-01
9.6248e-01
9.5164e-01
9.7210e-01
9.7121e-01
9.4187e-01
9.7700e-01
9.6214e-01
9.6277e-01
9.6801e-01
9.6537e-01
9.7387e-01
9.6185e-01
9.5974e-01
9.6406e-01
9.7482e-01
9.7322e-01
9.5660e-01
9.6054e-01
9.5697e-01
9.6362e-01
9.5891e-01
9.4981e-01
9.7094e-01
9.7128e-01
9.6242e-01
9.5961e-01
9.6343e-01
9.6857e-01
9.7168e-01
9.7721e-01
9.7090e-01
9.6123e-01
9.6169e-01
9.6708e-01
9.6976e-01
9.7927e-01
9.6812e-01
9.6665e-01
9.6471e-01
9.8835e-01
9.6345e-01
9.9122e-01
9.6730e-01
9.6549e-01
9.6545e-01
9.7348e-01
9.5920e-01
9.5706e-01
1.0000e+00
9.7660e-01
9.5739e-01
9.7267e-01
9.5232e-01
9.8068e-01
9.6697e-01
9.4771e-01
9.6047e-01
9.5803e-01
9.5433e-01
9.5885e-01
9.6118e-01
9.6030e-01
9.6002e-01
9.4112e-01
8.6256e-01
9.6130e-01
9.5354e-01
9.5368e-01
9.5500e-01
9.5174e-01
9.6094e-01
9.5464e-01
9.6771e-01
9.6224e-01
9.5603e-01
9.1031e-01
9.5370e-01
9.6153e-01
9.4704e-01
9.5220e-01
9.6913e-01
9.5690e-01
8.9992e-01
9.7573e-01
9.6378e-01
9.6547e-01
9.6317e-01
9.5639e-01
9.6329e-01
9.7920e-01
9.4237e-01
9.6573e-01
9.6535e-01
9.6501e-01
9.5399e-01
9.4150e-01
9.7850e-01
9.6105e-01
8.7860e-01
9.6779e-01
9.6945e-01
9.5604e-01
9.5640e-01
9.7257e-01
9.6528e-01
9.6232e-01
9.6665e-01
9.3572e-01
9.7030e-01
9.6075e-01
1.0000e+00
9.5817e-01
9.6469e-01
9.5995e-01
9.6837e-01
9.7292e-01
9.8267e-01
9.6309e-01
9.6703e-01
9.7970e-01
9.9999e-01
9.5689e-01
9.7530e-01
9.6395e-01
9.6511e-01
9.7013e-01
9.6488e-01
9.4990e-01
9.6605e-01
9.6426e-01
9.4752e-01
9.6904e-01
9.6665e-01
9.5674e-01
9.5590e-01
8.8004e-01
9.6928e-01
9.6491e-01
9.5921e-01
9.6714e-01
9.6595e-01
9.5772e-01
9.6382e-01
9.7255e-01
9.6886e-01
9.6548e-01
9.5867e-01
9.5775e-01
9.5658e-01
9.8021e-01
9.6419e-01
9.6581e-01
9.7173e-01
9.3938e-01
9.7316e-01
9.7720e-01
9.6592e-01
9.6473e-01
9.5116e-01
9.0168e-01
9.7443e-01
9.6852e-01
9.6858e-01
9.6563e-01
9.6050e-01
9.6974e-01
9.7764e-01
9.5871e-01
9.6365e-01
9.6292e-01
9.6322e-01
9.4719e-01
9.6638e-01
9.4976e-01
9.4973e-01
8.9018e-01
9.6859e-01
9.6480e-01
9.6246e-01
9.6243e-01
9.8568e-01
9.7661e-01
9.6607e-01
9.2747e-01
9.6922e-01
9.6604e-01
9.6537e-01
9.7621e-01
9.5970e-01
9.6651e-01
9.7174e-01
9.6911e-01
9.6059e-01
9.5903e-01
9.6769e-01
9.7039e-01
9.7534e-01
9.5419e-01
9.4796e-01
9.3223e-01
9.5375e-01
9.8019e-01
9.6614e-01
9.5988e-01
9.6757e-01
9.5829e-01
9.5986e-01
9.7245e-01
9.5494e-01
9.6241e-01
9.6193e-01
8.7899e-01
9.6207e-01
9.5910e-01
9.5312e-01
9.6872e-01
9.5702e-01
9.6508e-01
9.7509e-01
9.5833e-01
9.6623e-01
9.6244e-01
9.7667e-01
9.7033e-01
9.4477e-01
9.7031e-01
9.7375e-01
9.6035e-01
9.5919e-01
9.5825e-01
9.6855e-01
9.5951e-01
9.6652e-01
9.6862e-01
9.6420e-01
9.6376e-01
9.6300e-01
9.5427e-01
9.6371e-01
9.6932e-01
9.5885e-01
9.6998e-01
9.6885e-01
9.5184e-01
9.6307e-01
9.6101e-01
9.6628e-01
9.6526e-01
9.7612e-01
9.5625e-01
9.6854e-01
9.4938e-01
9.4296e-01
9.6837e-01
9.6592e-01
9.7100e-01
9.4987e-01
9.4928e-01
9.5166e-01
9.6973e-01
9.7649e-01
9.6106e-01
9.5414e-01
9.5553e-01
9.6531e-01
9.0945e-01
9.6484e-01
9.6598e-01
9.4739e-01
9.6562e-01
9.7160e-01
9.7250e-01
9.6205e-01
9.6344e-01
9.7034e-01
9.4209e-01
9.5848e-01
9.5094e-01
9.6637e-01
9.6649e-01
9.6672e-01
9.5991e-01
9.6288e-01
9.5407e-01
9.6250e-01
9.6051e-01
9.6416e-01
9.6537e-01
9.6267e-01
8.7658e-01
9.7559e-01
9.6975e-01
9.6028e-01
9.6081e-01
9.5786e-01
9.7162e-01
9.6523e-01
9.3971e-01
9.6943e-01
9.6538e-01
9.7140e-01
9.6534e-01
9.7026e-01
9.5704e-01
9.5918e-01
9.5771e-01
9.6815e-01
9.7027e-01
9.5206e-01
9.7494e-01
9.6111e-01
9.6440e-01
9.6116e-01
9.9024e-01
9.7176e-01
9.5726e-01
9.6295e-01
9.4606e-01
9.7016e-01
9.5409e-01
9.6698e-01
9.7082e-01
9.7384e-01
9.5933e-01
9.6215e-01
9.7030e-01
9.6555e-01
9.6545e-01
9.4912e-01
9.7134e-01
9.7146e-01
9.8845e-01
9.5551e-01
9.6621e-01
9.6560e-01
9.7028e-01
9.6491e-01
9.6352e-01
9.5528e-01
9.7010e-01
9.6348e-01
9.5365e-01
9.5953e-01
9.7311e-01
9.6930e-01
9.4410e-01
9.7749e-01
8.8641e-01
9.5571e-01
9.5631e-01
9.4791e-01
9.5032e-01
9.6925e-01
9.4410e-01
9.7065e-01
9.4770e-01
9.4084e-01
9.6524e-01
9.7092e-01
9.6754e-01
9.5863e-01
9.5277e-01
9.6130e-01
9.5758e-01
9.7561e-01
9.6787e-01
9.5548e-01
9.6859e-01
9.2961e-01
9.6231e-01
9.6864e-01
9.7044e-01
9.3009e-01
9.6219e-01
9.5749e-01
9.8051e-01
9.6295e-01
9.7216e-01
9.5400e-01
9.5335e-01
9.6970e-01
9.9288e-01
9.7114e-01
9.6196e-01
9.6245e-01
9.6142e-01
9.6339e-01
9.6852e-01
9.6620e-01
9.7586e-01
9.5828e-01
9.7385e-01
9.3906e-01
9.5174e-01
9.6273e-01
9.5761e-01
9.7065e-01
9.4115e-01
9.6075e-01
9.6510e-01
9.5617e-01
9.7552e-01
9.6915e-01
9.6716e-01
9.6254e-01
9.5255e-01
9.4766e-01
9.6850e-01
9.6949e-01
9.6910e-01
8.6344e-01
9.5665e-01
9.7718e-01
9.6203e-01
9.5595e-01
9.7562e-01
9.5464e-01
9.7712e-01
9.6030e-01
9.8138e-01
9.7045e-01
9.5263e-01
9.7389e-01
9.6598e-01
9.6095e-01
9.5851e-01
9.6893e-01
1.0000e+00
9.6607e-01
9.5406e-01
9.4864e-01
9.7421e-01
9.7070e-01
9.5327e-01
9.6550e-01
9.6495e-01
9.5905e-01
9.6611e-01
9.5775e-01
9.6105e-01
9.5198e-01
9.7909e-01
9.6706e-01
9.5930e-01
9.5468e-01
9.7475e-01
9.4780e-01
9.6481e-01
9.7562e-01
9.6078e-01
9.6629e-01
9.8205e-01
9.5374e-01
9.6813e-01
9.7817e-01
9.6371e-01
9.6211e-01
9.5917e-01
9.6825e-01
9.7573e-01
9.5786e-01
9.6920e-01
9.5890e-01
9.5747e-01
9.7417e-01
9.6979e-01
9.6306e-01
9.5718e-01
9.5875e-01
9.6883e-01
9.6315e-01
9.2983e-01
9.6768e-01
9.5691e-01
9.5594e-01
9.4935e-01
9.6665e-01
9.5931e-01
9.6344e-01
9.4229e-01
9.5989e-01
9.6421e-01
8.6948e-01
9.6255e-01
9.6183e-01
9.7859e-01
9.5862e-01
9.6277e-01
9.6157e-01
9.6289e-01
9.5827e-01
9.3080e-01
9.7348e-01
9.6498e-01
9.7327e-01
9.4889e-01
9.5631e-01
9.6958e-01
9.6370e-01
9.6699e-01
9.6552e-01
9.8058e-01
9.3880e-01
9.7320e-01
9.5750e-01
9.5490e-01
9.5831e-01
9.5075e-01
9.6663e-01
9.7205e-01
9.6848e-01
9.7062e-01
9.6264e-01
9.5795e-01
9.6466e-01
9.5370e-01
9.6693e-01
9.6550e-01
9.6113e-01
9.4897e-01
9.7213e-01
9.5564e-01
9.5829e-01
9.6946e-01
9.5379e-01
9.7284e-01
9.5967e-01
9.5683e-01
9.6296e-01
9.4515e-01
9.6494e-01
9.6299e-01
9.6709e-01
9.4902e-01
9.6095e-01
9.5254e-01
9.6913e-01
9.6410e-01
9.7155e-01
9.6736e-01
9.6783e-01
9.6289e-01
9.7373e-01
9.6869e-01
9.5119e-01
