9.8750e-01
9.8567e-01
9.8396e-01
9.8699e-01
9.8320e-01
9.8603e-01
9.8455e-01
9.8397e-01
9.8744e-01
9.8481e-01
9.8472e-01
9.8427e-01
9.8759e-01
9.8573e-01
9.8790e-01
9.8301e-01
9.8217e-01
9.8497e-01
9.8633e-01
9.8554e-01
9.8773e-01
9.8571e-01
9.8980e-01
9.8535e-01
9.8830e-01
9.8423e-01
9.8506e-01
9.8742e-01
9.8726e-01
9.8851e-01
9.8618e-01
9.8570e-01
9.8880e-01
9.8579e-01
9.8579e-01
9.8332e-01
9.8422e-01
9.8505e-01
9.8580e-01
9.8418e-01
9.8550e-01
9.8514e-01
9.8777e-01
9.8434e-01
9.8761e-01
9.8707e-01
9.8720e-01
9.8657e-01
9.8289e-01
9.8664e-01
9.8775e-01
9.8563e-01
9.8651e-01
9.8646e-01
9.8789e-01
9.8378e-01
9.8762e-01
9.8761e-01
9.8537e-01
9.8695e-01
9.8665e-01
9.8645e-01
9.8628e-01
9.8625e-01
9.8775e-01
9.8440e-01
9.8607e-01
9.8529e-01
9.8504e-01
9.8649e-01
9.8537e-01
9.8638e-01
9.8663e-01
9.8694e-01
9.8492e-01
9.8513e-01
9.8467e-01
9.8411e-01
9.8756e-01
9.8238e-01
9.8442e-01
9.8487e-01
9.8597e-01
9.8518e-01
9.8584e-01
9.8471e-01
9.8690e-01
9.8284e-01
9.8557e-01
9.8484e-01
9.8568e-01
9.8578e-01
9.8653e-01
9.8567e-01
9.8546e-01
9.8588e-01
9.8466e-01
9.8648e-01
9.8535e-01
9.8517e-01
9.8548e-01
9.8674e-01
9.8581e-01
9.8718e-01
9.8625e-01
9.8702e-01
9.8478e-01
9.8575e-01
9.8583e-01
9.8618e-01
9.8677e-01
9.8391e-01
9.8317e-01
9.8528e-01
9.8624e-01
9.8507e-01
9.8556e-01
9.8610e-01
9.8522e-01
9.8569e-01
9.8606e-01
9.8806e-01
9.8408e-01
9.8575e-01
9.8534e-01
9.8332e-01
9.8600e-01
9.8575e-01
9.8505e-01
9.8630e-01
9.8721e-01
9.8648e-01
9.8707e-01
9.8434e-01
9.8836e-01
9.8740e-01
9.8570e-01
9.8509e-01
9.8791e-01
9.8711e-01
9.8686e-01
9.8574e-01
9.8518e-01
9.8513e-01
9.8700e-01
9.8378e-01
9.8395e-01
9.8546e-01
9.8515e-01
9.8559e-01
9.8300e-01
9.8544e-01
9.8842e-01
9.8618e-01
9.8586e-01
9.8567e-01
9.8512e-01
9.8487e-01
9.8436e-01
9.8705e-01
9.8482e-01
9.8532e-01
9.8521e-01
9.8475e-01
9.8632e-01
9.8730e-01
9.8463e-01
9.8441e-01
9.8881e-01
9.8797e-01
9.8578e-01
9.8736e-01
9.8586e-01
9.8365e-01
9.8555e-01
9.8554e-01
9.8602e-01
9.8668e-01
9.8472e-01
9.8716e-01
9.8487e-01
9.8680e-01
9.8462e-01
9.8490e-01
9.8512e-01
9.8549e-01
9.8440e-01
9.8542e-01
9.8529e-01
9.8621e-01
9.8802e-01
9.8260e-01
9.8468e-01
9.8654e-01
9.8895e-01
9.8582e-01
9.8524e-01
9.8564e-01
9.8576e-01
9.8454e-01
9.8444e-01
9.8751e-01
9.8658e-01
9.8295e-01
9.8537e-01
9.8758e-01
9.8630e-01
9.8846e-01
9.8487e-01
9.8663e-01
9.8487e-01
9.8585e-01
9.8539e-01
9.8359e-01
9.8726e-01
9.8512e-01
9.8586e-01
9.8645e-01
9.8540e-01
9.8475e-01
9.8582e-01
9.8583e-01
9.8616e-01
9.8570e-01
9.8707e-01
9.8583e-01
9.8626e-01
9.8663e-01
9.8578e-01
9.8613e-01
9.8521e-01
9.8739e-01
9.8801e-01
9.8523e-01
9.8471e-01
9.8384e-01
9.8687e-01
9.8707e-01
9.8661e-01
9.8605e-01
9.8633e-01
9.8585e-01
9.8725e-01
9.8482e-01
9.8777e-01
9.8561e-01
9.8727e-01
9.8524e-01
9.8826e-01
9.8499e-01
9.8553e-01
9.8540e-01
9.8533e-01
9.8669e-01
9.8528e-01
9.8594e-01
9.8722e-01
9.8450e-01
9.8639e-01
9.8769e-01
9.8687e-01
9.8653e-01
9.8581e-01
9.8420e-01
9.8619e-01
9.8428e-01
9.8484e-01
9.8517e-01
9.8600e-01
9.8563e-01
9.8706e-01
9.8736e-01
9.8708e-01
9.8628e-01
9.8654e-01
9.8469e-01
9.8592e-01
9.8485e-01
9.8509e-01
9.8824e-01
9.8761e-01
9.8510e-01
9.8219e-01
9.8767e-01
9.8553e-01
9.8659e-01
9.8605e-01
9.8670e-01
9.8577e-01
9.8605e-01
9.8502e-01
9.8401e-01
9.8706e-01
9.8588e-01
9.8675e-01
9.8451e-01
9.8447e-01
9.8548e-01
9.8496e-01
9.8505e-01
9.8660e-01
9.8708e-01
9.8680e-01
9.8714e-01
9.8655e-01
9.8660e-01
9.8479e-01
9.8532e-01
9.8434e-01
9.8638e-01
9.8838e-01
9.8777e-01
9.8792e-01
9.8573e-01
9.8565e-01
9.8608e-01
9.8055e-01
9.8620e-01
9.8487e-01
9.8579e-01
9.8672e-01
9.8629e-01
9.8723e-01
9.8562e-01
9.8649e-01
9.8530e-01
9.8427e-01
9.8480e-01
9.8615e-01
9.8607e-01
9.8652e-01
9.8528e-01
9.8696e-01
9.8544e-01
9.8334e-01
9.8601e-01
9.8480e-01
9.8631e-01
9.8460e-01
9.8787e-01
9.8459e-01
9.8670e-01
9.8624e-01
9.8710e-01
9.8752e-01
9.8713e-01
9.8660e-01
9.8784e-01
9.8656e-01
9.8523e-01
9.8437e-01
9.8396e-01
9.8520e-01
9.8610e-01
9.8748e-01
9.8576e-01
9.8688e-01
9.8794e-01
9.8445e-01
9.8751e-01
9.8424e-01
9.8438e-01
9.8763e-01
9.8471e-01
9.8399e-01
9.8546e-01
9.8593e-01
9.8629e-01
9.8580e-01
9.8544e-01
9.8537e-01
9.8502e-01
9.8821e-01
9.8647e-01
9.8700e-01
9.8545e-01
9.8901e-01
9.8633e-01
9.8719e-01
9.8442e-01
9.8517e-01
9.8707e-01
9.8371e-01
9.8400e-01
9.8444e-01
9.8554e-01
9.8700e-01
9.8451e-01
9.8369e-01
9.8705e-01
9.8336e-01
9.8511e-01
9.8634e-01
9.8439e-01
9.8588e-01
9.8494e-01
9.8268e-01
9.8475e-01
9.8557e-01
9.8704e-01
9.8632e-01
9.8730e-01
9.8779e-01
9.8778e-01
9.8291e-01
9.8701e-01
9.8561e-01
9.8621e-01
9.8718e-01
9.8782e-01
9.8567e-01
9.8562e-01
9.8510e-01
9.8635e-01
9.8579e-01
9.8567e-01
9.8511e-01
9.8822e-01
9.8779e-01
9.8551e-01
9.8529e-01
9.8414e-01
9.8475e-01
9.8570e-01
9.8598e-01
9.8665e-01
9.8667e-01
9.8426e-01
9.8383e-01
9.8626e-01
9.9884e-01
9.8710e-01
9.8594e-01
9.8437e-01
9.8598e-01
9.8526e-01
9.8881e-01
9.8536e-01
9.8476e-01
9.8820e-01
9.8052e-01
9.8799e-01
9.8560e-01
9.8408e-01
9.8595e-01
9.8475e-01
9.8572e-01
9.8501e-01
9.8724e-01
9.8248e-01
9.8655e-01
9.8748e-01
9.8661e-01
9.8666e-01
9.8419e-01
9.8502e-01
9.8705e-01
9.8494e-01
9.8499e-01
9.8423e-01
9.8545e-01
9.8756e-01
9.8627e-01
9.8559e-01
9.8578e-01
9.8601e-01
9.8331e-01
9.7586e-01
9.8550e-01
9.8381e-01
9.8764e-01
9.8759e-01
9.8708e-01
9.8799e-01
9.8831e-01
9.8685e-01
9.8371e-01
9.8457e-01
9.8304e-01
9.7257e-01
9.8677e-01
9.8441e-01
9.8271e-01
9.8600e-01
9.8561e-01
9.8550e-01
9.6853e-01
9.8625e-01
9.6524e-01
9.8663e-01
9.8492e-01
9.8684e-01
9.8743e-01
9.8597e-01
9.8675e-01
9.8679e-01
9.8523e-01
9.8487e-01
9.8557e-01
9.8510e-01
9.8318e-01
9.8588e-01
9.8596e-01
9.8363e-01
9.8320e-01
9.8481e-01
9.8526e-01
9.8458e-01
9.8196e-01
9.8595e-01
9.8464e-01
9.8773e-01
9.8504e-01
9.8641e-01
9.8595e-01
9.8483e-01
9.8695e-01
9.8470e-01
9.8639e-01
9.8591e-01
9.8541e-01
9.8527e-01
9.8780e-01
9.8413e-01
9.8477e-01
9.8586e-01
9.8536e-01
9.8589e-01
9.8625e-01
9.7752e-01
9.8770e-01
9.8709e-01
9.8508e-01
9.8501e-01
9.8535e-01
9.8554e-01
9.8711e-01
9.8569e-01
9.8816e-01
9.8567e-01
9.8519e-01
9.8666e-01
9.8488e-01
9.8619e-01
9.8720e-01
9.8742e-01
9.8454e-01
9.8345e-01
9.8525e-01
9.8412e-01
9.8459e-01
9.8601e-01
9.8644e-01
9.8574e-01
9.8540e-01
9.8573e-01
9.8476e-01
9.8462e-01
9.8583e-01
9.8608e-01
9.8663e-01
9.8773e-01
9.8589e-01
9.8935e-01
9.8578e-01
9.8833e-01
9.8733e-01
9.8635e-01
9.8527e-01
9.8717e-01
9.8609e-01
9.8442e-01
9.8417e-01
9.8410e-01
9.8597e-01
9.8693e-01
9.8603e-01
9.8585e-01
9.8615e-01
9.8454e-01
9.8452e-01
9.8651e-01
9.8553e-01
9.8657e-01
9.8451e-01
9.8414e-01
9.8438e-01
9.8463e-01
9.8624e-01
9.8755e-01
9.8598e-01
9.8533e-01
9.8470e-01
9.8570e-01
9.8667e-01
9.8496e-01
9.8558e-01
9.8570e-01
9.8415e-01
9.8616e-01
9.8649e-01
9.8445e-01
9.8372e-01
9.8585e-01
9.8587e-01
9.8551e-01
9.8458e-01
9.8664e-01
9.8607e-01
9.8562e-01
9.8597e-01
9.8513e-01
9.8507e-01
9.8411e-01
9.8573e-01
9.8640e-01
9.8637e-01
9.8725e-01
9.8554e-01
9.7938e-01
9.8522e-01
9.8588e-01
9.8464e-01
9.8753e-01
9.8806e-01
9.8490e-01
9.8683e-01
9.8520e-01
9.8681e-01
9.8605e-01
9.8641e-01
9.8727e-01
9.8439e-01
9.8507e-01
9.8564e-01
9.8795e-01
9.8546e-01
9.8593e-01
9.8495e-01
9.8602e-01
9.8598e-01
9.8300e-01
9.8599e-01
9.8887e-01
9.8622e-01
9.8540e-01
9.8342e-01
9.8640e-01
9.8380e-01
9.8618e-01
9.8942e-01
9.8668e-01
9.8575e-01
9.8539e-01
9.8425e-01
9.8437e-01
9.8756e-01
9.8473e-01
9.8487e-01
9.7827e-01
9.8518e-01
9.8744e-01
9.8773e-01
9.8623e-01
9.8570e-01
9.8524e-01
9.8491e-01
9.8542e-01
9.8704e-01
9.8603e-01
9.8569e-01
9.8475e-01
9.8530e-01
9.8598e-01
9.8485e-01
9.8769e-01
9.8391e-01
9.8655e-01
9.8508e-01
9.8766e-01
9.8800e-01
9.8675e-01
9.8608e-01
9.8907e-01
9.8514e-01
9.8378e-01
9.8526e-01
9.8574e-01
9.8581e-01
9.8455e-01
9.8742e-01
9.8523e-01
9.8493e-01
9.8528e-01
9.8656e-01
9.8357e-01
9.8553e-01
9.8702e-01
9.8797e-01
9.8501e-01
9.8694e-01
9.8129e-01
9.8575e-01
9.8770e-01
9.8500e-01
9.8813e-01
9.8645e-01
9.8392e-01
9.8776e-01
9.8530e-01
9.8312e-01
9.8548e-01
9.8567e-01
9.8549e-01
9.8382e-01
9.8765e-01
9.8553e-01
9.8835e-01
9.8334e-01
9.8401e-01
9.8622e-01
9.8447e-01
9.8581e-01
9.8324e-01
9.8674e-01
9.8603e-01
9.8697e-01
9.8553e-01
9.8582e-01
9.8591e-01
9.8691e-01
9.8838e-01
9.8580e-01
9.8476e-01
9.8851e-01
9.8758e-01
9.8669e-01
9.8495e-01
9.8789e-01
9.8624e-01
9.8680e-01
9.7712e-01
9.8765e-01
9.8488e-01
9.8608e-01
9.8603e-01
9.8631e-01
9.8574e-01
9.8537e-01
9.8896e-01
9.8623e-01
9.8370e-01
9.8693e-01
9.8790e-01
9.8590e-01
9.8648e-01
9.8550e-01
9.8582e-01
9.8677e-01
9.8677e-01
9.8659e-01
9.8547e-01
9.8814e-01
9.8554e-01
9.8458e-01
9.8787e-01
9.8459e-01
9.8468e-01
9.8680e-01
9.8566e-01
9.8640e-01
9.8682e-01
9.8772e-01
9.8296e-01
9.8794e-01
9.8811e-01
9.8586e-01
9.8711e-01
9.8446e-01
9.8703e-01
9.8677e-01
9.8502e-01
9.6365e-01
9.8706e-01
9.8614e-01
9.8621e-01
9.8481e-01
9.8438e-01
9.8821e-01
9.8655e-01
9.8605e-01
9.8451e-01
9.8883e-01
9.8634e-01
9.8650e-01
9.8701e-01
9.8820e-01
9.8452e-01
9.8838e-01
9.8590e-01
9.8486e-01
9.8547e-01
9.8524e-01
9.8674e-01
9.8457e-01
9.8813e-01
9.8582e-01
9.8614e-01
9.8532e-01
9.8402e-01
9.8551e-01
9.8653e-01
9.8668e-01
9.8387e-01
9.8817e-01
9.8712e-01
9.8660e-01
9.8630e-01
9.8525e-01
9.8611e-01
9.8605e-01
9.8550e-01
9.8484e-01
9.8533e-01
9.8512e-01
9.8638e-01
9.8494e-01
9.8543e-01
9.8642e-01
9.8568e-01
9.8426e-01
9.8647e-01
9.8641e-01
9.8559e-01
9.8715e-01
9.8945e-01
9.8521e-01
9.8590e-01
9.8676e-01
9.8786e-01
9.8613e-01
9.8510e-01
9.8505e-01
9.8483e-01
9.8645e-01
9.8425e-01
9.8395e-01
9.8691e-01
9.8617e-01
9.8609e-01
9.8707e-01
9.8687e-01
9.8626e-01
9.8797e-01
9.8202e-01
9.8520e-01
9.8474e-01
9.8776e-01
9.8737e-01
9.8471e-01
9.8727e-01
9.8670e-01
9.8683e-01
9.8713e-01
9.8517e-01
9.8587e-01
9.8560e-01
9.8681e-01
9.8511e-01
9.8483e-01
9.8497e-01
9.8659e-01
9.8790e-01
9.8556e-01
9.8521e-01
9.8733e-01
9.8664e-01
9.8666e-01
9.8415e-01
9.8622e-01
9.8636e-01
9.8835e-01
9.8684e-01
9.8752e-01
9.8513e-01
9.8408e-01
9.8762e-01
9.8443e-01
9.8641e-01
9.8523e-01
9.8931e-01
9.8564e-01
9.8573e-01
9.8549e-01
9.8752e-01
9.8457e-01
9.8543e-01
9.8480e-01
9.8622e-01
9.8579e-01
9.8579e-01
9.8664e-01
9.8461e-01
9.8743e-01
9.8487e-01
9.8455e-01
9.8554e-01
9.8723e-01
9.8459e-01
9.8519e-01
9.8492e-01
9.8633e-01
9.8698e-01
9.8651e-01
9.8460e-01
9.8744e-01
9.8555e-01
9.8686e-01
9.8782e-01
9.8611e-01
9.8466e-01
9.8433e-01
9.8390e-01
9.8517e-01
9.8601e-01
9.8642e-01
9.8512e-01
9.8579e-01
9.8608e-01
9.8498e-01
9.8500e-01
9.8668e-01
9.8602e-01
9.8852e-01
9.8552e-01
9.8422e-01
9.8683e-01
9.8647e-01
9.8617e-01
9.8646e-01
9.8567e-01
9.8633e-01
9.8439e-01
9.8651e-01
9.8709e-01
9.8724e-01
9.8544e-01
9.8437e-01
9.8670e-01
9.8438e-01
9.8915e-01
9.8761e-01
9.8751e-01
9.8691e-01
9.8495e-01
9.8492e-01
9.8535e-01
9.8378e-01
9.8518e-01
9.8459e-01
9.8517e-01
9.8503e-01
9.8842e-01
9.8393e-01
9.8480e-01
9.8451e-01
9.8715e-01
9.8774e-01
9.8541e-01
9.8676e-01
9.8854e-01
9.8471e-01
9.8528e-01
9.8789e-01
9.8182e-01
9.8843e-01
9.8451e-01
9.8512e-01
9.8649e-01
9.8583e-01
9.8692e-01
9.8606e-01
9.8497e-01
9.8867e-01
9.8772e-01
9.8634e-01
9.8766e-01
9.8503e-01
9.8339e-01
9.8606e-01
9.8508e-01
9.8579e-01
9.8531e-01
9.8368e-01
9.8378e-01
9.8700e-01
9.8389e-01
9.8607e-01
9.8712e-01
9.8365e-01
