9.7762e-01
9.7609e-01
9.7394e-01
9.7513e-01
9.7664e-01
9.7165e-01
9.7831e-01
9.7167e-01
9.7334e-01
9.7728e-01
9.7172e-01
9.8037e-01
9.7845e-01
9.7691e-01
9.7850e-01
9.7593e-01
9.7466e-01
9.7668e-01
9.7506e-01
9.7585e-01
9.7533e-01
9.7688e-01
9.7232e-01
9.7849e-01
9.7858e-01
9.7362e-01
9.7003e-01
9.7557e-01
9.7473e-01
9.7478e-01
9.7615e-01
9.7283e-01
9.7043e-01
9.6974e-01
9.7788e-01
9.7715e-01
9.7444e-01
9.7669e-01
9.7780e-01
9.7735e-01
9.7060e-01
9.7160e-01
9.7786e-01
9.7728e-01
9.7288e-01
9.7352e-01
9.7598e-01
9.7582e-01
9.7742e-01
9.8031e-01
9.7304e-01
9.7365e-01
9.7065e-01
9.7505e-01
9.7496e-01
9.7432e-01
9.7055e-01
9.7306e-01
9.7702e-01
9.7748e-01
9.7734e-01
9.7584e-01
9.7743e-01
9.7374e-01
9.7479e-01
9.7753e-01
9.7536e-01
9.7465e-01
9.7679e-01
9.6960e-01
9.7536e-01
9.7517e-01
9.7810e-01
9.7930e-01
9.7734e-01
9.7539e-01
9.7794e-01
9.7560e-01
9.7461e-01
9.7359e-01
9.7720e-01
9.7282e-01
9.7802e-01
9.7957e-01
9.7732e-01
9.7836e-01
9.7812e-01
9.7415e-01
9.7235e-01
9.8093e-01
9.7022e-01
9.7733e-01
9.7589e-01
9.7887e-01
9.7896e-01
9.7613e-01
9.7473e-01
9.7939e-01
9.7488e-01
9.7877e-01
9.6933e-01
9.7203e-01
9.7577e-01
9.7539e-01
9.7630e-01
9.7433e-01
9.7392e-01
9.7625e-01
9.7673e-01
9.7697e-01
9.7626e-01
9.7434e-01
9.7635e-01
9.7568e-01
9.7348e-01
9.7874e-01
9.7426e-01
9.7733e-01
9.7504e-01
9.7708e-01
9.7309e-01
9.7804e-01
9.7434e-01
9.7924e-01
9.7383e-01
9.7841e-01
9.7381e-01
9.7755e-01
9.7736e-01
9.7796e-01
9.7745e-01
9.7157e-01
9.7221e-01
9.7439e-01
9.7690e-01
9.7788e-01
9.7477e-01
9.7245e-01
9.7816e-01
9.7538e-01
9.7837e-01
9.7856e-01
9.7737e-01
9.7435e-01
9.7584e-01
9.7904e-01
9.7765e-01
9.7506e-01
9.7734e-01
9.7783e-01
9.7564e-01
9.7522e-01
9.7210e-01
9.7813e-01
9.7202e-01
9.7649e-01
9.7788e-01
9.7775e-01
9.7104e-01
9.7327e-01
9.7672e-01
9.7851e-01
9.7822e-01
9.7598e-01
9.7750e-01
9.7602e-01
9.7453e-01
9.7674e-01
9.7159e-01
9.7470e-01
9.7470e-01
9.7851e-01
9.7502e-01
9.7499e-01
9.7074e-01
9.7801e-01
9.7054e-01
9.7802e-01
9.7053e-01
9.7836e-01
9.7665e-01
9.7475e-01
9.7710e-01
9.7629e-01
9.7320e-01
9.7283e-01
9.7372e-01
9.7250e-01
9.7802e-01
9.7259e-01
9.7807e-01
9.7444e-01
9.7572e-01
9.7815e-01
9.7548e-01
9.7625e-01
9.7620e-01
9.7784e-01
9.7812e-01
9.7417e-01
9.7536e-01
9.7313e-01
9.7115e-01
9.7396e-01
9.7621e-01
9.7291e-01
9.7753e-01
9.7270e-01
9.7954e-01
9.7250e-01
9.7570e-01
9.7789e-01
9.7717e-01
9.7347e-01
9.7664e-01
9.7901e-01
9.7628e-01
9.7784e-01
9.7657e-01
9.7963e-01
9.7175e-01
9.7317e-01
9.7448e-01
9.7241e-01
9.7922e-01
9.6752e-01
9.7439e-01
9.7269e-01
9.7191e-01
9.7395e-01
9.7253e-01
9.7074e-01
9.7770e-01
9.7791e-01
9.7675e-01
9.7719e-01
9.7680e-01
9.7095e-01
9.7298e-01
9.7921e-01
9.7189e-01
9.7755e-01
9.7195e-01
9.7663e-01
9.7583e-01
9.7403e-01
9.7779e-01
9.7184e-01
9.7569e-01
9.7710e-01
9.7640e-01
9.7070e-01
9.7232e-01
9.7806e-01
9.7533e-01
9.7516e-01
9.6940e-01
9.7449e-01
9.7565e-01
9.7068e-01
9.7751e-01
9.7911e-01
9.7208e-01
9.7863e-01
9.7682e-01
9.7647e-01
9.7736e-01
9.7508e-01
9.7260e-01
9.7340e-01
9.7448e-01
9.7662e-01
9.7168e-01
9.7373e-01
9.7475e-01
9.7527e-01
9.7161e-01
9.7722e-01
9.7196e-01
9.7231e-01
9.7073e-01
9.7988e-01
9.7184e-01
9.7236e-01
9.7705e-01
9.7390e-01
9.6724e-01
9.7150e-01
9.7359e-01
9.7791e-01
9.7796e-01
9.6958e-01
9.7539e-01
9.7669e-01
9.7102e-01
9.7586e-01
9.7259e-01
9.7797e-01
9.7320e-01
9.7605e-01
9.7558e-01
9.7247e-01
9.7733e-01
9.7648e-01
9.7874e-01
9.7845e-01
9.7736e-01
9.7266e-01
9.7246e-01
9.7500e-01
9.7503e-01
9.7620e-01
9.7506e-01
9.7671e-01
9.7755e-01
9.7348e-01
9.7012e-01
9.7878e-01
9.7119e-01
9.7929e-01
9.7434e-01
9.7702e-01
9.7739e-01
9.7628e-01
9.7704e-01
9.7914e-01
9.7571e-01
9.7232e-01
9.7690e-01
9.7274e-01
9.7459e-01
9.7220e-01
9.7133e-01
9.7535e-01
9.7403e-01
9.7109e-01
9.7959e-01
9.7692e-01
9.7084e-01
9.7572e-01
9.7727e-01
9.7642e-01
9.7562e-01
9.7616e-01
9.7519e-01
9.7256e-01
9.7571e-01
9.8000e-01
9.7849e-01
9.7664e-01
9.7400e-01
9.7036e-01
9.7680e-01
9.7723e-01
9.7611e-01
9.7706e-01
9.7194e-01
9.7890e-01
9.7085e-01
9.7753e-01
9.7711e-01
9.7579e-01
9.7641e-01
9.7803e-01
9.7715e-01
9.7506e-01
9.7335e-01
9.7257e-01
9.7470e-01
9.7175e-01
9.7756e-01
9.7827e-01
9.7656e-01
9.7679e-01
9.7449e-01
9.7628e-01
9.7303e-01
9.7310e-01
9.7186e-01
9.7579e-01
9.7869e-01
9.7859e-01
9.7560e-01
9.7861e-01
9.7591e-01
9.7342e-01
9.7621e-01
9.7195e-01
9.7730e-01
9.7227e-01
9.7149e-01
9.7943e-01
9.7373e-01
9.7799e-01
9.7656e-01
9.7046e-01
9.7931e-01
9.7639e-01
9.7780e-01
9.7569e-01
9.7929e-01
9.7593e-01
9.7876e-01
9.7628e-01
9.7180e-01
9.7766e-01
9.7208e-01
9.7563e-01
9.7440e-01
9.7749e-01
9.7680e-01
9.7536e-01
9.7747e-01
9.7253e-01
9.7724e-01
9.7713e-01
9.7479e-01
9.7475e-01
9.7474e-01
9.7811e-01
9.7446e-01
9.7896e-01
9.7725e-01
9.7534e-01
9.7252e-01
9.7674e-01
9.7449e-01
9.7672e-01
9.7836e-01
9.7702e-01
9.8005e-01
9.7722e-01
9.7213e-01
9.7808e-01
9.7781e-01
9.7835e-01
9.7434e-01
9.7736e-01
9.7867e-01
9.7844e-01
9.7872e-01
9.7101e-01
9.7649e-01
9.8286e-01
9.7187e-01
9.7271e-01
9.7504e-01
9.7801e-01
9.7534e-01
9.7711e-01
9.7792e-01
9.7940e-01
9.7435e-01
9.7369e-01
9.7627e-01
9.7605e-01
9.7902e-01
9.7379e-01
9.7310e-01
9.8055e-01
9.7270e-01
9.7441e-01
9.7263e-01
9.7517e-01
9.7420e-01
9.8060e-01
9.7672e-01
9.7490e-01
9.7575e-01
9.7914e-01
9.7189e-01
9.7779e-01
9.7746e-01
9.7785e-01
9.7374e-01
9.7724e-01
9.7602e-01
9.7782e-01
9.7530e-01
9.7488e-01
9.7189e-01
9.7675e-01
9.7638e-01
9.7213e-01
9.7866e-01
9.7853e-01
9.7501e-01
9.7269e-01
9.7543e-01
9.7303e-01
9.7823e-01
9.7796e-01
9.7681e-01
9.7695e-01
9.7423e-01
9.7906e-01
9.7104e-01
9.7788e-01
9.7732e-01
9.7720e-01
9.7976e-01
9.7891e-01
9.7520e-01
9.7708e-01
9.7232e-01
9.7597e-01
9.7503e-01
9.7819e-01
9.7100e-01
9.7440e-01
9.7452e-01
9.7821e-01
9.7814e-01
9.7562e-01
9.7468e-01
9.7414e-01
9.7342e-01
9.7657e-01
9.7681e-01
9.7669e-01
9.7765e-01
9.6970e-01
9.7322e-01
9.7936e-01
9.7957e-01
9.7443e-01
9.7682e-01
9.7799e-01
9.7968e-01
9.7687e-01
9.7303e-01
9.7484e-01
9.7564e-01
9.7334e-01
9.7809e-01
9.7492e-01
9.7812e-01
9.7974e-01
9.7150e-01
9.7643e-01
9.7669e-01
9.7887e-01
9.7536e-01
9.7682e-01
9.7810e-01
9.7868e-01
9.7815e-01
9.7740e-01
9.7215e-01
9.7797e-01
9.7708e-01
9.7449e-01
9.7752e-01
9.7736e-01
9.7813e-01
9.7665e-01
9.7923e-01
9.7356e-01
9.7439e-01
9.7778e-01
9.7110e-01
9.7797e-01
9.7567e-01
9.7843e-01
9.7748e-01
9.7360e-01
9.7759e-01
9.7594e-01
9.7791e-01
9.7722e-01
9.7794e-01
9.7261e-01
9.7562e-01
9.7406e-01
9.7053e-01
9.7213e-01
9.7513e-01
9.7771e-01
9.7571e-01
9.7849e-01
9.7369e-01
9.7700e-01
9.7789e-01
9.7385e-01
9.7378e-01
9.7796e-01
9.7394e-01
9.7753e-01
9.7761e-01
9.7245e-01
9.7724e-01
9.7400e-01
9.7933e-01
9.7781e-01
9.7928e-01
9.7574e-01
9.7161e-01
9.7764e-01
9.7628e-01
9.7608e-01
9.7428e-01
9.7665e-01
9.7732e-01
9.7881e-01
9.7669e-01
9.7085e-01
9.7258e-01
9.7774e-01
9.7453e-01
9.7631e-01
9.7176e-01
9.7351e-01
9.7215e-01
9.7878e-01
9.7751e-01
9.7096e-01
9.7799e-01
9.7875e-01
9.7269e-01
9.7315e-01
9.7669e-01
9.7186e-01
9.7634e-01
9.7248e-01
9.7251e-01
9.7310e-01
9.7860e-01
9.7669e-01
9.7213e-01
9.7770e-01
9.7115e-01
9.7672e-01
9.7597e-01
9.7512e-01
9.7702e-01
9.7472e-01
9.7131e-01
9.7490e-01
9.7408e-01
9.7735e-01
9.7555e-01
9.7363e-01
9.7813e-01
9.7722e-01
9.7767e-01
9.7108e-01
9.7759e-01
9.7122e-01
9.7689e-01
9.7912e-01
9.7492e-01
9.7419e-01
9.7142e-01
9.7117e-01
9.6918e-01
9.7723e-01
9.7505e-01
9.7317e-01
9.7756e-01
9.7467e-01
9.7328e-01
9.7658e-01
9.7402e-01
9.7175e-01
9.7290e-01
9.7401e-01
9.7858e-01
9.7889e-01
9.7848e-01
9.7051e-01
9.7792e-01
9.7665e-01
9.7124e-01
9.7305e-01
9.7138e-01
9.7252e-01
9.7896e-01
9.7748e-01
9.7667e-01
9.7258e-01
9.7330e-01
9.7562e-01
9.7722e-01
9.7347e-01
9.7704e-01
9.7385e-01
9.7594e-01
9.7703e-01
9.7196e-01
9.7837e-01
9.7296e-01
9.7774e-01
9.7740e-01
9.7403e-01
9.7576e-01
9.7481e-01
9.7797e-01
9.7827e-01
9.7590e-01
9.7459e-01
9.7131e-01
9.7925e-01
9.7363e-01
9.7683e-01
9.7606e-01
9.7544e-01
9.7599e-01
9.7873e-01
9.7751e-01
9.7680e-01
9.7518e-01
9.7833e-01
9.7391e-01
9.7585e-01
9.7397e-01
9.7589e-01
9.7793e-01
9.7097e-01
9.7769e-01
9.7235e-01
9.7786e-01
9.7695e-01
9.7576e-01
9.7842e-01
9.7692e-01
9.7404e-01
9.7377e-01
9.7136e-01
9.7878e-01
9.7836e-01
9.7504e-01
9.7731e-01
9.7565e-01
9.7675e-01
9.7156e-01
9.7665e-01
9.7790e-01
9.7809e-01
9.7840e-01
9.7285e-01
9.7758e-01
9.7830e-01
9.7348e-01
9.7818e-01
9.7143e-01
9.7590e-01
9.7267e-01
9.7027e-01
9.7472e-01
9.7320e-01
9.7162e-01
9.7824e-01
9.7309e-01
9.7221e-01
9.7361e-01
9.7496e-01
9.7819e-01
9.7641e-01
9.7647e-01
9.7432e-01
9.7986e-01
9.7303e-01
9.7290e-01
9.7177e-01
9.7244e-01
9.7545e-01
9.7077e-01
9.7771e-01
9.7408e-01
9.7777e-01
9.7801e-01
9.7077e-01
9.7276e-01
9.7634e-01
9.7189e-01
9.7812e-01
9.7692e-01
9.7858e-01
9.7959e-01
9.7788e-01
9.7905e-01
9.7815e-01
9.7550e-01
9.7689e-01
9.7806e-01
9.7307e-01
9.7788e-01
9.7891e-01
9.7740e-01
9.7442e-01
9.7764e-01
9.7747e-01
9.7413e-01
9.7916e-01
9.7606e-01
9.7167e-01
9.7534e-01
9.7714e-01
9.7411e-01
9.7862e-01
9.7868e-01
9.7603e-01
9.7728e-01
9.7677e-01
9.7613e-01
9.7808e-01
9.7742e-01
9.7380e-01
9.7867e-01
9.7958e-01
9.7492e-01
9.7630e-01
9.7261e-01
9.7573e-01
9.7756e-01
9.7360e-01
9.7140e-01
9.7857e-01
9.7410e-01
9.7869e-01
9.7296e-01
9.7938e-01
9.7426e-01
9.7690e-01
9.7789e-01
9.7331e-01
9.7570e-01
9.7799e-01
9.7615e-01
9.7478e-01
9.7849e-01
9.7358e-01
9.7373e-01
9.7195e-01
9.7816e-01
9.7490e-01
9.7759e-01
9.7347e-01
9.7778e-01
9.7248e-01
9.7572e-01
9.7832e-01
9.7775e-01
9.7151e-01
9.7532e-01
9.7316e-01
9.7744e-01
9.7385e-01
9.7120e-01
9.7799e-01
9.7258e-01
9.7306e-01
9.7861e-01
9.7505e-01
9.7963e-01
9.7187e-01
9.7144e-01
9.7830e-01
9.7406e-01
9.7232e-01
9.7753e-01
9.7280e-01
9.7295e-01
9.7774e-01
9.7719e-01
9.7357e-01
9.7571e-01
9.7512e-01
9.7713e-01
9.7873e-01
9.7817e-01
9.7485e-01
9.7507e-01
9.7463e-01
9.7737e-01
9.7708e-01
9.7613e-01
9.7792e-01
9.7585e-01
9.8042e-01
9.7169e-01
9.7797e-01
9.7594e-01
9.7366e-01
9.7458e-01
9.7435e-01
9.7209e-01
9.7069e-01
9.7388e-01
9.7316e-01
9.7473e-01
9.7649e-01
9.7889e-01
9.7950e-01
9.7928e-01
9.7662e-01
9.7791e-01
9.7204e-01
9.7551e-01
9.7291e-01
9.7627e-01
9.7211e-01
9.7756e-01
9.7783e-01
9.7789e-01
9.7479e-01
9.7246e-01
9.7584e-01
9.7303e-01
9.7843e-01
9.7294e-01
9.7715e-01
9.7739e-01
9.7898e-01
9.7706e-01
9.7761e-01
9.7636e-01
9.7778e-01
9.7438e-01
9.7796e-01
9.7514e-01
9.6982e-01
9.8108e-01
9.7769e-01
9.7519e-01
9.7139e-01
9.7485e-01
9.7830e-01
9.7877e-01
9.7303e-01
9.7198e-01
9.7410e-01
9.7571e-01
9.7144e-01
9.7581e-01
9.7333e-01
9.7241e-01
9.7888e-01
9.7860e-01
9.7695e-01
9.7390e-01
9.7388e-01
9.7805e-01
9.7733e-01
9.7784e-01
9.7451e-01
9.7398e-01
9.7508e-01
9.7673e-01
9.7431e-01
9.7821e-01
9.7904e-01
9.7154e-01
9.7409e-01
9.6958e-01
9.7436e-01
9.7954e-01
9.7535e-01
9.7412e-01
9.7635e-01
9.7675e-01
9.7828e-01
9.7756e-01
9.7446e-01
9.7184e-01
9.7484e-01
9.7744e-01
9.7561e-01
9.7669e-01
9.7172e-01
9.7575e-01
9.7414e-01
9.7646e-01
9.7190e-01
9.7804e-01
9.7741e-01
9.7125e-01
9.7799e-01
9.7285e-01
9.7058e-01
9.7743e-01
9.7548e-01
9.7799e-01
9.7695e-01
9.8049e-01
9.7640e-01
9.7930e-01
9.7666e-01
9.7441e-01
9.7544e-01
9.7274e-01
9.7412e-01
9.7238e-01
9.7628e-01
9.7340e-01
9.7808e-01
9.7199e-01
9.7801e-01
9.7806e-01
9.7534e-01
