9.6223e-01
9.6093e-01
9.5591e-01
9.5956e-01
9.3641e-01
9.6826e-01
9.4799e-01
9.4163e-01
9.5604e-01
9.5872e-01
9.6557e-01
9.5339e-01
9.3257e-01
9.4572e-01
9.5969e-01
9.5079e-01
9.4914e-01
9.3399e-01
9.5472e-01
9.3356e-01
9.4294e-01
9.2428e-01
9.4951e-01
9.6194e-01
9.6575e-01
9.5040e-01
9.4821e-01
9.2463e-01
9.5667e-01
9.4769e-01
9.5646e-01
9.5002e-01
9.3487e-01
9.5594e-01
9.4044e-01
9.1650e-01
9.4244e-01
9.4078e-01
9.3647e-01
9.4755e-01
9.2944e-01
9.1547e-01
9.5116e-01
9.3403e-01
9.2419e-01
9.4601e-01
9.4407e-01
9.7448e-01
9.3162e-01
9.4578e-01
9.3986e-01
9.2188e-01
9.4604e-01
9.6701e-01
9.3921e-01
9.3638e-01
9.4643e-01
9.5292e-01
9.3463e-01
9.3388e-01
9.3726e-01
9.5167e-01
9.2482e-01
9.3245e-01
9.5926e-01
9.3763e-01
9.4806e-01
9.4238e-01
9.5847e-01
9.2789e-01
9.5749e-01
9.1374e-01
9.5085e-01
9.4493e-01
9.4236e-01
9.3803e-01
9.5497e-01
9.2947e-01
9.1479e-01
9.4909e-01
9.3032e-01
9.5478e-01
9.3899e-01
9.6311e-01
9.3802e-01
9.1403e-01
9.4308e-01
9.3974e-01
9.4688e-01
9.2255e-01
9.7790e-01
9.9917e-01
9.5105e-01
9.4608e-01
9.3295e-01
8.9382e-01
9.3796e-01
9.2928e-01
9.6022e-01
9.1717e-01
9.3898e-01
9.7471e-01
9.4191e-01
9.9290e-01
9.4337e-01
9.5498e-01
9.4018e-01
9.3524e-01
9.3112e-01
9.4990e-01
9.3650e-01
9.2293e-01
9.3930e-01
8.6848e-01
9.3275e-01
9.4038e-01
9.6014e-01
9.4127e-01
9.9933e-01
9.3566e-01
9.4336e-01
9.4038e-01
9.2369e-01
9.4677e-01
9.4113e-01
9.5156e-01
9.2872e-01
9.5885e-01
9.4320e-01
9.4647e-01
9.4512e-01
9.4322e-01
9.5996e-01
9.5666e-01
9.4292e-01
9.3880e-01
9.3499e-01
9.3334e-01
9.3601e-01
9.4088e-01
9.3799e-01
9.2992e-01
9.5465e-01
9.5798e-01
9.1875e-01
9.5846e-01
9.5009e-01
9.4896e-01
9.4106e-01
9.4050e-01
8.5020e-01
9.6519e-01
9.4531e-01
9.5340e-01
9.3272e-01
9.2472e-01
9.5068e-01
9.4003e-01
9.3233e-01
9.2514e-01
9.4585e-01
9.4051e-01
9.3447e-01
9.4603e-01
9.7503e-01
9.6475e-01
9.8609e-01
9.4223e-01
9.3395e-01
9.4599e-01
9.2247e-01
9.5703e-01
9.4727e-01
9.4370e-01
9.6063e-01
9.7026e-01
9.4906e-01
9.4052e-01
9.5119e-01
9.5219e-01
9.4065e-01
9.5342e-01
9.5201e-01
9.4791e-01
9.5305e-01
9.5929e-01
9.3555e-01
9.3259e-01
9.5612e-01
9.3392e-01
9.3525e-01
9.3951e-01
9.3912e-01
9.6212e-01
9.6114e-01
9.4910e-01
9.5880e-01
9.1514e-01
9.5645e-01
9.4567e-01
9.6296e-01
9.3302e-01
9.5015e-01
9.7034e-01
9.3498e-01
9.5180e-01
9.5118e-01
9.2489e-01
9.5576e-01
9.6701e-01
9.6345e-01
9.2752e-01
9.4607e-01
9.4959e-01
9.4099e-01
9.4546e-01
9.3373e-01
9.3670e-01
9.6133e-01
9.1384e-01
9.3573e-01
9.4382e-01
9.5257e-01
9.4385e-01
9.5491e-01
9.3890e-01
9.3378e-01
9.2470e-01
9.5366e-01
9.2494e-01
9.5820e-01
9.2133e-01
9.5008e-01
9.4489e-01
9.3706e-01
9.4020e-01
9.3533e-01
9.3459e-01
9.2313e-01
9.5682e-01
9.1492e-01
9.3254e-01
1.0000e+00
9.6131e-01
9.5903e-01
9.3434e-01
9.2992e-01
9.4331e-01
9.4417e-01
9.3503e-01
9.3276e-01
9.2650e-01
9.5085e-01
9.4483e-01
9.3215e-01
9.3832e-01
9.3151e-01
9.3813e-01
9.3660e-01
9.3339e-01
9.5892e-01
9.3373e-01
9.3637e-01
9.3740e-01
9.4810e-01
9.5064e-01
9.3454e-01
9.3305e-01
9.4094e-01
9.6679e-01
9.4796e-01
9.3787e-01
9.3817e-01
9.3788e-01
9.4456e-01
9.4630e-01
9.4461e-01
9.4725e-01
9.3671e-01
9.3628e-01
9.3864e-01
9.2531e-01
9.3081e-01
9.6528e-01
9.4191e-01
9.3887e-01
9.3395e-01
9.5927e-01
9.5806e-01
9.1821e-01
9.3930e-01
9.5539e-01
9.6575e-01
9.5365e-01
9.5036e-01
9.5069e-01
9.2159e-01
9.5206e-01
9.5947e-01
9.5245e-01
9.4673e-01
9.3474e-01
9.4073e-01
9.3972e-01
9.3469e-01
9.4365e-01
9.5488e-01
9.3529e-01
9.5738e-01
9.4402e-01
9.6594e-01
9.5744e-01
9.4380e-01
9.4607e-01
9.3023e-01
9.4489e-01
9.5031e-01
9.5145e-01
9.5154e-01
9.1816e-01
9.2625e-01
9.4557e-01
9.4891e-01
9.4001e-01
9.2819e-01
9.4632e-01
9.4586e-01
9.4991e-01
9.6001e-01
9.6850e-01
9.5398e-01
9.6391e-01
9.5694e-01
9.4993e-01
9.3333e-01
9.3264e-01
9.4419e-01
9.0873e-01
9.3847e-01
9.3625e-01
9.3480e-01
9.3058e-01
9.2967e-01
9.5273e-01
9.5523e-01
9.2626e-01
9.5715e-01
9.5472e-01
9.3321e-01
9.3737e-01
9.6631e-01
9.3788e-01
9.4568e-01
9.3561e-01
9.2642e-01
9.5450e-01
9.4251e-01
9.6339e-01
9.4322e-01
9.6642e-01
9.4764e-01
9.3397e-01
9.3280e-01
9.1386e-01
9.3932e-01
9.4690e-01
9.4800e-01
9.4344e-01
9.5418e-01
9.6641e-01
9.5867e-01
9.3630e-01
9.3665e-01
9.2588e-01
9.5697e-01
9.4501e-01
9.1403e-01
9.4644e-01
9.5570e-01
9.3871e-01
9.6191e-01
9.4732e-01
9.6776e-01
9.4345e-01
9.5280e-01
9.6333e-01
9.4680e-01
9.2808e-01
9.6330e-01
9.5011e-01
9.5028e-01
9.3852e-01
9.2393e-01
9.3380e-01
9.4587e-01
9.2885e-01
9.4372e-01
9.3548e-01
9.6152e-01
9.2892e-01
9.2647e-01
9.4132e-01
9.7667e-01
9.2108e-01
9.4384e-01
9.3325e-01
9.4717e-01
9.3929e-01
9.2992e-01
9.3082e-01
9.3319e-01
9.4070e-01
9.6135e-01
9.3116e-01
9.4492e-01
9.5750e-01
9.3641e-01
9.4542e-01
9.3567e-01
9.3732e-01
9.5280e-01
9.4865e-01
9.6001e-01
9.4562e-01
9.5982e-01
9.7933e-01
9.6078e-01
9.5345e-01
9.3792e-01
9.3206e-01
9.3494e-01
9.8635e-01
9.5710e-01
9.6526e-01
9.4459e-01
9.5690e-01
9.4894e-01
9.4386e-01
9.3514e-01
9.5760e-01
9.3105e-01
9.4427e-01
9.5267e-01
9.1872e-01
9.3696e-01
9.4757e-01
9.3342e-01
9.2740e-01
9.2792e-01
9.4960e-01
9.6432e-01
9.3263e-01
9.3558e-01
9.5343e-01
9.6221e-01
9.5044e-01
9.5604e-01
9.2672e-01
9.6072e-01
9.5391e-01
9.4749e-01
9.4242e-01
9.4096e-01
9.3406e-01
9.2563e-01
9.3583e-01
9.2407e-01
9.5440e-01
9.4377e-01
9.4319e-01
9.4937e-01
9.5774e-01
9.6643e-01
9.6111e-01
9.6956e-01
9.6166e-01
9.3695e-01
9.2159e-01
1.0000e+00
9.3971e-01
9.5126e-01
9.4657e-01
9.4815e-01
9.5785e-01
9.3026e-01
9.6094e-01
9.4337e-01
9.5853e-01
9.5948e-01
9.4828e-01
9.6208e-01
9.2748e-01
9.6928e-01
9.4820e-01
9.2028e-01
9.5242e-01
9.4796e-01
9.3499e-01
9.3185e-01
9.3899e-01
9.6205e-01
9.4094e-01
9.4275e-01
9.5897e-01
9.2975e-01
9.6173e-01
9.6705e-01
9.4421e-01
9.3044e-01
9.4181e-01
9.3982e-01
9.4051e-01
9.3442e-01
9.4192e-01
9.4354e-01
9.4267e-01
9.3129e-01
9.5927e-01
9.5768e-01
9.5820e-01
9.4928e-01
9.1766e-01
9.3385e-01
9.3695e-01
9.4309e-01
9.5242e-01
9.6245e-01
9.4263e-01
9.2278e-01
9.5592e-01
9.4803e-01
9.5265e-01
9.4596e-01
9.6280e-01
9.5122e-01
9.3856e-01
9.2894e-01
9.3745e-01
9.5549e-01
9.6001e-01
9.4680e-01
9.3366e-01
9.6059e-01
9.4478e-01
9.5846e-01
9.4589e-01
9.4743e-01
9.3396e-01
9.6662e-01
9.5034e-01
9.6048e-01
9.4276e-01
9.5326e-01
9.2429e-01
9.3071e-01
9.2120e-01
9.2895e-01
9.4455e-01
9.3849e-01
9.3979e-01
9.5216e-01
9.2828e-01
9.6499e-01
9.6578e-01
9.3318e-01
9.3996e-01
9.4474e-01
9.3360e-01
9.3219e-01
9.5523e-01
9.5993e-01
1.0000e+00
9.3862e-01
9.2035e-01
9.4611e-01
9.4832e-01
9.3874e-01
9.3494e-01
9.5341e-01
9.3362e-01
9.4408e-01
9.6084e-01
9.3019e-01
9.3233e-01
9.3968e-01
9.4978e-01
9.4236e-01
9.2280e-01
9.5388e-01
9.4528e-01
9.5216e-01
9.4629e-01
9.4047e-01
9.5773e-01
9.3772e-01
9.4402e-01
9.6143e-01
9.5191e-01
9.3799e-01
9.4161e-01
9.3104e-01
9.5557e-01
9.2233e-01
9.4661e-01
9.4898e-01
9.5189e-01
9.4156e-01
9.2915e-01
9.5363e-01
9.5265e-01
9.6077e-01
9.3355e-01
9.3023e-01
9.3362e-01
9.6643e-01
9.3201e-01
9.4392e-01
9.3246e-01
9.4211e-01
9.1807e-01
9.6370e-01
9.5495e-01
9.5433e-01
9.3674e-01
9.3427e-01
9.6488e-01
9.3317e-01
9.3361e-01
9.6682e-01
9.4284e-01
9.3925e-01
9.4090e-01
9.2693e-01
9.4317e-01
9.4820e-01
9.5074e-01
9.3138e-01
9.2184e-01
9.4740e-01
9.3504e-01
9.4968e-01
9.5070e-01
9.5734e-01
9.6474e-01
9.3884e-01
9.5785e-01
9.6500e-01
9.3564e-01
9.3544e-01
9.4971e-01
9.3902e-01
9.5367e-01
9.5831e-01
9.5794e-01
9.6491e-01
9.6374e-01
9.4509e-01
9.5682e-01
9.4482e-01
9.5361e-01
9.6069e-01
9.9994e-01
9.4002e-01
9.5116e-01
9.4812e-01
9.3488e-01
9.3035e-01
9.4409e-01
9.4623e-01
9.3792e-01
9.3475e-01
9.2368e-01
9.3769e-01
9.3084e-01
9.5960e-01
9.4277e-01
9.4630e-01
9.5285e-01
9.2518e-01
9.3294e-01
9.4503e-01
9.7007e-01
9.1793e-01
9.5276e-01
9.6129e-01
9.4538e-01
9.5757e-01
9.4128e-01
9.3199e-01
9.2763e-01
9.5456e-01
9.3181e-01
9.6964e-01
9.4971e-01
9.4292e-01
9.4232e-01
9.1832e-01
9.1292e-01
9.3937e-01
9.6209e-01
9.6251e-01
9.3627e-01
9.4293e-01
9.3835e-01
9.3258e-01
9.4488e-01
9.4999e-01
9.2227e-01
9.4688e-01
9.3231e-01
9.4368e-01
9.4134e-01
9.4798e-01
9.4023e-01
9.3021e-01
9.5370e-01
9.5526e-01
9.6913e-01
9.5227e-01
9.3667e-01
9.7135e-01
9.4308e-01
9.5010e-01
9.5912e-01
9.5450e-01
9.2667e-01
9.3402e-01
9.0011e-01
9.2326e-01
9.4818e-01
9.5050e-01
9.3593e-01
9.4497e-01
9.3994e-01
9.5206e-01
9.4770e-01
9.3974e-01
9.4587e-01
9.5584e-01
9.4821e-01
9.5237e-01
9.5082e-01
9.5519e-01
9.1212e-01
9.4919e-01
8.1416e-01
9.4695e-01
9.3909e-01
9.4559e-01
9.4189e-01
9.1455e-01
9.3059e-01
9.4066e-01
9.1463e-01
9.4524e-01
9.4318e-01
9.2363e-01
9.3403e-01
9.4545e-01
9.3884e-01
9.5511e-01
9.4046e-01
9.4304e-01
9.4818e-01
9.4484e-01
9.6978e-01
9.2413e-01
9.6035e-01
9.5029e-01
9.2583e-01
9.6131e-01
9.5179e-01
9.2076e-01
9.0272e-01
9.4232e-01
9.4532e-01
9.4181e-01
9.4454e-01
9.5216e-01
9.2480e-01
9.3425e-01
9.4437e-01
9.5711e-01
9.2507e-01
9.4317e-01
9.4483e-01
9.0975e-01
9.2654e-01
9.4720e-01
9.4849e-01
9.4219e-01
9.6558e-01
9.4936e-01
9.2701e-01
9.4627e-01
9.4024e-01
9.4632e-01
9.2979e-01
9.4958e-01
9.3404e-01
9.2261e-01
9.5099e-01
9.5319e-01
9.2597e-01
9.4671e-01
9.5253e-01
9.2026e-01
9.3002e-01
9.3838e-01
9.4851e-01
9.5934e-01
9.2464e-01
9.5624e-01
9.4424e-01
9.3980e-01
9.4962e-01
9.4175e-01
9.2329e-01
9.4179e-01
9.2942e-01
9.5041e-01
9.5053e-01
9.3296e-01
9.5539e-01
9.5644e-01
9.1375e-01
8.7558e-01
8.5220e-01
9.4383e-01
9.4061e-01
9.5182e-01
9.3948e-01
9.5319e-01
9.5518e-01
9.4207e-01
9.1814e-01
9.4280e-01
9.3879e-01
9.3021e-01
9.6515e-01
9.4139e-01
9.5712e-01
9.2583e-01
9.5606e-01
9.4195e-01
9.7073e-01
9.5003e-01
9.7160e-01
9.4193e-01
9.6018e-01
9.3762e-01
9.3916e-01
9.2607e-01
9.4413e-01
9.4274e-01
9.3311e-01
9.5561e-01
9.4602e-01
9.2657e-01
9.4997e-01
9.3599e-01
9.3540e-01
9.1953e-01
9.3152e-01
9.8769e-01
9.7352e-01
9.5951e-01
9.2230e-01
9.4127e-01
9.5696e-01
9.3710e-01
9.2651e-01
9.4719e-01
9.4673e-01
9.2857e-01
9.2908e-01
9.3732e-01
9.3483e-01
9.5286e-01
9.2375e-01
9.5091e-01
9.3702e-01
9.1601e-01
9.2847e-01
9.6097e-01
9.4487e-01
9.2778e-01
9.4291e-01
9.4329e-01
9.4571e-01
9.3347e-01
9.3508e-01
9.5250e-01
9.4965e-01
9.4323e-01
9.5863e-01
9.6528e-01
9.5963e-01
9.6069e-01
9.3787e-01
9.3812e-01
9.4621e-01
9.6454e-01
9.3965e-01
9.4642e-01
9.3852e-01
9.6795e-01
9.7390e-01
9.4890e-01
9.5149e-01
9.4762e-01
9.6500e-01
9.5586e-01
9.2796e-01
9.4228e-01
9.4420e-01
9.4214e-01
9.2895e-01
9.5486e-01
9.5704e-01
9.4452e-01
9.3805e-01
9.3789e-01
9.1307e-01
9.4885e-01
9.6308e-01
9.6895e-01
9.7349e-01
9.2960e-01
9.4973e-01
9.2473e-01
9.4157e-01
9.2933e-01
9.4943e-01
9.1221e-01
9.7082e-01
9.5460e-01
9.4944e-01
9.3352e-01
9.5061e-01
9.1762e-01
9.3629e-01
9.3581e-01
9.3979e-01
9.4079e-01
9.3253e-01
9.5173e-01
9.4683e-01
9.4669e-01
9.3260e-01
9.4349e-01
9.4083e-01
9.3933e-01
9.5138e-01
9.6687e-01
9.4110e-01
9.4389e-01
9.3563e-01
9.2699e-01
9.3169e-01
9.4199e-01
9.5060e-01
9.3058e-01
9.6108e-01
9.2002e-01
9.7593e-01
9.3491e-01
9.3478e-01
9.5770e-01
9.3854e-01
9.4389e-01
9.3237e-01
9.2724e-01
9.2052e-01
9.6574e-01
9.5488e-01
9.3003e-01
9.4460e-01
9.4585e-01
9.5533e-01
9.3158e-01
9.3706e-01
9.3839e-01
9.4570e-01
9.3365e-01
9.3682e-01
9.4767e-01
9.2395e-01
9.3655e-01
9.5841e-01
9.5809e-01
9.4015e-01
9.3369e-01
9.5028e-01
9.6026e-01
9.1936e-01
1.0000e+00
9.4862e-01
9.6630e-01
9.5236e-01
