9.7648e-01
9.6963e-01
9.7906e-01
9.7743e-01
9.7919e-01
9.7633e-01
9.7832e-01
9.7756e-01
9.7789e-01
9.7893e-01
9.7587e-01
9.7823e-01
9.7725e-01
9.7471e-01
9.6991e-01
9.6700e-01
9.7798e-01
9.7777e-01
9.7725e-01
9.7696e-01
9.7868e-01
9.7784e-01
9.7649e-01
9.7474e-01
9.5225e-01
9.7393e-01
9.5559e-01
9.7858e-01
9.7790e-01
9.7160e-01
9.7819e-01
9.7831e-01
9.7691e-01
9.7848e-01
9.7566e-01
9.7317e-01
9.7719e-01
9.7825e-01
9.5299e-01
9.7799e-01
9.7842e-01
9.7635e-01
9.7745e-01
9.7518e-01
9.7848e-01
9.7963e-01
9.8042e-01
9.7706e-01
9.7714e-01
9.7829e-01
9.6654e-01
9.7650e-01
9.7658e-01
9.7823e-01
9.7754e-01
9.7884e-01
9.7511e-01
9.7682e-01
9.7632e-01
9.7819e-01
9.8064e-01
9.7722e-01
9.7674e-01
9.7679e-01
9.7056e-01
9.7811e-01
9.7863e-01
9.7879e-01
9.6878e-01
9.7907e-01
9.7883e-01
9.7938e-01
9.7765e-01
9.7657e-01
9.7804e-01
9.7886e-01
9.7726e-01
9.7760e-01
9.7008e-01
9.7878e-01
9.7775e-01
9.7711e-01
9.7404e-01
9.7868e-01
9.6998e-01
9.7760e-01
9.7453e-01
9.7689e-01
9.7605e-01
9.7946e-01
9.6929e-01
9.7734e-01
9.7733e-01
9.7899e-01
9.7909e-01
9.7169e-01
9.7768e-01
9.7720e-01
9.7924e-01
9.7677e-01
9.7676e-01
9.7649e-01
9.7911e-01
9.7050e-01
9.7597e-01
9.6941e-01
9.7702e-01
9.7823e-01
9.7748e-01
9.7778e-01
9.7809e-01
9.7386e-01
9.5505e-01
9.8075e-01
9.7735e-01
9.6984e-01
9.8044e-01
9.7827e-01
9.7706e-01
9.7581e-01
9.7422e-01
9.7859e-01
9.6964e-01
9.7854e-01
9.7603e-01
9.7776e-01
9.7723e-01
9.7930e-01
9.7846e-01
9.7898e-01
9.7706e-01
9.7764e-01
9.7076e-01
9.7793e-01
9.7759e-01
9.7708e-01
9.7796e-01
9.7677e-01
9.7776e-01
9.7905e-01
9.7622e-01
9.7593e-01
9.7741e-01
9.7732e-01
9.7959e-01
9.7728e-01
9.7650e-01
9.7792e-01
9.7570e-01
9.7626e-01
9.8061e-01
9.7682e-01
9.7718e-01
9.7825e-01
9.7903e-01
9.7636e-01
9.7800e-01
9.7745e-01
9.6752e-01
9.5802e-01
9.7817e-01
9.7954e-01
9.7903e-01
9.7931e-01
9.5850e-01
9.7770e-01
9.7957e-01
9.7747e-01
9.7724e-01
9.7894e-01
9.7678e-01
9.7881e-01
9.7618e-01
9.7053e-01
9.7833e-01
9.7759e-01
9.5583e-01
9.6802e-01
9.7809e-01
9.7813e-01
9.7939e-01
9.7831e-01
9.7876e-01
9.7907e-01
9.7714e-01
9.7779e-01
9.7521e-01
9.7858e-01
9.7733e-01
9.7348e-01
9.7327e-01
9.7771e-01
9.7763e-01
9.7749e-01
9.6820e-01
9.7639e-01
9.7788e-01
9.7741e-01
9.6905e-01
9.7716e-01
9.7728e-01
9.7689e-01
9.7567e-01
9.6919e-01
9.7805e-01
9.7697e-01
9.7757e-01
9.6149e-01
9.7013e-01
9.7622e-01
9.7826e-01
9.7626e-01
9.7762e-01
9.6835e-01
9.7886e-01
9.7830e-01
9.7829e-01
9.7722e-01
9.7757e-01
9.7796e-01
9.7704e-01
9.7573e-01
9.7641e-01
9.7636e-01
9.7809e-01
9.7739e-01
9.7754e-01
9.7779e-01
9.7749e-01
9.7739e-01
9.7800e-01
9.7527e-01
9.7670e-01
9.7152e-01
9.7923e-01
9.7793e-01
9.7764e-01
9.7659e-01
9.7873e-01
9.7704e-01
9.7667e-01
9.7847e-01
9.6957e-01
9.6990e-01
9.6864e-01
9.7734e-01
9.7097e-01
9.7811e-01
9.7766e-01
9.8055e-01
9.7643e-01
9.7673e-01
9.5532e-01
9.7401e-01
9.7812e-01
9.7432e-01
9.7346e-01
9.7486e-01
9.5671e-01
9.7516e-01
9.7618e-01
9.7713e-01
9.6927e-01
9.7776e-01
9.6986e-01
9.5233e-01
9.7170e-01
9.7758e-01
9.7751e-01
9.7935e-01
9.8026e-01
9.7822e-01
9.7856e-01
9.7644e-01
9.7713e-01
9.7808e-01
9.7845e-01
9.7770e-01
9.7795e-01
9.7935e-01
9.7513e-01
9.7002e-01
9.7669e-01
9.7967e-01
9.7811e-01
9.7841e-01
9.7577e-01
9.7883e-01
9.7903e-01
9.7762e-01
9.7809e-01
9.7877e-01
9.7687e-01
9.7918e-01
9.7617e-01
9.7797e-01
9.7530e-01
9.7879e-01
9.7969e-01
9.7658e-01
9.7554e-01
9.7785e-01
9.6824e-01
9.7902e-01
9.7728e-01
9.7715e-01
9.7643e-01
9.7724e-01
9.7766e-01
9.7824e-01
9.7937e-01
9.7792e-01
9.7609e-01
9.7281e-01
9.7755e-01
9.7675e-01
9.7820e-01
9.6712e-01
9.7748e-01
9.7853e-01
9.7774e-01
9.7750e-01
9.7887e-01
9.8109e-01
9.7535e-01
9.7665e-01
9.7853e-01
9.7836e-01
9.7462e-01
9.7985e-01
9.7879e-01
9.7932e-01
9.7721e-01
9.8045e-01
9.7662e-01
9.7827e-01
9.7373e-01
9.7743e-01
9.7964e-01
9.7629e-01
9.7675e-01
9.7981e-01
9.7737e-01
9.7729e-01
9.7776e-01
9.7848e-01
9.7859e-01
9.7805e-01
9.7877e-01
9.7767e-01
9.7252e-01
9.7784e-01
9.7913e-01
9.7708e-01
9.7721e-01
9.7821e-01
9.7811e-01
9.7902e-01
9.7993e-01
9.7996e-01
9.7916e-01
9.7786e-01
9.7868e-01
9.7043e-01
9.7720e-01
9.7202e-01
9.7050e-01
9.7782e-01
9.7023e-01
9.7758e-01
9.7346e-01
9.7503e-01
9.7139e-01
9.7701e-01
9.7792e-01
9.7679e-01
9.7685e-01
9.7954e-01
9.7667e-01
9.7694e-01
9.7683e-01
9.7815e-01
9.7917e-01
9.7516e-01
9.7913e-01
9.7669e-01
9.7922e-01
9.7906e-01
9.7022e-01
9.7756e-01
9.7661e-01
9.7743e-01
9.7635e-01
9.7735e-01
9.7870e-01
9.7654e-01
9.7781e-01
9.7688e-01
9.6952e-01
9.7804e-01
9.7792e-01
9.7710e-01
9.7066e-01
9.7713e-01
9.7872e-01
9.7835e-01
9.7012e-01
9.7709e-01
9.7927e-01
9.7872e-01
9.7877e-01
9.7724e-01
9.7829e-01
9.6908e-01
9.7727e-01
9.7798e-01
9.7811e-01
9.7793e-01
9.7854e-01
9.7592e-01
9.7532e-01
9.6932e-01
9.7670e-01
9.7741e-01
9.7975e-01
9.7738e-01
9.7687e-01
9.7596e-01
9.7773e-01
9.7408e-01
9.7879e-01
9.7789e-01
9.7571e-01
9.7869e-01
9.7748e-01
9.7693e-01
9.7913e-01
9.7873e-01
9.7964e-01
9.7074e-01
9.7717e-01
9.7658e-01
9.7758e-01
9.7614e-01
9.5687e-01
9.7791e-01
9.7787e-01
9.7812e-01
9.7885e-01
9.7657e-01
9.7840e-01
9.7638e-01
9.7853e-01
9.8017e-01
9.7888e-01
9.7674e-01
9.7718e-01
9.7802e-01
9.7524e-01
9.7867e-01
9.7849e-01
9.7693e-01
9.7769e-01
9.7770e-01
9.7701e-01
9.7965e-01
9.7631e-01
9.7583e-01
9.7888e-01
9.7080e-01
9.7758e-01
9.7790e-01
9.7641e-01
9.7746e-01
9.7912e-01
9.7687e-01
9.7719e-01
9.7673e-01
9.8000e-01
9.7601e-01
9.7846e-01
9.7746e-01
9.7673e-01
9.7612e-01
9.6127e-01
9.7639e-01
9.7397e-01
9.7626e-01
9.7815e-01
9.7848e-01
9.7604e-01
9.6852e-01
9.5819e-01
9.7743e-01
9.7042e-01
9.7743e-01
9.7666e-01
9.7732e-01
9.7915e-01
9.7797e-01
9.7490e-01
9.7610e-01
9.7702e-01
9.7642e-01
9.7694e-01
9.7612e-01
9.7374e-01
9.7735e-01
9.7780e-01
9.7830e-01
9.7394e-01
9.6581e-01
9.7321e-01
9.7964e-01
9.7744e-01
9.7651e-01
9.7905e-01
9.7752e-01
9.7720e-01
9.7723e-01
9.6885e-01
9.7890e-01
9.7801e-01
9.6594e-01
9.8040e-01
9.6904e-01
9.7558e-01
9.7765e-01
9.7997e-01
9.7777e-01
9.7382e-01
9.7851e-01
9.7862e-01
9.7845e-01
9.7731e-01
9.7792e-01
9.7910e-01
9.7588e-01
9.7713e-01
9.7745e-01
9.7860e-01
9.7932e-01
9.7675e-01
9.7026e-01
9.7811e-01
9.7894e-01
9.7684e-01
9.7010e-01
9.7658e-01
9.7766e-01
9.7979e-01
9.7709e-01
9.7738e-01
9.7838e-01
9.7743e-01
9.7617e-01
9.7433e-01
9.7870e-01
9.7933e-01
9.7910e-01
9.6941e-01
9.6726e-01
9.7805e-01
9.7721e-01
9.7817e-01
9.7858e-01
9.7826e-01
9.7928e-01
9.7807e-01
9.7723e-01
9.6883e-01
9.7777e-01
9.7930e-01
9.7716e-01
9.7798e-01
9.7670e-01
9.7733e-01
9.7739e-01
9.7762e-01
9.7755e-01
9.6728e-01
9.8172e-01
9.7782e-01
9.7363e-01
9.8087e-01
9.7824e-01
9.7869e-01
9.7661e-01
9.7851e-01
9.7837e-01
9.7807e-01
9.7837e-01
9.7607e-01
9.7629e-01
9.7797e-01
9.7585e-01
9.7742e-01
9.7544e-01
9.7857e-01
9.7837e-01
9.7843e-01
9.7982e-01
9.7443e-01
9.6925e-01
9.7717e-01
9.7724e-01
9.7502e-01
9.7783e-01
9.7900e-01
9.7747e-01
9.7898e-01
9.7807e-01
9.7654e-01
9.7639e-01
9.7205e-01
9.7866e-01
9.7639e-01
9.7628e-01
9.5777e-01
9.7789e-01
9.6022e-01
9.7723e-01
9.6931e-01
9.7013e-01
9.7935e-01
9.6773e-01
9.7848e-01
9.7405e-01
9.5548e-01
9.7206e-01
9.7833e-01
9.7774e-01
9.7426e-01
9.7682e-01
9.5739e-01
9.7907e-01
9.7735e-01
9.7433e-01
9.7921e-01
9.7933e-01
9.7870e-01
9.7919e-01
9.7891e-01
9.7819e-01
9.8023e-01
9.7879e-01
9.7691e-01
9.6412e-01
9.7836e-01
9.7659e-01
9.7836e-01
9.7741e-01
9.7754e-01
9.7192e-01
9.7951e-01
9.7661e-01
9.7810e-01
9.7841e-01
9.7864e-01
9.7915e-01
9.7615e-01
9.7831e-01
9.7742e-01
9.8090e-01
9.7833e-01
9.7758e-01
9.7676e-01
9.7755e-01
9.7784e-01
9.6902e-01
9.7527e-01
9.8016e-01
9.7742e-01
9.7842e-01
9.5839e-01
9.7854e-01
9.7836e-01
9.6791e-01
9.7835e-01
9.7802e-01
9.7791e-01
9.7663e-01
9.7533e-01
9.5311e-01
9.7656e-01
9.7928e-01
9.7813e-01
9.7799e-01
9.7881e-01
9.7849e-01
9.6901e-01
9.7804e-01
9.7665e-01
9.7812e-01
9.7785e-01
9.7747e-01
9.7723e-01
9.6962e-01
9.7443e-01
9.7978e-01
9.7846e-01
9.7872e-01
9.7764e-01
9.7077e-01
9.7969e-01
9.7769e-01
9.5568e-01
9.7666e-01
9.7737e-01
9.7328e-01
9.5835e-01
9.7828e-01
9.7767e-01
9.7831e-01
9.7766e-01
9.7850e-01
9.7829e-01
9.7685e-01
9.7787e-01
9.6878e-01
9.7857e-01
9.7060e-01
9.7823e-01
9.7851e-01
9.7792e-01
9.7573e-01
9.7808e-01
9.7886e-01
9.7838e-01
9.7886e-01
9.7934e-01
9.6708e-01
9.7698e-01
9.7896e-01
9.7724e-01
9.7691e-01
9.7682e-01
9.7812e-01
9.5609e-01
9.7840e-01
9.7048e-01
9.7697e-01
9.7726e-01
9.6619e-01
9.7756e-01
9.7910e-01
9.7723e-01
9.7026e-01
9.7945e-01
9.7765e-01
9.7834e-01
9.7704e-01
9.7878e-01
9.7938e-01
9.7697e-01
9.7876e-01
9.7591e-01
9.6726e-01
9.7401e-01
9.7824e-01
9.7785e-01
9.7741e-01
9.7926e-01
9.7632e-01
9.7620e-01
9.7785e-01
9.6660e-01
9.7701e-01
9.7854e-01
9.7796e-01
9.7626e-01
9.7110e-01
9.7729e-01
9.7738e-01
9.5741e-01
9.7862e-01
9.7598e-01
9.7783e-01
9.7887e-01
9.7929e-01
9.7849e-01
9.7712e-01
9.7767e-01
9.7823e-01
9.7967e-01
9.7640e-01
9.7912e-01
9.7858e-01
9.6645e-01
9.7715e-01
9.7642e-01
9.7589e-01
9.7736e-01
9.6625e-01
9.7370e-01
9.7938e-01
9.5583e-01
9.7665e-01
9.7796e-01
9.7714e-01
9.7763e-01
9.7700e-01
9.6891e-01
9.7951e-01
9.7894e-01
9.7509e-01
9.7816e-01
9.7810e-01
9.7667e-01
9.7615e-01
9.7670e-01
9.7779e-01
9.7845e-01
9.7706e-01
9.7101e-01
9.8014e-01
9.7722e-01
9.7783e-01
9.6949e-01
9.7358e-01
9.7787e-01
9.7972e-01
9.7787e-01
9.7856e-01
9.7631e-01
9.7880e-01
9.7975e-01
9.7837e-01
9.7843e-01
9.7366e-01
9.7058e-01
9.7925e-01
9.7601e-01
9.7723e-01
9.7721e-01
9.6911e-01
9.7694e-01
9.7783e-01
9.7575e-01
9.7729e-01
9.7906e-01
9.7779e-01
9.7919e-01
9.7325e-01
9.6976e-01
9.7668e-01
9.7081e-01
9.7698e-01
9.7886e-01
9.7179e-01
9.7679e-01
9.7819e-01
9.7700e-01
9.7981e-01
9.7771e-01
9.7776e-01
9.7717e-01
9.7654e-01
9.7805e-01
9.7798e-01
9.7837e-01
9.7740e-01
9.7695e-01
9.7676e-01
9.6978e-01
9.7383e-01
9.7815e-01
9.7613e-01
9.7640e-01
9.7738e-01
9.7696e-01
9.6954e-01
9.7941e-01
9.7667e-01
9.7782e-01
9.7779e-01
9.7429e-01
9.7853e-01
9.7864e-01
9.7774e-01
9.7958e-01
9.7772e-01
9.7916e-01
9.7829e-01
9.7999e-01
9.7754e-01
9.7625e-01
9.7396e-01
9.7809e-01
9.7703e-01
9.7673e-01
9.7337e-01
9.7653e-01
9.7788e-01
9.7898e-01
9.7803e-01
9.6918e-01
9.7820e-01
9.7864e-01
9.7664e-01
9.7841e-01
9.7768e-01
9.7753e-01
9.7378e-01
9.7744e-01
9.7900e-01
9.8010e-01
9.7822e-01
9.6917e-01
9.7908e-01
9.7960e-01
9.7684e-01
9.7856e-01
9.7840e-01
9.7467e-01
9.6892e-01
9.7839e-01
9.7917e-01
9.7550e-01
9.7247e-01
9.8017e-01
9.7717e-01
9.8005e-01
9.7638e-01
9.7598e-01
9.7632e-01
9.7006e-01
9.7718e-01
9.7765e-01
9.7857e-01
9.7686e-01
9.7951e-01
9.7910e-01
9.7044e-01
9.5478e-01
9.7833e-01
9.7722e-01
9.7401e-01
9.7739e-01
9.7768e-01
9.7653e-01
9.7904e-01
9.7122e-01
9.7878e-01
9.6886e-01
9.7763e-01
9.7763e-01
9.7898e-01
9.7838e-01
9.7750e-01
9.7882e-01
9.7844e-01
9.7666e-01
9.7927e-01
9.7966e-01
9.7768e-01
9.7726e-01
9.7708e-01
9.7779e-01
9.7768e-01
9.7766e-01
9.6978e-01
9.7656e-01
9.6868e-01
9.7769e-01
9.7729e-01
9.7839e-01
9.7756e-01
9.7998e-01
9.7780e-01
9.7776e-01
9.7904e-01
9.7763e-01
9.7845e-01
9.7789e-01
9.6865e-01
9.7750e-01
9.7767e-01
9.7716e-01
9.7316e-01
9.7827e-01
9.7488e-01
9.7903e-01
9.7806e-01
9.7658e-01
9.7581e-01
9.7629e-01
9.7833e-01
9.7669e-01
9.7888e-01
9.7624e-01
9.6808e-01
9.7860e-01
9.7864e-01
9.5519e-01
9.6530e-01
9.7768e-01
9.7668e-01
9.6472e-01
9.7994e-01
