9.6523e-01
9.6598e-01
9.6034e-01
9.7352e-01
9.5713e-01
9.6394e-01
9.6325e-01
9.6553e-01
9.5980e-01
9.5206e-01
9.6015e-01
9.7861e-01
9.5691e-01
9.6408e-01
9.7480e-01
9.6768e-01
9.5748e-01
9.6060e-01
9.7084e-01
9.6753e-01
9.6075e-01
9.5684e-01
9.5926e-01
9.5141e-01
9.6960e-01
9.5907e-01
9.6354e-01
9.5369e-01
9.3016e-01
9.6771e-01
9.6293e-01
9.3740e-01
9.6537e-01
9.7652e-01
9.7277e-01
9.6533e-01
9.6531e-01
9.7318e-01
9.5576e-01
9.6062e-01
9.7176e-01
9.3835e-01
9.6922e-01
9.5959e-01
9.5275e-01
9.6507e-01
9.6099e-01
9.5935e-01
9.5419e-01
9.5327e-01
9.6680e-01
8.7177e-01
9.6663e-01
9.6866e-01
9.5229e-01
9.6524e-01
9.5401e-01
9.7495e-01
9.6568e-01
9.6098e-01
9.5016e-01
9.6767e-01
9.6642e-01
9.6389e-01
9.5922e-01
9.5864e-01
9.5437e-01
9.5304e-01
9.7168e-01
9.4397e-01
9.6879e-01
9.7323e-01
9.4440e-01
9.6568e-01
9.6943e-01
9.4468e-01
9.6640e-01
9.6843e-01
9.6232e-01
8.4631e-01
9.5421e-01
9.4825e-01
9.6006e-01
9.5543e-01
9.5135e-01
9.5989e-01
9.7355e-01
9.7133e-01
9.7562e-01
9.5315e-01
9.7088e-01
9.5522e-01
9.7266e-01
9.6712e-01
9.6213e-01
9.6301e-01
9.6207e-01
9.5466e-01
9.6196e-01
9.4561e-01
9.7429e-01
9.5849e-01
9.6171e-01
9.6921e-01
9.5993e-01
9.6291e-01
9.7119e-01
9.6488e-01
9.6861e-01
9.5682e-01
9.5939e-01
9.5492e-01
9.5302e-01
9.6407e-01
9.7260e-01
9.6950e-01
9.7694e-01
9.7106e-01
9.6027e-01
9.6685e-01
9.6212e-01
9.6355e-01
9.6153e-01
9.5615e-01
9.4998e-01
9.7639e-01
9.6430e-01
9.5529e-01
9.5712e-01
9.7378e-01
9.3462e-01
9.5520e-01
9.4502e-01
9.5482e-01
9.4856e-01
9.6445e-01
9.5407e-01
9.6050e-01
9.4739e-01
9.6502e-01
9.7716e-01
9.5500e-01
9.7019e-01
9.6283e-01
9.7117e-01
9.7133e-01
9.6945e-01
9.5899e-01
9.6642e-01
9.7464e-01
9.5761e-01
9.3536e-01
9.6256e-01
9.5876e-01
9.5726e-01
9.7191e-01
9.6252e-01
9.5120e-01
9.5746e-01
9.6467e-01
9.6380e-01
9.7801e-01
9.5524e-01
9.6126e-01
9.7223e-01
9.5725e-01
9.6506e-01
9.6555e-01
9.6228e-01
9.6774e-01
9.6853e-01
9.6405e-01
9.6863e-01
9.5967e-01
9.6887e-01
9.5020e-01
9.7293e-01
9.6800e-01
9.5609e-01
9.5033e-01
9.6518e-01
9.7688e-01
9.5437e-01
9.6632e-01
9.7300e-01
9.5563e-01
9.7050e-01
9.7378e-01
9.5894e-01
9.7093e-01
9.5557e-01
9.7315e-01
9.5280e-01
9.5293e-01
9.6634e-01
9.4664e-01
9.6786e-01
9.5341e-01
9.5836e-01
9.5657e-01
9.7036e-01
9.3847e-01
9.5749e-01
9.6650e-01
9.5999e-01
9.6168e-01
9.6353e-01
9.6418e-01
9.4743e-01
9.5240e-01
9.6209e-01
9.7671e-01
9.5726e-01
9.6212e-01
9.6547e-01
9.6007e-01
9.7306e-01
9.7300e-01
9.6457e-01
9.5632e-01
9.4887e-01
9.5822e-01
9.4039e-01
9.6640e-01
9.6478e-01
9.5685e-01
9.6275e-01
9.6914e-01
9.6221e-01
9.6181e-01
9.6402e-01
9.6787e-01
9.6434e-01
9.5750e-01
9.6144e-01
9.6896e-01
9.3965e-01
9.6560e-01
9.5661e-01
9.6335e-01
9.6179e-01
9.6854e-01
9.7324e-01
9.6322e-01
9.7115e-01
9.5945e-01
9.5109e-01
9.6650e-01
9.5801e-01
9.6354e-01
9.6468e-01
9.5136e-01
9.5306e-01
9.6219e-01
9.6683e-01
9.7863e-01
9.5130e-01
9.5217e-01
9.6635e-01
9.7173e-01
9.5060e-01
9.6209e-01
9.6459e-01
9.7360e-01
9.5971e-01
9.6274e-01
9.4365e-01
9.6589e-01
9.5863e-01
9.5491e-01
9.5125e-01
9.5834e-01
9.5250e-01
9.7253e-01
9.7582e-01
9.6355e-01
9.6024e-01
9.6587e-01
9.6920e-01
9.6320e-01
9.5935e-01
9.6151e-01
9.6012e-01
9.7327e-01
9.6493e-01
9.6716e-01
9.6755e-01
9.6186e-01
9.6600e-01
9.7185e-01
9.6621e-01
9.7236e-01
9.7069e-01
9.6170e-01
9.5730e-01
9.6783e-01
9.6239e-01
9.6214e-01
9.4877e-01
9.6143e-01
9.6742e-01
9.4903e-01
9.5624e-01
9.6063e-01
9.6200e-01
9.6320e-01
9.6097e-01
9.6267e-01
9.5364e-01
9.5823e-01
9.6159e-01
9.6342e-01
9.7013e-01
9.6876e-01
9.6092e-01
9.6343e-01
9.7985e-01
9.5518e-01
9.6678e-01
9.6815e-01
9.5815e-01
9.6127e-01
9.6361e-01
9.6158e-01
9.5301e-01
9.5538e-01
9.6653e-01
9.6868e-01
9.6902e-01
9.6160e-01
9.7858e-01
9.6089e-01
9.4862e-01
9.7154e-01
9.6118e-01
9.7290e-01
9.6991e-01
9.4870e-01
9.6841e-01
9.4467e-01
9.6447e-01
9.7152e-01
9.6960e-01
9.7371e-01
9.6942e-01
9.6337e-01
9.5724e-01
9.5995e-01
9.6802e-01
9.7063e-01
9.5380e-01
9.5889e-01
9.6699e-01
9.6130e-01
9.6200e-01
9.6912e-01
9.6410e-01
9.6501e-01
9.6299e-01
9.5551e-01
9.7349e-01
9.5995e-01
9.7171e-01
9.5414e-01
9.5642e-01
9.5874e-01
9.4493e-01
9.5496e-01
9.6339e-01
9.7033e-01
9.7235e-01
9.6932e-01
9.6534e-01
9.6966e-01
9.5785e-01
9.7547e-01
9.5435e-01
9.5834e-01
9.5419e-01
9.5964e-01
9.7672e-01
9.5916e-01
9.6477e-01
9.8032e-01
9.6663e-01
9.6465e-01
9.4667e-01
9.7184e-01
9.5973e-01
9.6792e-01
9.6101e-01
9.5428e-01
9.5450e-01
9.5169e-01
9.5446e-01
9.4663e-01
9.6547e-01
9.6202e-01
9.5614e-01
9.4861e-01
9.6491e-01
9.7308e-01
9.6808e-01
9.6283e-01
9.5525e-01
9.6675e-01
9.5253e-01
9.4930e-01
9.5602e-01
9.4672e-01
9.7222e-01
9.6034e-01
9.7536e-01
9.3857e-01
9.4693e-01
9.6788e-01
9.6252e-01
9.5320e-01
9.6786e-01
9.6296e-01
9.5782e-01
9.7260e-01
9.5745e-01
9.6719e-01
9.6932e-01
9.6048e-01
9.6829e-01
9.5396e-01
9.5483e-01
9.7407e-01
9.6380e-01
9.6994e-01
9.5782e-01
9.5189e-01
9.7452e-01
9.6762e-01
9.4569e-01
9.4596e-01
9.6628e-01
9.7778e-01
9.5645e-01
9.6529e-01
9.4824e-01
9.6939e-01
9.5220e-01
9.5139e-01
9.6857e-01
9.6322e-01
9.5293e-01
9.7692e-01
9.6185e-01
9.6320e-01
9.6372e-01
9.6809e-01
9.6163e-01
9.4453e-01
9.5296e-01
9.6126e-01
9.6981e-01
9.6816e-01
9.6922e-01
9.5212e-01
9.5977e-01
9.6780e-01
9.6861e-01
9.6633e-01
9.6941e-01
9.6267e-01
9.6404e-01
9.5958e-01
9.6118e-01
9.6325e-01
9.6648e-01
9.4169e-01
9.5685e-01
9.7170e-01
9.7580e-01
9.5138e-01
9.6595e-01
9.5989e-01
9.7424e-01
9.6241e-01
9.5484e-01
9.6681e-01
9.6946e-01
9.5836e-01
9.6653e-01
9.6702e-01
9.6892e-01
9.6694e-01
9.5181e-01
9.6697e-01
9.6359e-01
9.5452e-01
9.6820e-01
9.5748e-01
9.8397e-01
9.5410e-01
9.5760e-01
9.5516e-01
9.6410e-01
9.5484e-01
9.6373e-01
9.6657e-01
9.6200e-01
9.7841e-01
9.6266e-01
9.7086e-01
9.4450e-01
9.7327e-01
9.6222e-01
9.6139e-01
9.6432e-01
9.7255e-01
9.5432e-01
9.5957e-01
9.5686e-01
9.7097e-01
9.6361e-01
9.4536e-01
9.4904e-01
9.5067e-01
9.5632e-01
9.7167e-01
9.6293e-01
9.5129e-01
9.6702e-01
9.5808e-01
9.6746e-01
9.9942e-01
9.5638e-01
9.6141e-01
9.6488e-01
9.6594e-01
9.6761e-01
9.6521e-01
9.5555e-01
9.5198e-01
9.6433e-01
9.6422e-01
9.5416e-01
9.6237e-01
9.5296e-01
9.6138e-01
9.6852e-01
9.5635e-01
9.5442e-01
9.7142e-01
9.7045e-01
9.8223e-01
9.6809e-01
9.5799e-01
9.5374e-01
9.6805e-01
9.5724e-01
9.4532e-01
9.4101e-01
9.6336e-01
9.4232e-01
9.4970e-01
9.6503e-01
9.6044e-01
9.6977e-01
9.6330e-01
9.5832e-01
9.6356e-01
9.5644e-01
9.6155e-01
9.7149e-01
9.6564e-01
9.6124e-01
9.5808e-01
9.6924e-01
9.5077e-01
9.5910e-01
9.6860e-01
9.4896e-01
9.6127e-01
9.7458e-01
9.5872e-01
9.7462e-01
9.4946e-01
9.7527e-01
9.5004e-01
9.5298e-01
9.5825e-01
9.6753e-01
9.5030e-01
9.6214e-01
9.5596e-01
9.6461e-01
9.5672e-01
9.6484e-01
9.5987e-01
9.6942e-01
9.7071e-01
9.6820e-01
9.5820e-01
9.6943e-01
9.4482e-01
9.5629e-01
9.7716e-01
9.5985e-01
9.6216e-01
9.3920e-01
9.6380e-01
9.6168e-01
9.6424e-01
9.6431e-01
9.4819e-01
9.5697e-01
9.5684e-01
9.7129e-01
9.7771e-01
9.6826e-01
9.7156e-01
9.6524e-01
9.7072e-01
9.7032e-01
9.6206e-01
9.6151e-01
9.5030e-01
9.3100e-01
9.5890e-01
9.6892e-01
9.6734e-01
9.6042e-01
9.7822e-01
9.7661e-01
9.6867e-01
9.4666e-01
9.4838e-01
9.4594e-01
9.6161e-01
9.6532e-01
9.6774e-01
9.6471e-01
9.7319e-01
9.6970e-01
9.6146e-01
9.5841e-01
9.5623e-01
9.5215e-01
9.7132e-01
9.5382e-01
9.6159e-01
9.5834e-01
9.7661e-01
9.7159e-01
9.7414e-01
9.6104e-01
9.5685e-01
9.4865e-01
9.6994e-01
9.5573e-01
9.6361e-01
9.6068e-01
9.6847e-01
9.6941e-01
9.6869e-01
9.6381e-01
9.6190e-01
9.6497e-01
9.7792e-01
9.7403e-01
9.7490e-01
9.5650e-01
9.5814e-01
9.7500e-01
9.5313e-01
9.7329e-01
9.6398e-01
9.7897e-01
9.6630e-01
9.7917e-01
9.4231e-01
9.6524e-01
9.6906e-01
9.7082e-01
9.7031e-01
9.5316e-01
9.6330e-01
9.7590e-01
9.6579e-01
9.7267e-01
9.6889e-01
9.6403e-01
9.5152e-01
9.5878e-01
9.6033e-01
9.6509e-01
9.6365e-01
9.6098e-01
9.7666e-01
9.6131e-01
9.7372e-01
9.6349e-01
8.8859e-01
9.6733e-01
9.6131e-01
9.7536e-01
9.6441e-01
9.5664e-01
9.6793e-01
9.5909e-01
9.4041e-01
9.5663e-01
9.5885e-01
9.5935e-01
9.6400e-01
9.6672e-01
9.7173e-01
9.7730e-01
9.6188e-01
9.6597e-01
9.5942e-01
9.5697e-01
9.6002e-01
9.6338e-01
9.7010e-01
9.5623e-01
9.5439e-01
9.5029e-01
9.6188e-01
9.6187e-01
9.5603e-01
9.6267e-01
9.6675e-01
9.6827e-01
9.7317e-01
9.6351e-01
9.6834e-01
9.6826e-01
9.7240e-01
9.5125e-01
9.7853e-01
9.6656e-01
9.5968e-01
9.4790e-01
9.6148e-01
9.6429e-01
9.5687e-01
9.6872e-01
9.5405e-01
9.6753e-01
9.5735e-01
9.5540e-01
9.5688e-01
9.7364e-01
9.6882e-01
9.6130e-01
9.6307e-01
9.5056e-01
9.5918e-01
9.6327e-01
9.4821e-01
9.4645e-01
9.6748e-01
9.6375e-01
9.6170e-01
9.6305e-01
9.5938e-01
9.7184e-01
9.5831e-01
9.6390e-01
9.5927e-01
9.7233e-01
9.5814e-01
9.7752e-01
9.6294e-01
9.6838e-01
9.4457e-01
9.7802e-01
9.7082e-01
9.7831e-01
9.5866e-01
9.4651e-01
9.6246e-01
9.6667e-01
9.7588e-01
9.7118e-01
9.7008e-01
9.4393e-01
9.5625e-01
9.5950e-01
9.7282e-01
9.6000e-01
9.6908e-01
9.4679e-01
9.5714e-01
9.5687e-01
9.6519e-01
9.6589e-01
9.6235e-01
9.5904e-01
9.6136e-01
9.6211e-01
9.6060e-01
9.6643e-01
9.7014e-01
9.5385e-01
9.6000e-01
9.5801e-01
9.5874e-01
9.5865e-01
9.6798e-01
9.7237e-01
9.7375e-01
9.5772e-01
9.6626e-01
9.5167e-01
9.6241e-01
9.6859e-01
9.6253e-01
9.6172e-01
9.7188e-01
9.7888e-01
9.6229e-01
9.5573e-01
9.6513e-01
9.6744e-01
9.7746e-01
9.6952e-01
9.6081e-01
9.6340e-01
9.7094e-01
9.5932e-01
9.5885e-01
9.6855e-01
9.6880e-01
9.5439e-01
9.5146e-01
9.6060e-01
9.3767e-01
9.5623e-01
9.7128e-01
9.5489e-01
9.5349e-01
9.6678e-01
9.5101e-01
9.5351e-01
9.6094e-01
9.6684e-01
9.7187e-01
9.4814e-01
9.6307e-01
9.6819e-01
9.6940e-01
9.5172e-01
9.5508e-01
9.6583e-01
9.5899e-01
9.3721e-01
9.6150e-01
9.6657e-01
9.4915e-01
9.5176e-01
9.6384e-01
9.6845e-01
9.6075e-01
9.5952e-01
9.6340e-01
9.4304e-01
9.6615e-01
9.7679e-01
9.5593e-01
9.7343e-01
9.5281e-01
9.7081e-01
9.5164e-01
9.6376e-01
9.6335e-01
9.7032e-01
9.7212e-01
9.6075e-01
9.7026e-01
9.3301e-01
9.4454e-01
9.6832e-01
9.5823e-01
9.4895e-01
9.6188e-01
9.6354e-01
9.5465e-01
9.6651e-01
9.5786e-01
9.6764e-01
9.5587e-01
9.5516e-01
9.6431e-01
9.6669e-01
9.6965e-01
9.6900e-01
9.6355e-01
9.6355e-01
9.6094e-01
9.5636e-01
9.4973e-01
9.6043e-01
9.6462e-01
9.5968e-01
9.6225e-01
9.6302e-01
9.5975e-01
9.4968e-01
9.6170e-01
9.5885e-01
9.6539e-01
9.6256e-01
9.6169e-01
9.6012e-01
9.3715e-01
9.5398e-01
9.5113e-01
9.5518e-01
9.5781e-01
9.5467e-01
9.7168e-01
9.7084e-01
9.6881e-01
9.6350e-01
9.5550e-01
9.5897e-01
9.6355e-01
9.6438e-01
9.7015e-01
9.6898e-01
9.6335e-01
9.5531e-01
9.6477e-01
9.7346e-01
9.7444e-01
9.5278e-01
9.6088e-01
9.6308e-01
9.5639e-01
9.7192e-01
9.6032e-01
9.5320e-01
9.6364e-01
9.7285e-01
9.7126e-01
9.7460e-01
9.5829e-01
9.7140e-01
9.6892e-01
9.4883e-01
9.4986e-01
9.6254e-01
9.5689e-01
9.6145e-01
9.4246e-01
9.7112e-01
9.5848e-01
9.6218e-01
9.5571e-01
9.7338e-01
9.5422e-01
9.5948e-01
9.5407e-01
9.6168e-01
9.5945e-01
9.5037e-01
9.6702e-01
9.6235e-01
9.4989e-01
9.6243e-01
9.6124e-01
9.6604e-01
9.6314e-01
9.4973e-01
9.5946e-01
9.6491e-01
9.6203e-01
9.5481e-01
9.5070e-01
9.6004e-01
9.5813e-01
9.6104e-01
9.5467e-01
9.3314e-01
9.6307e-01
9.6325e-01
9.5900e-01
9.5675e-01
9.7580e-01
9.7346e-01
9.7090e-01
9.6098e-01
9.6365e-01
9.5317e-01
9.6340e-01
9.6248e-01
9.4894e-01
9.3799e-01
9.5201e-01
9.5806e-01
9.7144e-01
9.7029e-01
9.6612e-01
