8.0998e-01
7.0793e-01
7.3003e-01
7.4433e-01
7.6452e-01
6.9605e-01
8.1257e-01
7.7549e-01
7.7184e-01
7.3814e-01
7.8128e-01
7.7283e-01
7.5260e-01
7.3982e-01
7.7208e-01
7.4308e-01
7.5955e-01
7.6967e-01
6.9625e-01
7.5387e-01
7.6945e-01
7.6438e-01
7.7721e-01
7.3347e-01
7.5215e-01
7.6474e-01
7.3028e-01
7.5028e-01
7.5498e-01
7.3485e-01
7.7188e-01
7.6764e-01
7.8080e-01
7.4940e-01
7.4217e-01
7.2877e-01
7.8587e-01
7.4801e-01
7.4114e-01
6.8823e-01
7.5971e-01
7.6547e-01
7.8346e-01
7.7154e-01
7.1042e-01
7.7928e-01
7.6403e-01
7.5882e-01
7.7004e-01
6.9069e-01
7.7742e-01
7.3871e-01
7.8524e-01
7.3222e-01
7.8488e-01
7.7820e-01
7.2765e-01
7.8408e-01
7.6315e-01
6.6604e-01
7.6663e-01
7.7138e-01
7.3386e-01
7.4276e-01
7.9095e-01
7.6181e-01
7.6558e-01
6.9993e-01
7.5583e-01
7.0219e-01
7.8081e-01
7.5358e-01
7.2691e-01
7.2418e-01
6.9793e-01
7.5929e-01
6.9502e-01
7.3160e-01
7.8835e-01
7.5009e-01
7.7982e-01
7.3173e-01
7.4802e-01
6.8604e-01
7.5077e-01
7.3784e-01
7.7388e-01
7.6238e-01
7.1176e-01
6.9843e-01
7.2756e-01
7.2628e-01
7.6143e-01
7.9102e-01
7.4222e-01
7.7336e-01
7.9865e-01
7.3589e-01
7.7498e-01
7.6971e-01
7.3547e-01
7.5947e-01
7.6731e-01
7.0416e-01
7.4027e-01
7.7328e-01
7.2528e-01
7.3560e-01
7.4362e-01
7.5097e-01
7.9072e-01
7.4117e-01
7.5882e-01
7.7661e-01
7.5487e-01
7.2589e-01
7.3601e-01
7.4061e-01
7.4128e-01
6.5240e-01
7.7094e-01
7.7069e-01
7.2432e-01
7.7724e-01
7.6646e-01
7.4281e-01
8.0200e-01
7.5154e-01
7.4794e-01
7.5611e-01
7.5342e-01
7.6973e-01
7.8625e-01
7.6640e-01
7.1829e-01
7.1304e-01
7.8237e-01
7.7215e-01
7.6117e-01
7.7977e-01
7.2180e-01
6.9075e-01
7.5709e-01
7.8677e-01
7.7999e-01
7.6736e-01
7.4617e-01
7.6832e-01
7.8088e-01
7.4357e-01
7.6386e-01
7.5296e-01
7.6330e-01
7.9226e-01
7.8607e-01
7.2192e-01
7.0667e-01
7.3363e-01
7.5827e-01
6.9360e-01
6.9683e-01
7.6985e-01
7.7342e-01
7.4707e-01
7.6162e-01
7.9394e-01
7.5364e-01
7.6392e-01
7.4474e-01
7.4914e-01
7.9094e-01
7.7267e-01
7.6341e-01
7.6679e-01
7.3337e-01
7.8009e-01
7.5747e-01
7.3884e-01
7.8338e-01
6.5352e-01
7.6580e-01
7.1924e-01
7.6081e-01
7.9483e-01
7.6687e-01
7.2716e-01
7.1073e-01
7.5294e-01
8.0303e-01
7.8459e-01
7.3166e-01
6.8161e-01
7.5928e-01
7.5113e-01
7.2369e-01
7.5293e-01
7.2282e-01
7.4444e-01
7.6582e-01
7.3336e-01
7.4876e-01
7.8277e-01
7.0751e-01
7.7712e-01
7.0510e-01
6.8973e-01
6.9929e-01
7.3555e-01
7.8109e-01
7.2498e-01
7.8961e-01
7.3299e-01
7.8432e-01
7.1306e-01
7.4081e-01
7.2320e-01
7.6083e-01
7.4577e-01
7.7451e-01
7.4536e-01
7.3779e-01
7.4191e-01
7.4896e-01
7.5788e-01
7.2400e-01
7.2974e-01
7.3625e-01
6.9339e-01
7.3329e-01
7.1158e-01
7.8419e-01
7.5898e-01
7.7585e-01
6.9725e-01
7.5995e-01
7.2510e-01
7.1367e-01
7.6082e-01
7.2461e-01
7.5416e-01
7.4911e-01
7.5434e-01
7.5619e-01
7.8671e-01
7.6364e-01
7.6601e-01
7.6400e-01
6.9446e-01
7.5530e-01
7.8388e-01
7.5250e-01
7.5450e-01
7.4873e-01
6.8654e-01
7.6419e-01
7.6374e-01
7.1453e-01
7.7226e-01
7.4278e-01
7.6865e-01
7.1707e-01
7.9495e-01
7.7141e-01
7.5342e-01
7.3411e-01
7.8441e-01
7.6360e-01
7.7838e-01
6.9711e-01
7.7193e-01
7.7599e-01
7.5037e-01
7.0195e-01
7.0997e-01
8.0435e-01
7.3811e-01
7.5409e-01
7.5596e-01
8.1728e-01
7.8456e-01
7.6676e-01
7.7352e-01
7.4822e-01
7.2672e-01
7.6997e-01
7.5945e-01
6.9341e-01
7.8211e-01
7.3136e-01
7.7092e-01
6.7650e-01
7.7726e-01
7.3493e-01
7.5768e-01
7.7270e-01
6.8998e-01
6.9479e-01
7.9032e-01
7.6342e-01
7.6607e-01
7.0366e-01
7.7869e-01
7.5910e-01
7.6376e-01
7.6404e-01
7.5785e-01
7.1627e-01
7.7107e-01
7.5327e-01
7.2546e-01
7.5162e-01
7.8709e-01
7.6424e-01
7.6803e-01
7.4223e-01
7.6278e-01
7.5984e-01
7.1935e-01
7.4107e-01
7.6674e-01
7.2014e-01
7.5070e-01
7.4770e-01
7.5585e-01
7.9634e-01
7.3244e-01
7.6537e-01
7.3483e-01
7.7771e-01
7.5790e-01
7.3202e-01
7.4189e-01
7.8913e-01
7.7640e-01
7.9651e-01
7.5939e-01
7.2794e-01
7.8312e-01
7.8334e-01
7.9727e-01
7.6937e-01
7.4937e-01
7.6946e-01
7.7527e-01
7.4210e-01
7.5103e-01
7.7077e-01
7.6699e-01
7.4736e-01
7.6528e-01
7.2494e-01
7.3380e-01
7.4396e-01
7.4644e-01
7.2634e-01
6.8390e-01
7.5402e-01
7.7373e-01
7.6096e-01
7.6275e-01
7.7460e-01
6.8710e-01
7.4975e-01
6.9050e-01
7.1585e-01
7.0575e-01
7.6527e-01
7.4999e-01
7.5558e-01
7.3896e-01
7.5822e-01
7.6419e-01
7.4703e-01
6.7733e-01
6.4396e-01
8.0497e-01
7.4197e-01
7.3211e-01
7.6002e-01
7.6657e-01
7.2698e-01
7.5173e-01
7.6653e-01
7.7043e-01
7.2224e-01
7.0495e-01
7.4690e-01
7.7009e-01
7.8729e-01
6.9729e-01
6.9133e-01
7.6845e-01
7.7366e-01
7.2725e-01
7.6661e-01
7.9152e-01
8.0964e-01
7.5317e-01
7.6574e-01
7.7285e-01
6.6425e-01
7.5967e-01
7.6316e-01
6.3146e-01
7.5096e-01
7.4034e-01
7.2508e-01
6.8753e-01
7.6268e-01
7.6760e-01
7.4901e-01
7.2718e-01
7.6335e-01
6.7076e-01
7.1522e-01
7.6469e-01
7.8273e-01
7.5711e-01
7.4432e-01
6.9245e-01
7.5610e-01
7.6819e-01
7.6177e-01
7.1567e-01
7.4622e-01
6.6553e-01
7.8833e-01
7.5933e-01
7.2824e-01
7.4185e-01
7.7446e-01
7.7539e-01
7.7787e-01
7.5678e-01
7.2089e-01
7.1704e-01
7.1900e-01
7.4495e-01
7.6448e-01
7.5944e-01
6.9264e-01
7.5643e-01
7.7170e-01
7.0697e-01
7.5445e-01
6.8692e-01
7.0489e-01
7.2769e-01
7.4076e-01
7.7995e-01
6.7028e-01
7.6782e-01
7.2922e-01
7.7525e-01
7.7256e-01
7.4002e-01
7.7105e-01
7.7485e-01
7.1444e-01
7.4524e-01
7.6930e-01
7.6402e-01
7.5672e-01
7.0361e-01
7.7839e-01
7.3022e-01
7.6683e-01
7.4403e-01
7.6337e-01
7.8808e-01
6.6739e-01
7.2460e-01
7.5360e-01
7.0749e-01
7.8510e-01
7.7800e-01
7.4155e-01
7.5318e-01
7.5948e-01
7.1346e-01
7.6191e-01
7.5015e-01
7.8427e-01
7.6288e-01
7.3722e-01
7.6579e-01
6.3799e-01
7.4637e-01
8.1163e-01
7.3690e-01
7.5905e-01
7.7604e-01
7.5100e-01
7.7607e-01
7.7913e-01
7.5864e-01
7.4880e-01
7.6651e-01
7.5952e-01
7.8547e-01
7.9318e-01
7.8165e-01
7.0635e-01
7.7292e-01
7.8351e-01
6.9685e-01
7.8421e-01
7.7927e-01
7.3979e-01
7.2377e-01
7.5654e-01
7.1546e-01
7.5943e-01
8.0007e-01
7.3266e-01
7.5927e-01
7.4322e-01
7.5593e-01
7.6084e-01
7.7171e-01
7.3173e-01
7.5527e-01
7.1171e-01
7.4131e-01
7.2230e-01
7.2621e-01
7.5459e-01
7.4572e-01
7.9284e-01
7.4258e-01
7.5304e-01
7.7052e-01
7.8000e-01
7.7610e-01
7.5083e-01
7.4190e-01
6.8310e-01
7.6164e-01
7.1943e-01
7.4199e-01
7.6547e-01
7.6399e-01
7.8526e-01
7.8291e-01
7.4578e-01
6.9106e-01
7.7414e-01
7.3144e-01
7.4354e-01
6.5749e-01
7.3223e-01
7.4504e-01
8.1097e-01
7.4481e-01
7.7578e-01
7.5536e-01
7.3841e-01
7.1434e-01
7.5514e-01
6.7218e-01
7.6848e-01
7.8631e-01
7.4962e-01
7.3663e-01
7.3104e-01
7.7140e-01
7.8663e-01
6.9689e-01
7.8652e-01
7.8249e-01
7.6820e-01
7.5177e-01
7.6824e-01
7.5570e-01
7.5064e-01
7.6574e-01
7.8748e-01
6.1113e-01
7.6960e-01
7.6895e-01
7.6861e-01
7.5144e-01
7.5024e-01
6.9682e-01
7.5613e-01
7.7760e-01
7.9006e-01
7.6749e-01
7.5679e-01
7.6292e-01
7.6751e-01
7.6804e-01
7.1696e-01
7.1496e-01
7.3922e-01
7.2867e-01
7.6454e-01
7.5640e-01
7.5237e-01
7.8271e-01
7.6792e-01
7.1614e-01
7.5915e-01
8.0170e-01
7.1526e-01
7.3648e-01
7.6886e-01
7.2739e-01
7.1835e-01
7.6338e-01
6.9836e-01
7.4746e-01
7.6915e-01
7.8361e-01
7.5979e-01
7.4201e-01
7.3339e-01
8.0501e-01
7.4755e-01
7.5636e-01
7.3809e-01
7.7503e-01
7.3928e-01
7.5930e-01
7.6070e-01
7.9138e-01
7.1081e-01
7.8538e-01
7.3456e-01
7.6822e-01
7.3229e-01
7.1912e-01
7.2299e-01
7.8115e-01
6.9009e-01
7.5518e-01
7.5349e-01
7.6490e-01
7.6350e-01
7.7363e-01
7.6133e-01
7.6995e-01
7.6835e-01
7.6066e-01
7.7324e-01
7.4385e-01
7.4534e-01
7.7576e-01
7.7272e-01
7.6325e-01
7.8156e-01
7.3405e-01
7.0572e-01
7.3389e-01
7.5677e-01
7.0796e-01
7.0147e-01
7.5441e-01
6.9673e-01
7.8221e-01
7.4171e-01
7.3482e-01
7.7607e-01
7.4708e-01
7.0556e-01
7.3401e-01
7.8239e-01
7.4839e-01
7.7242e-01
7.5702e-01
7.2193e-01
7.5543e-01
7.4185e-01
7.4802e-01
7.4456e-01
7.4822e-01
7.4263e-01
7.5013e-01
7.3929e-01
7.6454e-01
7.7597e-01
7.0196e-01
7.5589e-01
7.6091e-01
7.5141e-01
7.4770e-01
7.6272e-01
7.8280e-01
7.6700e-01
7.2169e-01
6.9895e-01
7.6012e-01
7.8327e-01
6.8370e-01
8.0470e-01
7.9869e-01
7.3196e-01
7.6372e-01
7.4204e-01
7.2410e-01
7.0013e-01
7.1990e-01
7.5498e-01
7.9540e-01
7.2518e-01
7.1630e-01
7.6831e-01
7.3422e-01
7.5529e-01
6.7864e-01
8.1074e-01
7.4992e-01
7.7765e-01
7.0239e-01
7.2392e-01
7.7088e-01
7.0042e-01
7.7171e-01
7.4208e-01
7.4847e-01
7.5365e-01
7.4874e-01
7.7359e-01
7.0415e-01
7.6599e-01
7.0119e-01
7.9271e-01
7.8379e-01
7.4618e-01
7.6651e-01
7.5992e-01
7.3497e-01
7.5827e-01
7.6202e-01
7.2411e-01
7.6250e-01
7.7735e-01
7.5504e-01
7.8533e-01
6.8045e-01
7.6147e-01
7.3856e-01
7.6687e-01
7.2249e-01
7.4539e-01
7.7542e-01
7.7074e-01
7.5841e-01
7.2163e-01
7.7306e-01
7.2728e-01
7.0106e-01
7.3640e-01
7.5110e-01
7.5989e-01
6.5181e-01
7.8885e-01
7.5308e-01
7.1807e-01
7.2224e-01
7.5489e-01
7.6611e-01
6.8536e-01
7.5046e-01
7.6338e-01
8.2006e-01
7.5617e-01
7.5350e-01
7.4534e-01
7.7914e-01
7.2781e-01
7.8756e-01
7.1644e-01
7.2304e-01
7.7937e-01
6.6532e-01
6.7420e-01
7.8558e-01
7.4531e-01
7.2265e-01
7.6685e-01
7.6812e-01
7.5487e-01
7.6058e-01
7.5959e-01
7.8820e-01
6.4482e-01
7.8330e-01
7.5329e-01
7.4573e-01
7.0399e-01
7.8404e-01
7.4259e-01
7.8008e-01
7.4306e-01
7.7749e-01
7.3625e-01
7.3828e-01
7.4231e-01
7.8077e-01
7.2586e-01
7.1347e-01
7.5843e-01
7.8333e-01
7.9103e-01
7.7233e-01
7.3298e-01
7.5328e-01
8.0587e-01
7.8181e-01
7.9591e-01
7.6769e-01
7.5528e-01
7.4780e-01
7.1161e-01
7.6768e-01
7.5809e-01
7.5619e-01
7.8155e-01
7.2509e-01
7.7237e-01
7.7868e-01
7.7007e-01
6.2827e-01
7.5933e-01
7.6834e-01
7.4088e-01
7.7384e-01
7.7009e-01
7.4550e-01
7.6522e-01
7.4295e-01
6.9545e-01
7.2294e-01
7.6520e-01
7.0377e-01
7.6007e-01
7.5353e-01
7.7167e-01
7.6009e-01
7.4757e-01
7.4915e-01
7.5257e-01
7.0072e-01
7.2886e-01
7.2427e-01
7.7294e-01
7.7471e-01
7.3008e-01
7.5431e-01
8.0521e-01
6.9828e-01
7.9567e-01
6.9321e-01
7.0205e-01
7.8031e-01
7.9328e-01
7.1837e-01
7.4642e-01
7.5046e-01
7.9883e-01
7.4154e-01
7.3521e-01
7.7557e-01
8.0081e-01
7.8170e-01
7.4596e-01
7.3134e-01
7.7950e-01
7.7668e-01
6.8224e-01
7.7927e-01
7.7399e-01
7.5245e-01
7.8167e-01
7.7101e-01
7.5177e-01
7.6717e-01
7.7445e-01
7.7001e-01
7.6605e-01
6.8696e-01
8.0880e-01
7.5601e-01
7.3215e-01
7.9131e-01
7.6038e-01
7.6723e-01
7.5913e-01
7.6298e-01
7.5614e-01
7.8761e-01
7.6525e-01
7.6050e-01
7.7651e-01
7.1518e-01
7.7375e-01
7.4761e-01
7.6489e-01
7.1696e-01
7.3619e-01
7.3216e-01
6.8730e-01
7.5206e-01
7.7910e-01
7.3152e-01
7.1224e-01
7.4519e-01
7.1699e-01
7.8654e-01
7.5716e-01
7.9328e-01
7.7823e-01
7.7273e-01
7.6575e-01
7.3777e-01
7.5813e-01
7.8515e-01
7.8499e-01
7.5413e-01
6.8394e-01
7.2474e-01
7.5363e-01
7.6060e-01
7.2514e-01
6.6352e-01
7.5877e-01
7.6417e-01
7.5491e-01
7.3729e-01
7.6506e-01
7.0167e-01
7.0273e-01
7.2968e-01
7.4521e-01
7.7183e-01
7.6401e-01
7.5236e-01
7.6504e-01
7.1296e-01
7.2898e-01
7.6966e-01
7.3328e-01
7.6144e-01
7.4766e-01
7.1478e-01
7.5929e-01
7.7144e-01
7.8921e-01
7.5037e-01
7.6771e-01
7.3946e-01
7.6827e-01
7.7737e-01
7.0357e-01
7.7530e-01
7.5208e-01
6.9852e-01
7.9584e-01
7.7449e-01
7.7923e-01
7.4798e-01
7.5126e-01
7.5900e-01
7.3805e-01
7.7453e-01
7.7698e-01
7.4314e-01
7.5013e-01
7.7695e-01
7.6466e-01
8.2314e-01
6.9148e-01
7.2354e-01
7.5133e-01
7.3236e-01
7.8756e-01
7.3687e-01
7.4604e-01
7.5610e-01
7.1789e-01
7.3687e-01
7.6292e-01
7.3987e-01
7.5546e-01
7.5697e-01
7.5008e-01
7.2327e-01
7.7221e-01
7.6037e-01
6.9297e-01
7.1059e-01
7.4276e-01
7.5943e-01
7.8682e-01
7.5861e-01
7.2850e-01
7.3915e-01
7.3744e-01
7.6526e-01
