8.5946e-01
8.6139e-01
8.5743e-01
8.6587e-01
8.1449e-01
7.7440e-01
8.6192e-01
8.6010e-01
8.6121e-01
8.6157e-01
8.5350e-01
8.4791e-01
8.5247e-01
8.1892e-01
8.5420e-01
8.5266e-01
8.5665e-01
8.4526e-01
8.5495e-01
7.2675e-01
8.5383e-01
8.4019e-01
8.5225e-01
8.5791e-01
8.6561e-01
8.5121e-01
8.6764e-01
8.3885e-01
8.6022e-01
8.6287e-01
8.5760e-01
8.5309e-01
8.4296e-01
8.6801e-01
8.7398e-01
8.5382e-01
8.5816e-01
7.8169e-01
7.1532e-01
8.6150e-01
8.4839e-01
8.5624e-01
8.5982e-01
8.5425e-01
8.5634e-01
8.7091e-01
8.7969e-01
8.4925e-01
8.6927e-01
8.7545e-01
8.4296e-01
8.6278e-01
6.9693e-01
8.3787e-01
8.5405e-01
8.6944e-01
8.5012e-01
7.9880e-01
8.5840e-01
8.7406e-01
6.4733e-01
8.3167e-01
8.8509e-01
8.5789e-01
8.6204e-01
8.5449e-01
8.4313e-01
8.0571e-01
8.5901e-01
8.5220e-01
7.3046e-01
8.5225e-01
8.5835e-01
8.6188e-01
8.6111e-01
8.5130e-01
8.4017e-01
8.6432e-01
8.5666e-01
8.6065e-01
7.7998e-01
6.1019e-01
8.5421e-01
7.5280e-01
8.7452e-01
8.7681e-01
8.5526e-01
8.5239e-01
8.7554e-01
8.7256e-01
8.5376e-01
8.6010e-01
8.5990e-01
7.8329e-01
8.5979e-01
7.7836e-01
8.6338e-01
7.6762e-01
8.5293e-01
7.8088e-01
8.5081e-01
8.6303e-01
8.5224e-01
8.5242e-01
8.4661e-01
8.6165e-01
8.6489e-01
7.5190e-01
8.7071e-01
8.5665e-01
8.6436e-01
8.6572e-01
6.7700e-01
8.6265e-01
8.4140e-01
8.4130e-01
8.1508e-01
8.5401e-01
8.7067e-01
8.6954e-01
8.5895e-01
8.5409e-01
7.3447e-01
7.9587e-01
8.5660e-01
8.5934e-01
7.4900e-01
7.9588e-01
8.7063e-01
8.4227e-01
8.5521e-01
8.6320e-01
8.3878e-01
8.6307e-01
7.3145e-01
8.4132e-01
8.5758e-01
8.6008e-01
8.0754e-01
8.6054e-01
8.6318e-01
8.5613e-01
7.0050e-01
7.3633e-01
8.5351e-01
8.7067e-01
8.6386e-01
8.4214e-01
8.4620e-01
8.4638e-01
8.4999e-01
8.4450e-01
8.7410e-01
8.6522e-01
8.5282e-01
8.5251e-01
7.2935e-01
8.4013e-01
8.5830e-01
7.6159e-01
8.4413e-01
8.4080e-01
8.5486e-01
8.6009e-01
8.1532e-01
8.5506e-01
8.6581e-01
8.4456e-01
8.4803e-01
8.7006e-01
8.6036e-01
8.5335e-01
8.5672e-01
8.5552e-01
8.6801e-01
8.5921e-01
8.4893e-01
8.6976e-01
8.4032e-01
8.5352e-01
8.6540e-01
8.5970e-01
8.6695e-01
8.5085e-01
7.9296e-01
6.8128e-01
8.6845e-01
8.6432e-01
8.5148e-01
8.5316e-01
8.4831e-01
8.5215e-01
8.6235e-01
8.1005e-01
8.6810e-01
8.6935e-01
8.6710e-01
8.4983e-01
8.6211e-01
8.4066e-01
8.6371e-01
8.6548e-01
8.5590e-01
8.4816e-01
8.5323e-01
8.6941e-01
8.6507e-01
8.5623e-01
8.5486e-01
8.5377e-01
8.5895e-01
8.2624e-01
8.6750e-01
8.6513e-01
8.6401e-01
8.5967e-01
8.6153e-01
8.7124e-01
8.5025e-01
8.6281e-01
8.1038e-01
8.4168e-01
8.6671e-01
8.4780e-01
8.7265e-01
8.5040e-01
8.3858e-01
7.0793e-01
8.4931e-01
8.6352e-01
8.5598e-01
8.8552e-01
8.6791e-01
8.5094e-01
8.5531e-01
8.5997e-01
8.6884e-01
7.9150e-01
8.5629e-01
8.4294e-01
8.1096e-01
6.9440e-01
8.4592e-01
8.4031e-01
8.5125e-01
7.5291e-01
8.5565e-01
8.4632e-01
8.6194e-01
8.4954e-01
8.5146e-01
9.9535e-01
8.4409e-01
8.4889e-01
7.8261e-01
8.4878e-01
8.6968e-01
8.6698e-01
8.5451e-01
7.8121e-01
7.8806e-01
8.6408e-01
8.7140e-01
8.5237e-01
8.5611e-01
8.2817e-01
8.7686e-01
8.5087e-01
8.5903e-01
8.4780e-01
8.6073e-01
8.6575e-01
8.5137e-01
8.3982e-01
8.6124e-01
8.5592e-01
8.4958e-01
8.6871e-01
8.7298e-01
8.6692e-01
8.7316e-01
8.5387e-01
8.6214e-01
8.5809e-01
8.6180e-01
8.6642e-01
8.6774e-01
8.6707e-01
8.5146e-01
8.5011e-01
8.1752e-01
8.5503e-01
8.3941e-01
7.1598e-01
8.6440e-01
8.1884e-01
8.6299e-01
8.5668e-01
8.5314e-01
7.1305e-01
8.4237e-01
8.6488e-01
8.5478e-01
8.6168e-01
8.6002e-01
8.5879e-01
8.4817e-01
8.3962e-01
8.7418e-01
8.5492e-01
8.5608e-01
8.7189e-01
8.3547e-01
8.6255e-01
8.4649e-01
8.6375e-01
8.6401e-01
8.5931e-01
8.4960e-01
7.9841e-01
8.7589e-01
8.2655e-01
7.8417e-01
8.1085e-01
7.2832e-01
7.7649e-01
8.4516e-01
8.1087e-01
8.2722e-01
8.4226e-01
8.7561e-01
8.5239e-01
8.6259e-01
8.3850e-01
8.6682e-01
8.6025e-01
8.0402e-01
7.5128e-01
7.8152e-01
8.5156e-01
8.4278e-01
8.0008e-01
8.4324e-01
8.4727e-01
8.4845e-01
8.5348e-01
8.6104e-01
7.3444e-01
8.5658e-01
8.5237e-01
8.6601e-01
8.4844e-01
8.6665e-01
8.5374e-01
8.6501e-01
8.6919e-01
7.1909e-01
8.1363e-01
8.6531e-01
8.5864e-01
8.6030e-01
8.5539e-01
8.4732e-01
8.6257e-01
8.4922e-01
8.5025e-01
8.6295e-01
8.6229e-01
7.3101e-01
7.2188e-01
8.4190e-01
8.3831e-01
8.6043e-01
8.3692e-01
7.8759e-01
8.4440e-01
7.8154e-01
8.4969e-01
8.3497e-01
8.5119e-01
8.4811e-01
7.3654e-01
8.7008e-01
8.5521e-01
8.5326e-01
8.6078e-01
8.6243e-01
8.6565e-01
8.4891e-01
8.5797e-01
8.5834e-01
8.4751e-01
8.7151e-01
8.7291e-01
8.6935e-01
8.5551e-01
8.6763e-01
8.4773e-01
8.4371e-01
7.8189e-01
8.2168e-01
8.6899e-01
7.0511e-01
8.4108e-01
8.6255e-01
8.5118e-01
8.5071e-01
8.6570e-01
7.8573e-01
8.7434e-01
8.5354e-01
8.5862e-01
8.5273e-01
8.6042e-01
8.6939e-01
7.3307e-01
8.6009e-01
8.1856e-01
8.6354e-01
7.8843e-01
8.5098e-01
8.5902e-01
8.4702e-01
8.4801e-01
8.5835e-01
8.0238e-01
8.4869e-01
8.3787e-01
8.6594e-01
8.5894e-01
8.5623e-01
8.6283e-01
8.4743e-01
8.6383e-01
8.6624e-01
8.6297e-01
8.4632e-01
8.5735e-01
8.5058e-01
8.5169e-01
8.7423e-01
8.2165e-01
8.5996e-01
8.6659e-01
8.4835e-01
8.6221e-01
8.5577e-01
7.8876e-01
8.6043e-01
8.7856e-01
8.4258e-01
7.3547e-01
8.5170e-01
8.3679e-01
8.7754e-01
8.5634e-01
8.4818e-01
7.1207e-01
8.5551e-01
8.7525e-01
7.3988e-01
8.5253e-01
8.6603e-01
8.5812e-01
8.5412e-01
8.4768e-01
8.6647e-01
8.6234e-01
8.3365e-01
8.2813e-01
8.5333e-01
8.6926e-01
8.3983e-01
8.6173e-01
8.3919e-01
7.8193e-01
7.7673e-01
8.6546e-01
8.5212e-01
8.6104e-01
8.6338e-01
8.4145e-01
7.2613e-01
8.1935e-01
8.6711e-01
8.6592e-01
8.7125e-01
8.6324e-01
8.4439e-01
8.6239e-01
8.7066e-01
8.3818e-01
8.5600e-01
7.3627e-01
8.5705e-01
8.4495e-01
8.4304e-01
8.4425e-01
7.6211e-01
8.4905e-01
8.4836e-01
8.7084e-01
8.4777e-01
7.8541e-01
8.4241e-01
8.5444e-01
8.6749e-01
8.5091e-01
8.4385e-01
8.5690e-01
8.5289e-01
8.4393e-01
7.0699e-01
9.9669e-01
7.6393e-01
8.5250e-01
8.5717e-01
8.4680e-01
8.6027e-01
8.5625e-01
8.4343e-01
8.5891e-01
8.3036e-01
8.5999e-01
8.6754e-01
8.6555e-01
8.6328e-01
8.4783e-01
8.4978e-01
8.7397e-01
8.4809e-01
8.7150e-01
8.5376e-01
8.5390e-01
8.6578e-01
8.4862e-01
8.5962e-01
8.5817e-01
8.7724e-01
9.7063e-01
7.3283e-01
8.5220e-01
8.5556e-01
8.6743e-01
8.5970e-01
8.6514e-01
8.5635e-01
8.6250e-01
8.5064e-01
8.0034e-01
8.6048e-01
8.4289e-01
8.2739e-01
8.5401e-01
8.3532e-01
8.6554e-01
8.7526e-01
8.6007e-01
8.5010e-01
8.6532e-01
8.4220e-01
8.4699e-01
8.4874e-01
8.5998e-01
8.6805e-01
8.0983e-01
8.5378e-01
8.5097e-01
8.6288e-01
8.5845e-01
8.8133e-01
8.6135e-01
8.1967e-01
8.4578e-01
8.3931e-01
8.4988e-01
8.7064e-01
8.5494e-01
8.7320e-01
8.6649e-01
8.6133e-01
8.4421e-01
8.6485e-01
8.5063e-01
8.3210e-01
8.6134e-01
8.5054e-01
8.4464e-01
8.6551e-01
8.6779e-01
8.6794e-01
8.4483e-01
8.7224e-01
8.5216e-01
8.6543e-01
8.0859e-01
8.5776e-01
6.7753e-01
8.5705e-01
8.4939e-01
8.5823e-01
8.4906e-01
8.5828e-01
8.5376e-01
7.0447e-01
8.7229e-01
7.8188e-01
8.6134e-01
8.6137e-01
8.1696e-01
7.8187e-01
8.5623e-01
8.0821e-01
8.5384e-01
7.1985e-01
7.6406e-01
8.6489e-01
8.5161e-01
8.4725e-01
8.5244e-01
8.5246e-01
8.7619e-01
8.6620e-01
8.2708e-01
8.6497e-01
8.5419e-01
7.7885e-01
8.7301e-01
8.6040e-01
8.5790e-01
8.6172e-01
8.5559e-01
7.0355e-01
8.5323e-01
8.4944e-01
7.2189e-01
8.4502e-01
8.4842e-01
6.8522e-01
8.5926e-01
8.5592e-01
6.7096e-01
8.6472e-01
8.6886e-01
8.6394e-01
8.5756e-01
8.5862e-01
8.5973e-01
8.5973e-01
8.4442e-01
8.5277e-01
7.3650e-01
8.7333e-01
8.6707e-01
8.7203e-01
7.5380e-01
8.6309e-01
6.7859e-01
8.3690e-01
8.0606e-01
8.2052e-01
7.3458e-01
8.5337e-01
8.4146e-01
8.3547e-01
8.6295e-01
8.5959e-01
8.5868e-01
8.5497e-01
8.5379e-01
8.5995e-01
8.7021e-01
8.6003e-01
8.5558e-01
7.9649e-01
8.5997e-01
8.4617e-01
8.7385e-01
6.9607e-01
8.5274e-01
8.5035e-01
8.9010e-01
8.6541e-01
8.3350e-01
8.5034e-01
8.5428e-01
8.6165e-01
8.5580e-01
8.4646e-01
8.6104e-01
8.7229e-01
8.6471e-01
8.4966e-01
8.5495e-01
8.5393e-01
8.6019e-01
7.1749e-01
8.4611e-01
8.5279e-01
8.5270e-01
8.7125e-01
8.2997e-01
8.6314e-01
7.3551e-01
8.6618e-01
8.4258e-01
8.4296e-01
8.6529e-01
8.5961e-01
7.5247e-01
8.5485e-01
8.6548e-01
8.6138e-01
7.4448e-01
8.5648e-01
7.5570e-01
8.7203e-01
7.8276e-01
8.6194e-01
8.6273e-01
8.6161e-01
8.1573e-01
8.6830e-01
8.0821e-01
8.0314e-01
8.1210e-01
8.4327e-01
8.5727e-01
8.4828e-01
8.6296e-01
7.9128e-01
8.5409e-01
8.4683e-01
8.5319e-01
8.5545e-01
8.6231e-01
8.5304e-01
6.9815e-01
8.5067e-01
8.6295e-01
8.6637e-01
7.5145e-01
7.8579e-01
8.4982e-01
8.5593e-01
8.5456e-01
8.4745e-01
8.2096e-01
8.4487e-01
8.5639e-01
8.5240e-01
8.5817e-01
8.8074e-01
7.9745e-01
6.8814e-01
8.6401e-01
8.8105e-01
8.4560e-01
7.2751e-01
8.6600e-01
8.3669e-01
8.6806e-01
6.8996e-01
8.2226e-01
8.5949e-01
8.4776e-01
8.4982e-01
8.5907e-01
7.0722e-01
8.4578e-01
8.5008e-01
8.7224e-01
8.5266e-01
8.6293e-01
8.5973e-01
8.6068e-01
8.2203e-01
6.8623e-01
8.5670e-01
8.4770e-01
8.6431e-01
7.1137e-01
8.5317e-01
8.5388e-01
8.6256e-01
8.3791e-01
7.2828e-01
8.3820e-01
7.3593e-01
8.5515e-01
8.5282e-01
8.6102e-01
8.5374e-01
8.5742e-01
8.5416e-01
8.5202e-01
8.5659e-01
8.6570e-01
8.6089e-01
7.3812e-01
8.4261e-01
8.6222e-01
8.6284e-01
8.2847e-01
8.5574e-01
8.1236e-01
8.5941e-01
8.4710e-01
8.5262e-01
8.5252e-01
8.6186e-01
8.5524e-01
8.5035e-01
7.3476e-01
8.5386e-01
8.4568e-01
8.5612e-01
8.5673e-01
8.8658e-01
9.9883e-01
8.5067e-01
7.1496e-01
8.5899e-01
7.5699e-01
7.8474e-01
8.7488e-01
8.5898e-01
8.4531e-01
7.7414e-01
8.6831e-01
8.4977e-01
8.7451e-01
8.6360e-01
7.5950e-01
8.6169e-01
8.6218e-01
8.6111e-01
8.5052e-01
8.5251e-01
8.6174e-01
8.5815e-01
8.6871e-01
8.6100e-01
8.7165e-01
8.6140e-01
9.6859e-01
8.4176e-01
8.4177e-01
8.5633e-01
8.6264e-01
8.6044e-01
8.4601e-01
8.2774e-01
8.5320e-01
8.5072e-01
8.7121e-01
7.0958e-01
8.6043e-01
8.4349e-01
8.5671e-01
8.7031e-01
8.4911e-01
8.4985e-01
8.5467e-01
8.5077e-01
8.7017e-01
7.3908e-01
8.6410e-01
8.6639e-01
7.8456e-01
8.6793e-01
8.6945e-01
7.1709e-01
8.6458e-01
8.3653e-01
8.5583e-01
8.4358e-01
8.6010e-01
8.3359e-01
8.5768e-01
8.5585e-01
8.5762e-01
8.6433e-01
8.6192e-01
8.6568e-01
7.8152e-01
8.5479e-01
8.4889e-01
8.7580e-01
8.4856e-01
8.8325e-01
8.5743e-01
8.4423e-01
8.5419e-01
7.8718e-01
8.5976e-01
8.6909e-01
8.5271e-01
8.6692e-01
8.6630e-01
7.1261e-01
6.8994e-01
6.6760e-01
8.5253e-01
8.6245e-01
8.7361e-01
8.6233e-01
8.6173e-01
8.5794e-01
8.5177e-01
8.4318e-01
8.6542e-01
8.6578e-01
7.6884e-01
7.4907e-01
8.5652e-01
8.6485e-01
8.5875e-01
8.6456e-01
8.5796e-01
8.6340e-01
7.5549e-01
8.2431e-01
8.4028e-01
8.5512e-01
8.7885e-01
8.5052e-01
8.6054e-01
8.4963e-01
8.1893e-01
8.5030e-01
8.6798e-01
8.7043e-01
8.3353e-01
8.6663e-01
8.4807e-01
8.5814e-01
5.5288e-01
8.4827e-01
8.5407e-01
8.2297e-01
7.1193e-01
8.5383e-01
8.6758e-01
8.6500e-01
8.5656e-01
8.5675e-01
8.7027e-01
8.6095e-01
7.6031e-01
8.5636e-01
7.6368e-01
8.5974e-01
8.4633e-01
7.8644e-01
7.8845e-01
8.5661e-01
9.8771e-01
8.5754e-01
8.7249e-01
8.3687e-01
8.5831e-01
8.5848e-01
8.6237e-01
8.7156e-01
8.5266e-01
8.6129e-01
8.7181e-01
8.6725e-01
7.8794e-01
8.4844e-01
8.4723e-01
8.6542e-01
7.6994e-01
7.8386e-01
8.7115e-01
8.4049e-01
8.8032e-01
7.6878e-01
8.6641e-01
8.4552e-01
7.2979e-01
8.6749e-01
8.6301e-01
8.3649e-01
8.4782e-01
7.9532e-01
8.6446e-01
8.6280e-01
7.0071e-01
8.5832e-01
8.5547e-01
8.6088e-01
8.5441e-01
8.5216e-01
8.7124e-01
8.6157e-01
7.6015e-01
7.2141e-01
8.0795e-01
