6.9664e-01
6.9961e-01
6.8958e-01
7.0300e-01
6.9364e-01
6.9570e-01
6.9747e-01
6.9879e-01
6.9885e-01
6.9896e-01
6.9378e-01
6.9557e-01
6.9856e-01
6.9348e-01
6.9558e-01
6.9870e-01
6.9470e-01
6.9792e-01
6.9508e-01
6.9402e-01
6.9588e-01
6.9545e-01
6.9864e-01
6.9523e-01
6.9642e-01
6.9422e-01
7.0519e-01
6.9742e-01
6.8993e-01
6.9243e-01
6.9187e-01
6.9701e-01
6.9360e-01
6.9463e-01
6.9456e-01
6.9547e-01
6.9360e-01
6.9400e-01
6.9333e-01
6.9606e-01
6.8545e-01
6.9125e-01
6.9804e-01
6.9316e-01
6.9567e-01
6.9724e-01
6.9107e-01
6.9683e-01
7.0598e-01
6.9512e-01
6.9098e-01
6.9123e-01
6.9360e-01
6.9412e-01
6.9046e-01
6.9298e-01
6.9116e-01
6.9097e-01
6.9704e-01
6.9324e-01
6.8807e-01
6.9437e-01
6.9921e-01
6.9615e-01
6.9469e-01
6.9701e-01
6.9521e-01
6.9315e-01
6.9504e-01
6.9452e-01
6.9011e-01
6.9860e-01
6.9776e-01
6.9308e-01
6.9468e-01
6.9096e-01
6.9203e-01
6.9485e-01
6.9828e-01
6.9056e-01
6.9641e-01
6.9018e-01
6.9660e-01
6.9906e-01
6.9992e-01
6.9155e-01
6.9440e-01
6.9886e-01
6.9536e-01
6.9132e-01
6.6431e-01
6.8937e-01
6.9225e-01
7.0151e-01
6.9516e-01
6.9701e-01
6.8627e-01
6.9777e-01
6.9371e-01
6.8944e-01
6.9294e-01
7.0468e-01
6.9585e-01
6.9385e-01
6.9632e-01
6.9332e-01
6.9572e-01
6.9701e-01
6.9870e-01
6.9619e-01
6.9519e-01
6.9603e-01
6.9358e-01
7.0071e-01
6.9140e-01
6.9466e-01
6.9732e-01
6.8727e-01
6.9117e-01
6.9375e-01
6.9353e-01
6.9659e-01
7.0152e-01
6.9428e-01
6.9636e-01
6.9200e-01
6.8408e-01
7.0221e-01
6.9840e-01
6.9765e-01
6.9051e-01
6.9232e-01
6.9877e-01
6.9664e-01
6.9526e-01
6.9507e-01
6.9109e-01
6.9281e-01
7.0040e-01
6.9716e-01
6.9182e-01
6.8695e-01
6.9283e-01
6.9846e-01
6.9729e-01
6.9195e-01
6.9343e-01
6.8380e-01
6.9601e-01
6.9638e-01
6.9688e-01
6.9590e-01
6.9870e-01
6.9506e-01
6.9964e-01
6.9502e-01
6.9998e-01
6.9722e-01
6.9446e-01
6.9352e-01
6.9272e-01
6.9413e-01
6.9574e-01
6.9188e-01
6.9130e-01
6.9430e-01
6.9187e-01
7.0021e-01
6.9804e-01
6.9635e-01
6.9590e-01
6.9699e-01
6.8878e-01
6.9308e-01
6.9309e-01
6.9456e-01
6.9683e-01
6.9255e-01
6.9260e-01
6.9080e-01
6.9359e-01
6.9841e-01
6.9698e-01
6.8905e-01
6.8685e-01
6.9781e-01
6.9190e-01
6.9563e-01
6.9375e-01
6.8703e-01
6.9638e-01
7.0333e-01
6.8632e-01
6.8896e-01
6.9209e-01
6.9723e-01
6.9637e-01
6.9273e-01
6.9562e-01
6.9445e-01
6.9420e-01
6.9398e-01
7.0010e-01
6.9572e-01
6.9557e-01
6.9456e-01
6.9555e-01
6.8816e-01
6.9044e-01
6.9373e-01
6.9519e-01
6.9559e-01
6.8973e-01
6.9863e-01
6.9302e-01
6.9170e-01
6.9299e-01
7.0098e-01
7.0273e-01
6.9516e-01
6.8485e-01
6.8910e-01
6.9193e-01
6.9054e-01
7.0115e-01
6.9677e-01
6.8029e-01
7.0265e-01
6.9607e-01
7.0069e-01
6.8916e-01
6.9276e-01
6.9216e-01
6.9520e-01
6.9924e-01
6.9799e-01
6.9016e-01
6.9935e-01
6.9734e-01
6.8913e-01
6.9725e-01
6.9910e-01
6.8905e-01
6.9727e-01
6.9560e-01
6.9114e-01
6.9787e-01
6.9832e-01
6.9050e-01
6.9716e-01
6.9939e-01
7.0122e-01
6.9354e-01
6.9698e-01
6.9499e-01
6.9623e-01
6.9617e-01
6.8375e-01
6.9862e-01
6.9508e-01
6.9877e-01
6.8658e-01
6.9685e-01
6.8749e-01
6.9994e-01
6.9150e-01
6.9392e-01
6.8996e-01
7.0141e-01
6.9614e-01
6.9170e-01
8.3304e-01
6.9591e-01
6.8882e-01
6.9214e-01
6.9055e-01
6.9591e-01
6.9326e-01
6.9506e-01
7.0035e-01
6.9858e-01
6.9358e-01
6.9418e-01
7.0305e-01
6.9116e-01
6.9598e-01
6.9176e-01
6.9968e-01
6.9805e-01
6.9555e-01
6.9075e-01
6.9483e-01
6.9411e-01
6.9481e-01
6.9346e-01
6.9644e-01
6.9576e-01
6.8761e-01
6.9743e-01
6.9836e-01
6.9177e-01
6.9077e-01
6.9766e-01
7.0246e-01
6.8987e-01
6.9352e-01
6.9438e-01
6.9810e-01
6.8852e-01
6.9664e-01
6.9004e-01
6.8988e-01
6.9387e-01
6.9708e-01
6.9383e-01
6.9551e-01
6.8777e-01
6.9957e-01
6.9597e-01
6.9159e-01
6.9730e-01
6.9406e-01
6.9430e-01
6.9231e-01
6.9023e-01
6.9179e-01
6.9992e-01
6.9884e-01
6.9563e-01
6.8836e-01
6.9521e-01
6.9811e-01
6.9850e-01
6.9220e-01
6.9342e-01
6.9063e-01
6.9592e-01
6.9789e-01
6.9708e-01
6.9816e-01
6.9622e-01
6.9241e-01
6.9281e-01
6.9533e-01
6.8904e-01
6.9432e-01
6.8543e-01
6.8952e-01
6.9082e-01
6.9436e-01
6.9275e-01
6.9654e-01
6.9018e-01
6.9569e-01
6.9665e-01
6.9080e-01
6.8735e-01
7.0401e-01
6.9974e-01
6.8811e-01
6.9326e-01
6.9478e-01
6.9532e-01
6.8400e-01
6.9834e-01
6.9279e-01
6.8826e-01
6.9043e-01
7.0234e-01
6.9475e-01
6.9339e-01
6.9347e-01
6.9413e-01
6.9097e-01
6.8993e-01
6.9792e-01
6.9582e-01
6.7928e-01
6.8784e-01
6.9041e-01
7.0083e-01
6.9570e-01
6.9349e-01
6.9162e-01
6.9163e-01
6.9863e-01
6.9933e-01
7.0181e-01
6.9402e-01
6.9678e-01
6.9799e-01
7.0021e-01
6.9025e-01
7.0154e-01
6.9395e-01
6.9220e-01
6.9217e-01
7.0169e-01
6.9197e-01
6.9239e-01
6.9152e-01
6.9794e-01
6.9619e-01
6.9256e-01
6.9796e-01
7.0006e-01
6.9704e-01
6.9127e-01
6.9920e-01
6.9261e-01
6.9383e-01
6.9360e-01
6.9238e-01
6.9194e-01
6.9632e-01
6.9258e-01
6.9555e-01
6.9575e-01
6.9785e-01
6.9520e-01
6.9410e-01
6.9964e-01
6.9196e-01
6.9671e-01
6.8273e-01
6.9111e-01
6.9316e-01
6.9897e-01
6.9468e-01
6.9546e-01
6.9488e-01
6.9375e-01
6.9629e-01
6.8733e-01
6.8730e-01
6.8805e-01
6.9453e-01
7.0136e-01
6.9284e-01
6.9581e-01
6.9375e-01
6.9445e-01
6.9620e-01
6.9433e-01
6.9403e-01
6.9855e-01
6.9495e-01
7.0478e-01
7.0227e-01
6.9630e-01
6.9405e-01
6.9681e-01
6.9778e-01
6.9729e-01
6.9301e-01
6.9737e-01
6.8986e-01
6.9507e-01
6.9690e-01
6.9540e-01
7.0134e-01
6.9656e-01
6.9888e-01
7.0238e-01
6.9542e-01
6.9763e-01
6.9867e-01
6.9426e-01
6.9318e-01
6.9022e-01
6.9240e-01
6.9273e-01
6.9964e-01
6.9155e-01
6.9820e-01
6.9271e-01
6.9201e-01
7.0361e-01
6.9952e-01
6.9680e-01
6.9378e-01
6.9214e-01
6.9164e-01
6.9807e-01
7.0193e-01
7.0023e-01
6.8751e-01
6.9843e-01
6.9730e-01
7.0219e-01
6.9755e-01
6.9688e-01
6.9545e-01
6.8812e-01
6.8907e-01
6.9268e-01
6.9256e-01
6.9531e-01
6.9373e-01
6.9141e-01
6.9388e-01
6.9788e-01
6.9990e-01
6.9362e-01
6.9611e-01
6.9345e-01
6.8387e-01
6.9891e-01
6.9369e-01
6.9407e-01
6.9670e-01
6.8896e-01
6.9563e-01
6.9545e-01
6.8974e-01
7.0026e-01
7.0028e-01
6.9378e-01
6.9720e-01
6.9589e-01
6.9774e-01
6.9300e-01
6.9905e-01
6.9229e-01
6.9659e-01
6.9330e-01
6.9253e-01
6.9283e-01
6.9288e-01
6.9549e-01
6.9691e-01
6.9340e-01
6.9586e-01
6.9527e-01
6.9239e-01
6.9348e-01
6.8865e-01
6.9711e-01
6.9733e-01
6.9695e-01
6.9168e-01
6.9803e-01
6.9982e-01
6.9777e-01
6.9593e-01
6.8926e-01
6.8987e-01
6.9724e-01
6.9053e-01
7.0090e-01
7.0051e-01
6.9636e-01
6.9870e-01
6.8935e-01
6.9025e-01
6.9350e-01
6.9901e-01
6.9707e-01
6.9490e-01
6.9216e-01
6.9774e-01
6.8765e-01
6.9371e-01
6.9602e-01
6.8970e-01
6.9223e-01
6.9680e-01
6.9844e-01
6.9261e-01
6.9822e-01
6.9105e-01
6.9764e-01
6.9704e-01
6.9668e-01
6.9348e-01
6.9845e-01
6.9630e-01
6.8959e-01
6.9460e-01
6.9359e-01
6.8965e-01
6.9244e-01
6.9656e-01
6.9109e-01
6.8983e-01
6.9246e-01
6.9796e-01
6.8795e-01
6.9704e-01
7.0000e-01
6.9605e-01
6.9190e-01
6.9425e-01
6.9941e-01
6.9513e-01
6.9445e-01
6.8945e-01
6.9902e-01
6.9707e-01
6.8962e-01
6.8819e-01
6.9784e-01
7.0061e-01
6.9361e-01
6.9183e-01
6.9896e-01
6.8666e-01
6.9104e-01
6.9737e-01
6.9183e-01
6.9158e-01
6.8751e-01
6.9346e-01
6.9424e-01
6.9329e-01
6.8415e-01
6.8475e-01
6.9850e-01
6.9708e-01
7.0373e-01
6.9603e-01
6.9582e-01
6.9316e-01
6.9371e-01
6.9434e-01
6.9708e-01
6.9575e-01
6.8768e-01
6.9562e-01
6.9749e-01
6.8704e-01
6.9574e-01
6.9191e-01
6.9080e-01
6.9615e-01
6.9148e-01
6.9248e-01
6.9257e-01
6.9361e-01
6.9980e-01
6.9084e-01
6.9385e-01
6.9404e-01
6.8735e-01
6.9402e-01
6.9223e-01
6.9414e-01
7.0239e-01
6.9115e-01
6.9430e-01
6.9799e-01
6.9096e-01
6.9988e-01
6.9357e-01
6.9463e-01
6.9850e-01
7.0090e-01
7.0314e-01
6.9574e-01
6.9572e-01
6.9707e-01
6.9339e-01
6.9719e-01
6.9584e-01
6.9257e-01
6.9496e-01
7.0182e-01
6.9431e-01
6.9548e-01
6.9756e-01
6.9831e-01
6.9589e-01
6.9974e-01
6.9786e-01
6.9428e-01
6.9619e-01
6.9691e-01
6.9016e-01
6.9367e-01
6.9623e-01
6.8944e-01
6.8565e-01
6.8900e-01
6.9297e-01
7.0059e-01
6.9135e-01
6.9958e-01
6.9194e-01
6.9711e-01
6.9822e-01
6.9197e-01
6.9643e-01
6.9551e-01
6.9330e-01
6.9327e-01
6.9427e-01
6.9672e-01
6.8525e-01
6.9612e-01
6.9138e-01
6.9198e-01
6.8871e-01
6.9669e-01
6.9925e-01
6.9829e-01
6.9302e-01
6.9467e-01
6.9328e-01
6.9649e-01
6.8708e-01
7.0087e-01
6.9402e-01
6.9465e-01
6.9883e-01
6.9693e-01
6.9773e-01
6.9344e-01
6.9906e-01
6.9442e-01
7.0097e-01
6.9540e-01
6.9300e-01
6.9439e-01
6.9225e-01
6.9417e-01
6.9707e-01
6.9436e-01
6.9403e-01
6.9600e-01
6.9788e-01
6.8596e-01
6.9083e-01
6.9963e-01
6.9089e-01
6.9808e-01
6.8910e-01
6.9387e-01
6.9627e-01
6.9755e-01
6.9465e-01
6.9424e-01
6.9624e-01
6.8879e-01
6.9734e-01
6.9168e-01
6.9261e-01
6.8775e-01
6.8980e-01
6.9206e-01
6.8904e-01
6.9341e-01
6.9523e-01
6.9528e-01
6.9316e-01
6.9814e-01
7.0107e-01
6.9512e-01
6.9536e-01
6.8690e-01
6.9869e-01
6.8769e-01
6.9084e-01
6.9570e-01
6.9466e-01
6.9165e-01
6.9711e-01
6.9625e-01
6.9364e-01
6.9325e-01
6.9593e-01
6.9391e-01
6.9591e-01
6.9674e-01
6.9131e-01
6.9399e-01
6.9222e-01
6.8771e-01
6.8106e-01
6.9583e-01
6.9044e-01
6.9714e-01
6.9985e-01
6.9494e-01
6.9544e-01
6.9783e-01
6.9740e-01
6.9736e-01
6.9409e-01
6.9514e-01
6.9488e-01
6.9837e-01
6.8878e-01
6.9956e-01
6.9502e-01
6.9448e-01
6.8903e-01
6.9427e-01
6.9660e-01
6.9971e-01
6.9254e-01
6.9762e-01
6.9171e-01
6.9571e-01
6.9423e-01
7.0255e-01
6.9117e-01
6.9652e-01
6.9385e-01
6.9251e-01
6.9936e-01
6.9469e-01
6.9341e-01
6.9526e-01
7.0012e-01
6.9712e-01
6.9447e-01
6.8428e-01
6.9195e-01
6.9166e-01
6.9618e-01
6.8903e-01
6.9458e-01
6.9455e-01
6.8687e-01
6.9417e-01
6.9356e-01
6.9323e-01
6.9371e-01
7.0015e-01
6.9171e-01
6.9707e-01
7.0021e-01
6.9265e-01
6.8559e-01
6.9443e-01
7.0022e-01
6.9256e-01
6.9371e-01
6.9297e-01
6.9704e-01
6.8761e-01
6.9642e-01
6.9694e-01
6.9749e-01
6.9831e-01
6.9673e-01
6.9464e-01
6.9449e-01
6.9072e-01
6.8912e-01
6.9657e-01
6.9618e-01
6.9038e-01
7.0283e-01
6.9255e-01
6.9269e-01
6.9421e-01
6.8809e-01
6.9797e-01
6.9285e-01
7.0092e-01
6.9765e-01
6.9978e-01
7.0128e-01
7.0132e-01
6.9322e-01
6.8885e-01
6.9657e-01
6.9175e-01
6.9162e-01
6.9279e-01
6.9173e-01
6.9350e-01
6.9688e-01
6.8921e-01
6.8733e-01
6.8923e-01
7.0243e-01
6.9466e-01
6.9678e-01
6.8858e-01
6.9978e-01
6.9844e-01
6.9919e-01
6.9259e-01
6.9134e-01
7.0033e-01
6.9481e-01
6.9278e-01
6.8693e-01
6.9858e-01
6.9443e-01
6.9360e-01
6.9188e-01
7.0031e-01
6.8941e-01
6.9698e-01
6.9267e-01
6.9652e-01
6.9224e-01
6.9717e-01
6.9393e-01
6.8986e-01
6.9243e-01
6.9427e-01
6.9748e-01
7.0047e-01
6.8838e-01
6.9217e-01
6.9906e-01
6.9692e-01
6.9176e-01
6.9358e-01
6.9340e-01
6.9141e-01
6.9756e-01
6.9796e-01
6.8924e-01
6.9060e-01
6.9349e-01
7.0025e-01
6.9720e-01
6.9136e-01
6.8889e-01
6.9311e-01
6.9151e-01
6.9467e-01
6.9784e-01
6.9442e-01
6.9116e-01
6.9683e-01
6.9478e-01
6.9444e-01
6.9341e-01
6.9719e-01
6.9396e-01
6.9042e-01
6.9552e-01
6.9366e-01
6.9616e-01
6.9957e-01
6.8392e-01
7.0066e-01
6.9367e-01
6.9047e-01
6.9473e-01
6.9173e-01
6.9378e-01
6.9455e-01
7.0214e-01
6.9429e-01
6.9516e-01
6.9863e-01
6.9675e-01
6.9544e-01
6.9412e-01
6.9926e-01
6.8679e-01
6.9524e-01
6.9544e-01
7.0021e-01
6.9457e-01
6.9305e-01
6.9909e-01
6.9736e-01
7.0083e-01
6.9514e-01
6.9001e-01
6.9670e-01
6.9069e-01
6.9133e-01
6.9459e-01
6.9657e-01
6.9513e-01
6.9956e-01
6.9964e-01
6.9292e-01
6.9199e-01
6.9605e-01
6.9506e-01
6.9106e-01
6.9265e-01
6.9069e-01
6.9319e-01
6.9352e-01
6.9317e-01
6.9593e-01
7.0314e-01
6.9606e-01
6.9645e-01
6.9411e-01
6.9373e-01
6.9908e-01
6.9369e-01
6.9240e-01
6.8933e-01
6.9489e-01
6.9209e-01
6.9345e-01
6.9936e-01
