8.2658e-01
8.2839e-01
8.2738e-01
8.2354e-01
8.2330e-01
8.2498e-01
8.2775e-01
8.2322e-01
8.2396e-01
8.2530e-01
8.3014e-01
8.2218e-01
8.2964e-01
8.2346e-01
8.2271e-01
8.2339e-01
8.2483e-01
8.2707e-01
8.2383e-01
8.2755e-01
8.1983e-01
8.2416e-01
8.2873e-01
8.2850e-01
8.2369e-01
8.2294e-01
8.2327e-01
8.2152e-01
8.1947e-01
8.2727e-01
8.2178e-01
8.2733e-01
8.2107e-01
8.2660e-01
8.2152e-01
8.2466e-01
8.2864e-01
8.2496e-01
8.2565e-01
8.2020e-01
8.2394e-01
8.2610e-01
8.2430e-01
8.2590e-01
8.2649e-01
8.2699e-01
8.2225e-01
8.2348e-01
8.2820e-01
8.2314e-01
8.2316e-01
8.1962e-01
8.2391e-01
8.2638e-01
8.2763e-01
8.2273e-01
8.2364e-01
8.2315e-01
8.2463e-01
8.2371e-01
8.2410e-01
8.2699e-01
8.2842e-01
8.2902e-01
8.1958e-01
8.2769e-01
8.2266e-01
8.1900e-01
8.2727e-01
8.2594e-01
8.2503e-01
8.2529e-01
8.2834e-01
8.2901e-01
8.2719e-01
8.2863e-01
8.2696e-01
8.2547e-01
8.2564e-01
8.2605e-01
8.3022e-01
8.2716e-01
8.2130e-01
8.2376e-01
8.1736e-01
8.2046e-01
8.2644e-01
8.2382e-01
8.2732e-01
8.2751e-01
8.2398e-01
8.1868e-01
8.1873e-01
8.2002e-01
8.2695e-01
8.2711e-01
8.2671e-01
8.2576e-01
8.2885e-01
8.2537e-01
8.2787e-01
8.2282e-01
8.2460e-01
8.2257e-01
8.2557e-01
8.2508e-01
8.2604e-01
8.1868e-01
8.2135e-01
8.2481e-01
8.2771e-01
8.2549e-01
8.2398e-01
8.2699e-01
8.2125e-01
8.2257e-01
8.2254e-01
8.2642e-01
8.2700e-01
8.2376e-01
8.2018e-01
8.2060e-01
8.2387e-01
8.2573e-01
8.2777e-01
8.2654e-01
8.2732e-01
8.2886e-01
8.2384e-01
8.2566e-01
8.2371e-01
8.2792e-01
8.2357e-01
8.2442e-01
8.2861e-01
8.2498e-01
8.2950e-01
8.1975e-01
8.2668e-01
8.2785e-01
8.2629e-01
8.2190e-01
8.1847e-01
8.2766e-01
8.2566e-01
8.2537e-01
8.2709e-01
8.2415e-01
8.2729e-01
8.2318e-01
8.2464e-01
8.2763e-01
8.2951e-01
8.2269e-01
8.3147e-01
8.2301e-01
8.2291e-01
8.2703e-01
8.3180e-01
8.2891e-01
8.2518e-01
8.2696e-01
8.2265e-01
8.2353e-01
8.2513e-01
8.2476e-01
8.2243e-01
8.2752e-01
8.2730e-01
8.2552e-01
8.2266e-01
8.2785e-01
8.2373e-01
8.2401e-01
8.2363e-01
8.2604e-01
8.2677e-01
8.2896e-01
8.2098e-01
8.2532e-01
8.1836e-01
8.2539e-01
8.2380e-01
8.2985e-01
8.2879e-01
8.2795e-01
8.1894e-01
8.1858e-01
8.2768e-01
8.2572e-01
8.2427e-01
8.2596e-01
8.2598e-01
8.1994e-01
8.2410e-01
8.2428e-01
8.2458e-01
8.2844e-01
8.2468e-01
8.2224e-01
8.2611e-01
8.2434e-01
8.2891e-01
8.2819e-01
8.2705e-01
8.1983e-01
8.2180e-01
8.2150e-01
8.2637e-01
8.2274e-01
8.2099e-01
8.2254e-01
8.2514e-01
8.2562e-01
8.2856e-01
8.2333e-01
8.2597e-01
8.2168e-01
8.1892e-01
8.2726e-01
8.2536e-01
8.2557e-01
8.2384e-01
8.2025e-01
8.2203e-01
8.1776e-01
8.2348e-01
8.2620e-01
8.2226e-01
8.2584e-01
8.2972e-01
8.2569e-01
8.2302e-01
8.2797e-01
8.2349e-01
8.2556e-01
8.2844e-01
8.1914e-01
8.1956e-01
8.2144e-01
8.1979e-01
8.2303e-01
8.1972e-01
8.2945e-01
8.2810e-01
8.2343e-01
8.2589e-01
8.1968e-01
8.2375e-01
8.2567e-01
8.1938e-01
8.2366e-01
8.2543e-01
8.1903e-01
8.2344e-01
8.2693e-01
8.3049e-01
8.2081e-01
8.2611e-01
8.2578e-01
8.2185e-01
8.2746e-01
8.2815e-01
8.2256e-01
8.2847e-01
8.2134e-01
8.2258e-01
8.2500e-01
8.2683e-01
8.2422e-01
8.2840e-01
8.2212e-01
8.2756e-01
8.2584e-01
8.2207e-01
8.2498e-01
8.2688e-01
8.2465e-01
8.2749e-01
8.2643e-01
8.2901e-01
8.2551e-01
8.2570e-01
8.2326e-01
8.2645e-01
8.2469e-01
8.2629e-01
8.2226e-01
8.2670e-01
7.8036e-01
8.2106e-01
8.2335e-01
8.2161e-01
8.2817e-01
8.2233e-01
8.2686e-01
8.2622e-01
8.2310e-01
8.2077e-01
8.2571e-01
8.1719e-01
8.2570e-01
8.2528e-01
8.2741e-01
8.2521e-01
8.2261e-01
8.2546e-01
8.2413e-01
8.2771e-01
8.2562e-01
8.2050e-01
8.2471e-01
8.1789e-01
8.1869e-01
8.2656e-01
8.2563e-01
8.2514e-01
8.2643e-01
8.2361e-01
8.2459e-01
8.2157e-01
8.2565e-01
8.2708e-01
8.2232e-01
8.2469e-01
8.2961e-01
8.2254e-01
8.2996e-01
8.2109e-01
8.2502e-01
8.2570e-01
8.2805e-01
8.2869e-01
8.1933e-01
8.2833e-01
8.2470e-01
8.1936e-01
8.2375e-01
8.2291e-01
8.2379e-01
8.2814e-01
8.2599e-01
8.2943e-01
8.2153e-01
8.2567e-01
8.2790e-01
8.2644e-01
8.2260e-01
8.2308e-01
8.2590e-01
8.2569e-01
8.2254e-01
8.2495e-01
8.2084e-01
8.2551e-01
8.1887e-01
8.2499e-01
8.1991e-01
8.1693e-01
8.2223e-01
8.1314e-01
8.2655e-01
8.2598e-01
8.2474e-01
8.2267e-01
8.2611e-01
8.2329e-01
8.2395e-01
8.2526e-01
8.2760e-01
7.8448e-01
8.2672e-01
8.1664e-01
8.2470e-01
8.2262e-01
8.2624e-01
8.2188e-01
8.2614e-01
8.2114e-01
8.2040e-01
8.2177e-01
8.2303e-01
8.2657e-01
8.2446e-01
8.2563e-01
8.2487e-01
8.2540e-01
8.2453e-01
8.2324e-01
8.2635e-01
8.2934e-01
8.2325e-01
8.2508e-01
8.2397e-01
8.2066e-01
8.2583e-01
8.2773e-01
8.2207e-01
8.2577e-01
8.1907e-01
8.2678e-01
8.2128e-01
8.2964e-01
8.2431e-01
8.2669e-01
8.2639e-01
8.2751e-01
8.1993e-01
8.1896e-01
8.3171e-01
8.2202e-01
8.2511e-01
8.2318e-01
8.2363e-01
8.1847e-01
8.2900e-01
8.2912e-01
8.2247e-01
8.2624e-01
8.1923e-01
8.2308e-01
8.2417e-01
8.2633e-01
8.2896e-01
8.2729e-01
8.2297e-01
8.2634e-01
8.2417e-01
8.2900e-01
8.2319e-01
8.2345e-01
8.2611e-01
8.2769e-01
8.2800e-01
8.2678e-01
8.2631e-01
8.2404e-01
8.2620e-01
8.2135e-01
8.2780e-01
8.2373e-01
8.2203e-01
8.2672e-01
8.2076e-01
8.2242e-01
8.2486e-01
8.2282e-01
8.2324e-01
8.2503e-01
8.2301e-01
8.2346e-01
8.2715e-01
8.2142e-01
8.2210e-01
8.2372e-01
8.2502e-01
8.2696e-01
8.2774e-01
8.2206e-01
8.2435e-01
8.2606e-01
8.2670e-01
8.2674e-01
8.2801e-01
8.2534e-01
8.2679e-01
8.2241e-01
8.2471e-01
8.2764e-01
8.2806e-01
8.2545e-01
8.2290e-01
8.2712e-01
8.2611e-01
8.2686e-01
8.2793e-01
8.2135e-01
8.2426e-01
8.2217e-01
8.3097e-01
8.2571e-01
8.2156e-01
8.2247e-01
8.2167e-01
8.2760e-01
8.2605e-01
8.2934e-01
8.2240e-01
8.2739e-01
8.2657e-01
8.1956e-01
8.2242e-01
8.2692e-01
8.2735e-01
8.2747e-01
8.2479e-01
8.2297e-01
8.2691e-01
8.2885e-01
8.2074e-01
8.2305e-01
8.2173e-01
8.2557e-01
8.2780e-01
8.1838e-01
8.2491e-01
8.1649e-01
8.2472e-01
8.2439e-01
8.2385e-01
8.2320e-01
8.2561e-01
8.3000e-01
8.2528e-01
8.2598e-01
8.2580e-01
8.2657e-01
8.2315e-01
8.2551e-01
8.3031e-01
8.2763e-01
8.2706e-01
8.2757e-01
8.2443e-01
8.2872e-01
8.2487e-01
8.2382e-01
8.2555e-01
8.2793e-01
8.2308e-01
8.2847e-01
8.2185e-01
8.2933e-01
8.1798e-01
8.2431e-01
8.2808e-01
8.1633e-01
8.2687e-01
8.2688e-01
8.2858e-01
8.2135e-01
8.2518e-01
8.2424e-01
8.2413e-01
8.2803e-01
8.2523e-01
8.2400e-01
8.2299e-01
8.2400e-01
8.2724e-01
8.2511e-01
8.2185e-01
8.2530e-01
8.2245e-01
8.2445e-01
8.1831e-01
8.2551e-01
8.2608e-01
8.2518e-01
8.2312e-01
8.0520e-01
8.2931e-01
8.2387e-01
8.2651e-01
8.2882e-01
8.2332e-01
8.2752e-01
8.3130e-01
8.2716e-01
8.2408e-01
8.2042e-01
8.2486e-01
8.2931e-01
8.2290e-01
8.2423e-01
8.2721e-01
8.2751e-01
8.1884e-01
8.2427e-01
8.2521e-01
8.2668e-01
8.1896e-01
8.2862e-01
8.1702e-01
8.2547e-01
8.2966e-01
8.1980e-01
8.2329e-01
8.2224e-01
8.2810e-01
8.2336e-01
8.2759e-01
8.2337e-01
8.2418e-01
8.2454e-01
8.2466e-01
8.2749e-01
8.2432e-01
8.2966e-01
8.2540e-01
8.1838e-01
8.2650e-01
8.2628e-01
8.2719e-01
8.2135e-01
8.2960e-01
8.2506e-01
8.2679e-01
8.2684e-01
8.2559e-01
8.2768e-01
8.2481e-01
8.2025e-01
8.2779e-01
8.1932e-01
8.2407e-01
8.2191e-01
8.2572e-01
8.2447e-01
8.2569e-01
8.2478e-01
8.2552e-01
8.2313e-01
8.2451e-01
8.1952e-01
8.2643e-01
8.2480e-01
8.2081e-01
8.1822e-01
8.2464e-01
8.2521e-01
8.2414e-01
8.2629e-01
8.2424e-01
8.2928e-01
8.2341e-01
8.2270e-01
8.1576e-01
8.1997e-01
8.2160e-01
8.2198e-01
8.2477e-01
8.2426e-01
8.2072e-01
8.2969e-01
8.2651e-01
8.2422e-01
8.2229e-01
8.2565e-01
8.2719e-01
8.2731e-01
8.1881e-01
8.2189e-01
8.2689e-01
8.2158e-01
8.2972e-01
8.2667e-01
8.2410e-01
8.2422e-01
8.2018e-01
8.1868e-01
8.2541e-01
8.2634e-01
8.2816e-01
8.2873e-01
8.2544e-01
8.2592e-01
8.2805e-01
8.2279e-01
8.2467e-01
8.2200e-01
8.2280e-01
8.3058e-01
8.2938e-01
8.2520e-01
8.2501e-01
8.2886e-01
8.2495e-01
8.2322e-01
8.2484e-01
8.2505e-01
8.2034e-01
8.2789e-01
7.7558e-01
8.2504e-01
8.2429e-01
8.2397e-01
8.2307e-01
8.2254e-01
8.2438e-01
8.2607e-01
8.2752e-01
8.2657e-01
8.2518e-01
8.2110e-01
8.2093e-01
8.2836e-01
8.2536e-01
8.2604e-01
8.2377e-01
8.2580e-01
8.2452e-01
8.2301e-01
8.2459e-01
8.2337e-01
8.2477e-01
8.1845e-01
8.1931e-01
8.2638e-01
8.2819e-01
8.2861e-01
8.2539e-01
8.2769e-01
8.2762e-01
7.7344e-01
8.2729e-01
8.2442e-01
8.2864e-01
8.2176e-01
8.2964e-01
8.2625e-01
8.2657e-01
8.2271e-01
8.2307e-01
8.1777e-01
8.2609e-01
8.2570e-01
8.2742e-01
8.2252e-01
8.1921e-01
8.2389e-01
8.2229e-01
8.1740e-01
8.1831e-01
8.2137e-01
8.2085e-01
8.2744e-01
8.2155e-01
8.2768e-01
8.2503e-01
8.2706e-01
8.1858e-01
8.2713e-01
8.2681e-01
8.2180e-01
8.2348e-01
8.2419e-01
8.2453e-01
8.2403e-01
8.2637e-01
8.2277e-01
8.1838e-01
8.2741e-01
8.2588e-01
8.2681e-01
8.2208e-01
8.2590e-01
8.2581e-01
8.2177e-01
8.2779e-01
8.2911e-01
8.2203e-01
8.2375e-01
8.2732e-01
8.2573e-01
8.2473e-01
8.2567e-01
8.2738e-01
8.2648e-01
8.3046e-01
8.1764e-01
8.2400e-01
8.2318e-01
8.1776e-01
8.2569e-01
8.2484e-01
8.2388e-01
8.2518e-01
8.2482e-01
8.2486e-01
8.2405e-01
8.2643e-01
8.2188e-01
8.1951e-01
8.2375e-01
8.2766e-01
8.2844e-01
8.2479e-01
8.1902e-01
8.2259e-01
8.2766e-01
8.2497e-01
8.2235e-01
8.2602e-01
8.2592e-01
8.2218e-01
8.2309e-01
8.1811e-01
8.2456e-01
8.2321e-01
8.2611e-01
8.2561e-01
8.1651e-01
8.2801e-01
8.2350e-01
8.2410e-01
8.2558e-01
8.2259e-01
8.2721e-01
8.2214e-01
8.2113e-01
8.2367e-01
8.2610e-01
8.2656e-01
8.1799e-01
8.1920e-01
8.2531e-01
8.2812e-01
8.2090e-01
8.2481e-01
8.3006e-01
8.2382e-01
8.2392e-01
8.2258e-01
8.1836e-01
8.2540e-01
8.2411e-01
8.2386e-01
8.2646e-01
8.2526e-01
8.2432e-01
8.2695e-01
8.2795e-01
8.2203e-01
8.2589e-01
8.2808e-01
8.2092e-01
8.2471e-01
8.2473e-01
8.2513e-01
8.2516e-01
8.2775e-01
8.2722e-01
8.2745e-01
8.2228e-01
8.2277e-01
8.2413e-01
8.2900e-01
8.2499e-01
8.2899e-01
8.2159e-01
8.2214e-01
8.2495e-01
8.2766e-01
8.2492e-01
8.2637e-01
8.2272e-01
8.1827e-01
8.2403e-01
8.2570e-01
8.2445e-01
8.2328e-01
8.0231e-01
8.2728e-01
8.1700e-01
8.2148e-01
8.2769e-01
8.2588e-01
8.2843e-01
8.2290e-01
8.2291e-01
8.2954e-01
8.2161e-01
8.1987e-01
8.2530e-01
8.1924e-01
8.2301e-01
8.2592e-01
8.2340e-01
8.2240e-01
8.2849e-01
8.2758e-01
8.2734e-01
8.2153e-01
8.1977e-01
8.2169e-01
8.2592e-01
8.2264e-01
8.2313e-01
8.2363e-01
8.2875e-01
8.2225e-01
8.2891e-01
8.2088e-01
8.2787e-01
8.2612e-01
8.2971e-01
8.2065e-01
8.2658e-01
8.3017e-01
8.3000e-01
8.2387e-01
8.2989e-01
8.1814e-01
8.2584e-01
8.2104e-01
8.2957e-01
8.2299e-01
8.2119e-01
8.2794e-01
8.2570e-01
8.2284e-01
8.3042e-01
8.2188e-01
8.2762e-01
8.2471e-01
8.2375e-01
8.2013e-01
8.1962e-01
8.2856e-01
8.2339e-01
8.2157e-01
8.1896e-01
8.2854e-01
8.2196e-01
8.2264e-01
8.2866e-01
8.2749e-01
8.2302e-01
8.2113e-01
8.2354e-01
8.2585e-01
8.2609e-01
8.2172e-01
8.1770e-01
8.1972e-01
8.1994e-01
8.2280e-01
8.2853e-01
8.2404e-01
8.2565e-01
8.2617e-01
8.2409e-01
8.2738e-01
8.2443e-01
8.2162e-01
8.3778e-01
8.2494e-01
8.2843e-01
8.1733e-01
8.2443e-01
8.2609e-01
8.2688e-01
8.2272e-01
8.2042e-01
8.1848e-01
8.2480e-01
8.2460e-01
8.2290e-01
8.2298e-01
8.2686e-01
8.2438e-01
8.2553e-01
8.2988e-01
8.2365e-01
8.2085e-01
8.2610e-01
8.2470e-01
8.2421e-01
8.2686e-01
8.2675e-01
8.2887e-01
8.2949e-01
8.2837e-01
8.1866e-01
8.2640e-01
8.2789e-01
8.2675e-01
8.2069e-01
8.2371e-01
8.2064e-01
8.2595e-01
8.2175e-01
8.2658e-01
8.2576e-01
8.2641e-01
8.2003e-01
8.2167e-01
8.2996e-01
8.2425e-01
8.2048e-01
8.2617e-01
8.2733e-01
8.2256e-01
8.2726e-01
8.2711e-01
8.2808e-01
8.1967e-01
8.1917e-01
8.2656e-01
