7.3943e-01
7.7947e-01
7.9619e-01
6.9020e-01
7.9298e-01
7.5309e-01
7.6260e-01
7.8395e-01
7.5096e-01
8.0354e-01
7.4294e-01
7.5906e-01
6.7522e-01
7.3025e-01
7.9131e-01
7.4517e-01
7.2708e-01
7.6905e-01
7.2902e-01
7.5076e-01
7.2149e-01
7.8111e-01
7.4719e-01
7.4162e-01
7.5722e-01
7.1691e-01
7.6372e-01
7.4909e-01
7.6271e-01
7.4328e-01
7.8043e-01
7.5163e-01
7.1069e-01
7.8122e-01
8.3443e-01
7.2625e-01
6.9501e-01
7.2588e-01
7.9954e-01
7.5421e-01
7.8243e-01
7.9271e-01
7.3979e-01
7.6225e-01
7.2810e-01
7.7725e-01
7.3889e-01
7.9101e-01
6.8870e-01
6.8535e-01
7.0284e-01
7.8188e-01
7.3864e-01
7.6859e-01
7.7057e-01
7.4375e-01
7.6641e-01
6.6838e-01
7.8303e-01
7.1780e-01
7.8826e-01
7.6067e-01
7.6603e-01
7.4589e-01
7.7508e-01
7.5195e-01
7.7276e-01
7.2886e-01
7.4644e-01
5.5117e-01
7.5854e-01
7.1243e-01
7.4073e-01
7.4174e-01
7.4139e-01
7.0549e-01
7.3145e-01
7.2553e-01
7.1449e-01
7.9023e-01
7.4118e-01
7.8055e-01
7.3094e-01
7.6327e-01
7.6090e-01
7.6137e-01
7.5382e-01
7.6165e-01
7.1799e-01
7.5873e-01
7.1385e-01
7.6198e-01
7.7222e-01
6.9492e-01
7.5325e-01
6.4837e-01
7.2696e-01
7.1147e-01
7.6577e-01
7.7928e-01
7.6843e-01
7.3600e-01
7.5408e-01
7.4489e-01
7.6295e-01
6.8927e-01
6.8001e-01
7.6362e-01
7.4126e-01
7.5894e-01
8.0665e-01
7.5400e-01
7.0543e-01
7.7475e-01
7.0640e-01
7.5759e-01
7.5713e-01
7.5481e-01
7.4753e-01
6.8911e-01
7.6909e-01
7.1449e-01
6.8675e-01
7.5093e-01
7.9349e-01
7.7848e-01
7.1434e-01
6.9273e-01
7.4051e-01
7.8217e-01
7.6311e-01
7.6375e-01
7.1739e-01
7.5615e-01
7.8015e-01
7.5853e-01
6.8780e-01
7.5483e-01
7.1180e-01
7.6593e-01
7.3693e-01
7.7386e-01
7.0600e-01
7.5261e-01
7.7740e-01
7.6732e-01
7.5326e-01
7.5449e-01
7.7776e-01
7.7692e-01
7.2659e-01
7.8079e-01
6.7738e-01
7.5565e-01
7.3489e-01
7.6770e-01
6.8791e-01
7.7137e-01
7.7038e-01
8.0076e-01
6.9263e-01
7.3322e-01
7.5877e-01
7.5296e-01
7.8242e-01
7.7504e-01
6.9907e-01
7.7931e-01
6.9608e-01
7.6202e-01
7.5714e-01
7.4108e-01
8.0140e-01
7.7662e-01
7.9408e-01
6.9068e-01
7.3491e-01
7.2787e-01
7.8613e-01
7.4857e-01
8.0943e-01
7.7804e-01
7.5565e-01
7.7457e-01
7.2191e-01
7.8240e-01
7.3281e-01
7.5537e-01
7.5634e-01
7.6146e-01
7.8208e-01
7.5986e-01
7.5322e-01
7.1780e-01
7.9003e-01
7.9832e-01
7.9419e-01
7.2772e-01
7.9149e-01
7.7765e-01
7.6849e-01
8.1992e-01
7.5078e-01
7.7066e-01
7.9212e-01
7.7186e-01
7.9397e-01
7.6091e-01
7.6989e-01
7.5066e-01
6.2557e-01
7.2629e-01
7.5744e-01
7.8112e-01
7.6593e-01
7.8085e-01
7.4551e-01
6.9349e-01
7.6133e-01
7.5850e-01
7.8169e-01
7.6953e-01
7.7381e-01
6.8853e-01
7.8553e-01
7.7915e-01
7.3686e-01
7.4539e-01
7.5271e-01
7.7646e-01
7.5479e-01
7.5080e-01
7.4563e-01
7.0957e-01
7.3348e-01
7.5509e-01
7.4914e-01
7.8943e-01
6.9474e-01
7.7821e-01
7.7860e-01
7.4346e-01
7.2975e-01
7.5250e-01
7.8413e-01
7.7825e-01
7.2257e-01
7.7654e-01
7.5318e-01
7.4608e-01
7.2151e-01
7.3625e-01
7.4953e-01
7.6247e-01
7.6351e-01
7.4917e-01
7.7046e-01
7.6713e-01
7.3185e-01
7.6703e-01
7.4160e-01
7.2704e-01
7.5181e-01
6.9108e-01
7.5271e-01
7.6589e-01
7.5520e-01
7.3717e-01
7.6422e-01
7.8751e-01
7.6232e-01
6.8545e-01
7.0413e-01
7.4994e-01
7.7907e-01
7.4495e-01
7.4071e-01
7.7186e-01
6.9606e-01
7.8710e-01
8.1520e-01
7.8592e-01
7.4558e-01
7.8300e-01
7.7605e-01
7.6114e-01
7.2015e-01
7.4733e-01
7.4792e-01
7.7594e-01
7.8975e-01
7.1211e-01
7.7558e-01
7.7808e-01
7.3888e-01
7.6473e-01
7.7214e-01
7.3391e-01
6.8266e-01
6.8220e-01
7.4536e-01
7.3293e-01
7.6209e-01
7.4377e-01
7.5295e-01
7.6254e-01
7.4604e-01
7.6727e-01
7.6122e-01
7.0174e-01
7.8486e-01
7.4274e-01
7.1513e-01
6.9614e-01
6.9432e-01
7.3202e-01
7.1071e-01
7.2499e-01
7.1758e-01
7.5502e-01
7.6969e-01
7.5258e-01
7.1545e-01
7.9754e-01
7.3674e-01
7.3549e-01
7.5948e-01
7.3953e-01
7.3167e-01
7.3911e-01
8.2876e-01
7.7248e-01
6.9984e-01
7.0979e-01
7.8532e-01
7.7392e-01
7.1265e-01
7.0241e-01
7.5829e-01
7.4345e-01
7.2992e-01
7.6647e-01
7.2120e-01
7.5579e-01
7.7464e-01
7.7953e-01
7.7415e-01
7.6191e-01
7.5672e-01
7.2914e-01
7.5702e-01
7.9067e-01
7.8484e-01
7.8267e-01
7.6596e-01
7.7229e-01
7.7121e-01
7.4685e-01
7.6258e-01
7.0494e-01
7.5205e-01
6.8969e-01
7.6364e-01
7.7649e-01
7.6344e-01
7.6980e-01
7.8853e-01
7.8468e-01
7.4871e-01
6.9549e-01
6.9535e-01
7.3427e-01
8.1915e-01
7.4243e-01
7.7623e-01
7.5437e-01
7.2680e-01
7.1531e-01
7.4366e-01
7.9475e-01
7.4773e-01
7.8610e-01
7.3834e-01
8.1016e-01
7.7249e-01
7.0114e-01
7.8049e-01
7.7077e-01
8.0058e-01
7.7814e-01
7.6699e-01
7.6114e-01
7.8111e-01
7.2067e-01
7.2635e-01
7.3353e-01
7.6224e-01
6.9878e-01
7.1868e-01
7.4753e-01
7.4059e-01
7.5644e-01
7.9645e-01
7.5804e-01
6.9587e-01
7.4810e-01
7.3293e-01
7.1233e-01
7.9201e-01
7.5731e-01
7.6274e-01
7.2986e-01
7.8616e-01
7.8283e-01
7.5223e-01
6.9253e-01
7.7957e-01
7.2729e-01
7.6688e-01
7.5093e-01
7.4619e-01
7.5687e-01
7.3811e-01
7.0687e-01
7.6583e-01
7.7802e-01
7.8836e-01
7.0017e-01
7.6765e-01
7.9472e-01
7.6578e-01
7.6508e-01
7.5930e-01
7.5299e-01
7.5897e-01
7.4587e-01
7.2990e-01
7.4677e-01
7.9792e-01
7.3679e-01
7.5812e-01
7.9832e-01
7.4849e-01
7.5270e-01
7.4384e-01
6.9564e-01
7.7458e-01
7.7257e-01
7.3803e-01
7.8141e-01
7.1447e-01
7.5051e-01
7.5970e-01
7.7663e-01
7.2984e-01
7.5938e-01
7.6107e-01
7.3765e-01
7.7455e-01
7.3392e-01
7.5806e-01
7.6165e-01
7.2362e-01
7.5859e-01
7.6323e-01
7.5056e-01
7.8575e-01
7.7942e-01
7.1133e-01
7.9480e-01
7.4352e-01
7.7958e-01
7.1308e-01
7.8541e-01
7.5976e-01
7.5279e-01
7.6752e-01
7.4548e-01
7.3625e-01
7.3099e-01
7.4772e-01
7.6233e-01
7.6985e-01
7.6166e-01
7.7890e-01
6.4161e-01
7.5056e-01
7.3623e-01
7.0091e-01
7.5972e-01
7.1778e-01
7.7878e-01
7.6081e-01
7.6697e-01
7.3105e-01
7.4039e-01
6.9524e-01
7.6313e-01
7.9542e-01
7.0735e-01
7.7644e-01
7.8634e-01
8.0285e-01
7.3387e-01
6.7152e-01
7.7343e-01
7.7585e-01
7.9820e-01
7.8829e-01
7.3217e-01
8.0493e-01
7.8178e-01
7.5706e-01
6.9903e-01
7.0994e-01
7.0420e-01
7.4527e-01
7.7201e-01
7.5332e-01
7.7727e-01
7.3793e-01
7.6227e-01
7.7709e-01
7.6055e-01
6.9740e-01
7.8004e-01
7.2657e-01
7.1559e-01
7.6656e-01
7.4575e-01
7.4830e-01
6.7448e-01
7.5866e-01
7.8443e-01
7.7370e-01
7.6945e-01
7.6964e-01
7.8750e-01
7.3121e-01
7.4273e-01
7.5779e-01
7.0195e-01
7.1884e-01
7.7648e-01
7.8887e-01
7.5734e-01
7.7339e-01
7.8062e-01
7.3507e-01
7.5946e-01
7.8561e-01
7.9742e-01
7.5207e-01
7.7641e-01
7.7695e-01
7.4648e-01
7.1304e-01
7.4784e-01
7.7632e-01
7.8167e-01
7.3574e-01
7.6750e-01
7.1179e-01
7.6085e-01
7.6797e-01
7.5035e-01
7.8487e-01
7.4643e-01
7.8018e-01
7.4078e-01
7.5632e-01
7.5140e-01
7.5063e-01
7.5185e-01
7.9222e-01
7.8487e-01
7.4248e-01
7.4757e-01
7.5871e-01
7.5253e-01
7.8143e-01
7.2570e-01
7.3439e-01
7.4270e-01
7.7175e-01
7.2996e-01
7.8432e-01
7.7520e-01
7.4641e-01
7.4539e-01
7.1320e-01
7.5804e-01
6.8215e-01
7.8724e-01
7.5853e-01
7.3859e-01
7.2738e-01
7.4891e-01
7.3184e-01
7.7453e-01
7.5033e-01
7.7841e-01
7.6101e-01
7.8513e-01
7.0628e-01
7.4922e-01
6.9368e-01
7.0929e-01
7.3933e-01
7.0925e-01
7.5476e-01
7.2748e-01
5.8024e-01
7.6190e-01
7.7803e-01
7.9098e-01
7.6527e-01
7.8002e-01
7.3699e-01
7.4420e-01
7.5423e-01
7.4198e-01
7.3513e-01
7.6936e-01
7.7435e-01
7.0060e-01
6.9400e-01
7.4657e-01
7.3357e-01
7.7323e-01
7.7179e-01
7.5118e-01
7.8661e-01
7.5476e-01
7.5738e-01
6.7536e-01
7.3117e-01
6.7296e-01
7.3786e-01
6.9089e-01
7.4137e-01
7.8509e-01
6.8398e-01
6.9100e-01
7.5250e-01
7.8657e-01
7.2832e-01
7.6750e-01
7.0199e-01
6.9719e-01
7.5785e-01
8.0458e-01
7.8150e-01
7.4393e-01
7.7575e-01
6.8558e-01
6.8881e-01
7.0479e-01
7.8600e-01
7.3840e-01
7.5435e-01
7.3689e-01
7.4898e-01
7.1878e-01
7.1581e-01
7.4782e-01
7.6256e-01
7.8084e-01
7.5691e-01
7.7136e-01
7.9306e-01
6.7920e-01
7.6054e-01
7.4781e-01
6.9784e-01
7.8243e-01
7.6430e-01
7.1439e-01
7.5991e-01
7.6774e-01
7.2834e-01
7.6056e-01
6.7689e-01
7.5174e-01
7.7420e-01
7.8763e-01
7.5963e-01
6.8484e-01
7.1196e-01
7.2743e-01
7.5897e-01
7.6724e-01
7.6738e-01
7.6805e-01
7.8960e-01
7.7775e-01
7.7401e-01
7.3195e-01
7.6168e-01
7.7256e-01
7.8035e-01
7.0270e-01
7.4183e-01
7.5893e-01
7.2235e-01
7.5736e-01
7.5451e-01
7.6273e-01
7.8208e-01
7.6276e-01
7.4276e-01
6.8861e-01
7.2151e-01
7.8277e-01
8.0372e-01
7.5337e-01
7.6449e-01
7.8859e-01
7.3503e-01
7.9135e-01
7.6629e-01
7.8946e-01
7.4654e-01
7.7224e-01
7.5217e-01
7.0764e-01
7.4698e-01
7.6893e-01
7.7005e-01
7.1191e-01
7.8865e-01
7.6122e-01
6.9630e-01
7.4459e-01
6.9913e-01
7.0974e-01
7.7701e-01
7.5528e-01
7.4815e-01
7.5498e-01
7.7029e-01
7.7575e-01
7.5434e-01
7.3224e-01
7.4764e-01
7.3872e-01
7.7203e-01
7.7976e-01
7.9737e-01
7.6620e-01
7.9031e-01
7.3556e-01
6.9956e-01
7.6019e-01
7.8117e-01
7.4846e-01
7.3923e-01
7.6740e-01
7.8031e-01
7.3350e-01
7.6787e-01
7.4241e-01
7.3729e-01
7.7087e-01
7.7649e-01
7.7101e-01
7.0531e-01
6.8599e-01
7.4971e-01
7.5643e-01
7.7551e-01
7.4576e-01
7.2844e-01
7.3118e-01
7.4749e-01
7.3436e-01
7.5511e-01
7.4680e-01
7.3702e-01
7.7015e-01
7.8193e-01
7.6566e-01
7.4969e-01
6.8946e-01
7.5941e-01
6.8936e-01
7.1560e-01
7.6946e-01
7.6012e-01
7.3244e-01
7.6508e-01
7.1791e-01
7.7213e-01
7.5671e-01
7.8362e-01
7.6250e-01
7.4018e-01
7.1492e-01
7.7824e-01
7.6974e-01
7.5978e-01
7.5606e-01
7.1373e-01
6.8148e-01
7.5439e-01
7.6278e-01
7.7612e-01
7.8658e-01
7.4394e-01
7.1844e-01
7.5790e-01
7.3883e-01
6.8383e-01
7.2887e-01
7.6466e-01
7.5758e-01
7.8251e-01
7.6287e-01
7.8870e-01
7.3360e-01
6.7839e-01
7.8792e-01
7.6252e-01
7.7400e-01
7.9318e-01
7.6759e-01
7.5658e-01
7.5430e-01
7.4375e-01
7.1076e-01
7.4823e-01
7.3348e-01
7.6287e-01
7.7921e-01
6.9792e-01
6.3980e-01
7.8771e-01
7.5337e-01
7.6210e-01
7.7992e-01
7.2483e-01
7.4724e-01
7.5547e-01
7.7869e-01
7.6917e-01
7.7645e-01
7.5334e-01
7.3657e-01
7.5368e-01
7.4240e-01
7.7787e-01
7.7264e-01
7.1502e-01
7.6721e-01
7.7798e-01
7.5539e-01
7.9712e-01
7.9336e-01
8.0631e-01
7.6179e-01
7.6756e-01
7.8124e-01
7.8862e-01
7.5275e-01
7.2630e-01
7.4563e-01
7.5177e-01
7.6119e-01
7.6706e-01
6.5719e-01
7.8865e-01
7.2693e-01
7.7787e-01
7.8071e-01
7.9714e-01
7.7959e-01
7.6575e-01
6.8507e-01
7.3876e-01
7.3323e-01
7.1672e-01
7.5210e-01
7.6684e-01
7.5267e-01
7.3760e-01
7.2012e-01
7.1630e-01
7.7240e-01
6.7028e-01
7.6754e-01
6.3406e-01
7.0568e-01
7.8093e-01
7.3946e-01
7.8265e-01
7.5625e-01
7.1465e-01
7.5426e-01
6.9639e-01
7.2790e-01
7.2552e-01
7.1330e-01
7.2303e-01
7.9616e-01
7.6198e-01
7.7210e-01
7.1917e-01
7.3576e-01
7.6977e-01
7.6551e-01
7.4093e-01
7.8700e-01
7.0288e-01
7.1277e-01
7.8015e-01
8.0143e-01
7.3602e-01
7.7664e-01
7.7037e-01
7.6401e-01
7.5756e-01
7.0996e-01
6.9894e-01
7.5673e-01
7.9011e-01
7.4595e-01
7.5891e-01
7.5679e-01
7.5465e-01
7.6071e-01
7.4986e-01
7.5351e-01
7.9874e-01
7.8355e-01
7.4345e-01
7.6084e-01
7.7311e-01
7.8085e-01
7.4000e-01
7.3573e-01
7.6121e-01
7.7444e-01
7.3786e-01
8.0768e-01
7.8926e-01
7.3079e-01
7.1837e-01
7.7002e-01
7.8099e-01
7.6944e-01
7.7830e-01
7.3766e-01
7.7179e-01
7.1022e-01
7.0280e-01
7.5820e-01
7.2530e-01
7.4932e-01
7.1333e-01
7.6410e-01
7.7956e-01
7.4667e-01
7.4634e-01
7.5055e-01
7.0789e-01
7.4937e-01
7.5653e-01
7.3017e-01
7.4796e-01
7.6013e-01
7.9339e-01
7.3969e-01
7.8748e-01
7.3783e-01
7.4019e-01
7.7400e-01
7.6369e-01
7.8566e-01
8.2416e-01
7.6954e-01
6.7418e-01
7.2070e-01
7.1690e-01
7.9854e-01
7.3229e-01
7.7971e-01
7.0160e-01
7.7019e-01
7.3493e-01
7.6228e-01
7.7408e-01
7.6894e-01
7.6866e-01
7.7417e-01
7.7009e-01
7.8675e-01
7.5442e-01
6.6074e-01
7.6769e-01
7.5395e-01
