8.1601e-01
8.1858e-01
8.2185e-01
8.1584e-01
8.1852e-01
8.2001e-01
8.1695e-01
8.1930e-01
8.1281e-01
8.1413e-01
8.1359e-01
8.0976e-01
8.2203e-01
8.0877e-01
8.2353e-01
8.1610e-01
8.1988e-01
8.1931e-01
8.1898e-01
8.1230e-01
8.1776e-01
8.1847e-01
8.1435e-01
7.9517e-01
8.2087e-01
8.1679e-01
8.1695e-01
8.1852e-01
8.2014e-01
8.1706e-01
8.1655e-01
8.1621e-01
8.1952e-01
8.1316e-01
8.2211e-01
8.2231e-01
8.1886e-01
8.1737e-01
8.1859e-01
8.2007e-01
8.1778e-01
8.1738e-01
8.1543e-01
8.1743e-01
8.1811e-01
8.1786e-01
8.1775e-01
8.1790e-01
8.1550e-01
8.1360e-01
8.1276e-01
8.1524e-01
8.1794e-01
8.2152e-01
8.1391e-01
8.2167e-01
8.1917e-01
8.1909e-01
8.1866e-01
8.2679e-01
8.2201e-01
8.1876e-01
8.1975e-01
8.2493e-01
8.1672e-01
8.2427e-01
8.1941e-01
8.2397e-01
8.1976e-01
8.1846e-01
8.1974e-01
8.2337e-01
8.2013e-01
8.1485e-01
8.1490e-01
8.2151e-01
8.2211e-01
8.2079e-01
8.1297e-01
8.2065e-01
8.1940e-01
8.1445e-01
8.1855e-01
8.1824e-01
8.1945e-01
8.1930e-01
8.1746e-01
8.1826e-01
8.1202e-01
8.1903e-01
8.2065e-01
8.1338e-01
8.0875e-01
8.1938e-01
8.1935e-01
8.1788e-01
8.1808e-01
8.1548e-01
8.1557e-01
8.1298e-01
8.1214e-01
8.2007e-01
8.1592e-01
8.1872e-01
8.1928e-01
8.1487e-01
8.1718e-01
8.1465e-01
8.1885e-01
8.1802e-01
8.1402e-01
8.1279e-01
8.1796e-01
8.2122e-01
8.1314e-01
8.2313e-01
8.2012e-01
8.1664e-01
8.2131e-01
8.2024e-01
8.2343e-01
8.2211e-01
8.1754e-01
8.1671e-01
8.1748e-01
8.1619e-01
8.2183e-01
8.1722e-01
8.1620e-01
8.2059e-01
8.1806e-01
8.1204e-01
8.2172e-01
8.1444e-01
8.2253e-01
8.2043e-01
8.1953e-01
8.0553e-01
8.1227e-01
8.2631e-01
8.1799e-01
8.1280e-01
8.2076e-01
8.1964e-01
8.1548e-01
8.1657e-01
8.1974e-01
8.2237e-01
8.1507e-01
8.1994e-01
8.1552e-01
8.1729e-01
8.1923e-01
8.2518e-01
8.1979e-01
8.1901e-01
8.1499e-01
8.1918e-01
7.6960e-01
8.1946e-01
8.1987e-01
8.1603e-01
8.1682e-01
8.1621e-01
8.2134e-01
8.1163e-01
8.2100e-01
8.1985e-01
8.1920e-01
8.2216e-01
8.2092e-01
8.1467e-01
8.2082e-01
8.1974e-01
8.2369e-01
8.1560e-01
8.1816e-01
8.1595e-01
8.1537e-01
8.2003e-01
8.2155e-01
8.2109e-01
8.2136e-01
8.1847e-01
8.2285e-01
8.1290e-01
8.2147e-01
8.1586e-01
8.1834e-01
8.1244e-01
8.1927e-01
8.1755e-01
8.1365e-01
8.2264e-01
8.2033e-01
8.1513e-01
8.1196e-01
8.2015e-01
8.1926e-01
8.1867e-01
8.1986e-01
8.1426e-01
8.2043e-01
8.2052e-01
8.1971e-01
8.2121e-01
8.1893e-01
8.1954e-01
8.1978e-01
8.1961e-01
8.2294e-01
8.1460e-01
8.1583e-01
8.1802e-01
8.1334e-01
8.1988e-01
8.1733e-01
8.2235e-01
8.2095e-01
8.1674e-01
8.1280e-01
8.1803e-01
8.1061e-01
8.2308e-01
8.1513e-01
8.1864e-01
8.1303e-01
8.1998e-01
8.1820e-01
8.2127e-01
8.2021e-01
8.1796e-01
8.2064e-01
8.1664e-01
8.1828e-01
8.1426e-01
8.1381e-01
8.1739e-01
8.1400e-01
8.1860e-01
8.1416e-01
8.1262e-01
8.1387e-01
8.1934e-01
8.2006e-01
8.1858e-01
8.1296e-01
8.1300e-01
8.1228e-01
8.1895e-01
8.1904e-01
8.1734e-01
8.1614e-01
8.2140e-01
8.1812e-01
8.1751e-01
8.1288e-01
8.2310e-01
8.1887e-01
8.1633e-01
8.2153e-01
8.1383e-01
8.1773e-01
8.1891e-01
8.1548e-01
8.1286e-01
8.1544e-01
8.1326e-01
8.1898e-01
8.2336e-01
8.1317e-01
8.1659e-01
8.2192e-01
8.1008e-01
8.1346e-01
8.1766e-01
8.2063e-01
8.2264e-01
8.2184e-01
8.1901e-01
8.1698e-01
8.1626e-01
8.1955e-01
8.1625e-01
8.1927e-01
8.2178e-01
8.1812e-01
8.1513e-01
8.2442e-01
8.1429e-01
8.1802e-01
8.2084e-01
8.1991e-01
8.1564e-01
8.2147e-01
8.1763e-01
8.2001e-01
8.1850e-01
8.1892e-01
8.1632e-01
8.1811e-01
8.1788e-01
8.1851e-01
8.2166e-01
8.1942e-01
8.1360e-01
8.2127e-01
8.1871e-01
8.1449e-01
8.1958e-01
8.1480e-01
8.1956e-01
8.1498e-01
8.1269e-01
8.1933e-01
8.1807e-01
8.2058e-01
8.1365e-01
8.1944e-01
8.1662e-01
8.1212e-01
8.1998e-01
8.1477e-01
8.1926e-01
8.2324e-01
8.1620e-01
8.1793e-01
8.1120e-01
8.1484e-01
8.1543e-01
8.1921e-01
8.2149e-01
8.1117e-01
8.1129e-01
8.2132e-01
8.1745e-01
8.2029e-01
8.1257e-01
8.1835e-01
8.1968e-01
8.1855e-01
8.1469e-01
8.1609e-01
8.1678e-01
8.1783e-01
8.1396e-01
8.1634e-01
8.1414e-01
8.2062e-01
8.2046e-01
8.1537e-01
8.1705e-01
8.1832e-01
8.1904e-01
8.1671e-01
8.2149e-01
8.1745e-01
8.1423e-01
8.1334e-01
8.2281e-01
8.2074e-01
8.1899e-01
8.1920e-01
8.1145e-01
8.1672e-01
8.2030e-01
8.1580e-01
8.1545e-01
8.1580e-01
8.1724e-01
8.1410e-01
8.2149e-01
8.1884e-01
8.1950e-01
8.1099e-01
8.1936e-01
8.1969e-01
8.2062e-01
8.1850e-01
8.2058e-01
8.1499e-01
8.1929e-01
8.1374e-01
8.2322e-01
8.1751e-01
8.1603e-01
8.1997e-01
8.1956e-01
8.1837e-01
8.2131e-01
8.1828e-01
8.2278e-01
8.1601e-01
8.1144e-01
8.1693e-01
8.1608e-01
8.1942e-01
8.1600e-01
8.1349e-01
8.1986e-01
8.1258e-01
8.1835e-01
8.1730e-01
8.2071e-01
8.1448e-01
8.1753e-01
8.2581e-01
8.0950e-01
8.1976e-01
8.1732e-01
8.1522e-01
8.1889e-01
8.1837e-01
8.2143e-01
8.1561e-01
8.1898e-01
8.1851e-01
8.2210e-01
8.1739e-01
8.1441e-01
8.2358e-01
8.1981e-01
8.1903e-01
8.2103e-01
8.1544e-01
8.1450e-01
8.1687e-01
8.1693e-01
8.1905e-01
8.1307e-01
8.1840e-01
8.2133e-01
8.2239e-01
8.1471e-01
8.1530e-01
8.1882e-01
8.1858e-01
8.1664e-01
8.1501e-01
8.1980e-01
8.2088e-01
8.1697e-01
8.1757e-01
8.1869e-01
8.2305e-01
8.1259e-01
8.2018e-01
8.2064e-01
8.2234e-01
8.1595e-01
8.1694e-01
8.1672e-01
8.1266e-01
8.2154e-01
8.1787e-01
8.1738e-01
8.1812e-01
8.1706e-01
8.2104e-01
8.1274e-01
8.1863e-01
8.0964e-01
8.2113e-01
8.1631e-01
8.1927e-01
8.2320e-01
8.1709e-01
8.0644e-01
8.1954e-01
8.1954e-01
8.2276e-01
8.1728e-01
8.1900e-01
8.1798e-01
8.1692e-01
8.1889e-01
8.2106e-01
8.1997e-01
8.1569e-01
8.1764e-01
8.1736e-01
8.1769e-01
8.2097e-01
8.1926e-01
8.1192e-01
8.2092e-01
8.1879e-01
8.1674e-01
8.2104e-01
8.1886e-01
8.1943e-01
8.2160e-01
8.1906e-01
8.1465e-01
8.1611e-01
8.1922e-01
8.1706e-01
8.1972e-01
8.1477e-01
8.1435e-01
8.1919e-01
8.1141e-01
8.1555e-01
8.1651e-01
8.1514e-01
8.1860e-01
8.2044e-01
8.1875e-01
8.2195e-01
8.1801e-01
8.2026e-01
8.1801e-01
8.1242e-01
8.2122e-01
8.1743e-01
8.2006e-01
8.1709e-01
8.1989e-01
8.1471e-01
8.1591e-01
8.1965e-01
8.1643e-01
8.2343e-01
8.2365e-01
8.1750e-01
8.1582e-01
8.1155e-01
8.1685e-01
8.1651e-01
8.2097e-01
8.1910e-01
8.1914e-01
8.1785e-01
8.2060e-01
8.2109e-01
8.1777e-01
8.1860e-01
8.1649e-01
8.2281e-01
8.1562e-01
8.1806e-01
8.2215e-01
8.2110e-01
8.1522e-01
8.1539e-01
8.2213e-01
8.1913e-01
8.1927e-01
8.1708e-01
8.1280e-01
8.1645e-01
8.2186e-01
8.1995e-01
8.1867e-01
8.2124e-01
8.1526e-01
8.1882e-01
8.1628e-01
8.1899e-01
8.2394e-01
8.1357e-01
8.1861e-01
8.2113e-01
8.1786e-01
8.2224e-01
8.1947e-01
8.1679e-01
8.1929e-01
8.2001e-01
8.1358e-01
8.1983e-01
8.2116e-01
8.1068e-01
8.1909e-01
8.2044e-01
8.1372e-01
8.1672e-01
8.2097e-01
8.1713e-01
8.2094e-01
8.1524e-01
8.1695e-01
8.1856e-01
8.1640e-01
8.2183e-01
8.1337e-01
8.1896e-01
8.2620e-01
8.1882e-01
8.2093e-01
8.1726e-01
8.1691e-01
8.1775e-01
8.1711e-01
8.1721e-01
8.1967e-01
7.7897e-01
8.1919e-01
8.1776e-01
8.2152e-01
8.1440e-01
8.1940e-01
8.1359e-01
8.1672e-01
8.2204e-01
8.2271e-01
8.2008e-01
8.2132e-01
8.2073e-01
8.2074e-01
8.1248e-01
8.1904e-01
8.1822e-01
8.1708e-01
8.1568e-01
8.1528e-01
8.1850e-01
8.1781e-01
8.1824e-01
8.2028e-01
8.1781e-01
8.1717e-01
8.1920e-01
8.2188e-01
8.1639e-01
8.1924e-01
8.1742e-01
8.1840e-01
8.1493e-01
8.2109e-01
8.2077e-01
8.1545e-01
8.1640e-01
8.1151e-01
8.1479e-01
8.1066e-01
8.1655e-01
8.2082e-01
8.1491e-01
8.2232e-01
8.1645e-01
8.1218e-01
8.2166e-01
8.1802e-01
8.1965e-01
8.1560e-01
8.1901e-01
8.1196e-01
8.2089e-01
8.1640e-01
8.1968e-01
8.1880e-01
8.1802e-01
8.1898e-01
8.1725e-01
8.1649e-01
8.2075e-01
8.1431e-01
8.1660e-01
8.1606e-01
8.1880e-01
8.2019e-01
8.1937e-01
8.1947e-01
8.0403e-01
8.1771e-01
8.2156e-01
8.1645e-01
8.1474e-01
8.1225e-01
8.1810e-01
8.1521e-01
8.1765e-01
8.1824e-01
8.1692e-01
8.2144e-01
8.1590e-01
8.1936e-01
8.1942e-01
8.2063e-01
8.2151e-01
8.1810e-01
8.1652e-01
8.1869e-01
8.1707e-01
8.1627e-01
8.1541e-01
8.1636e-01
8.1256e-01
8.1370e-01
8.2279e-01
8.1774e-01
8.1599e-01
8.1716e-01
8.1988e-01
8.1540e-01
8.1758e-01
8.1724e-01
8.1552e-01
8.2020e-01
8.1913e-01
8.1751e-01
8.1534e-01
8.1438e-01
8.1886e-01
8.2092e-01
8.1692e-01
8.1765e-01
8.1432e-01
8.1791e-01
8.2019e-01
8.2035e-01
8.2217e-01
8.1816e-01
8.1727e-01
8.1624e-01
8.1906e-01
8.2327e-01
8.1466e-01
8.1740e-01
8.1631e-01
8.1750e-01
8.1827e-01
8.2032e-01
8.1415e-01
8.1700e-01
8.1587e-01
8.2035e-01
8.1289e-01
8.1665e-01
8.1250e-01
8.1739e-01
8.1782e-01
8.2092e-01
8.2102e-01
8.1914e-01
8.1673e-01
8.2217e-01
8.1673e-01
8.1757e-01
8.2176e-01
8.2121e-01
8.1001e-01
8.1374e-01
8.1577e-01
8.1604e-01
8.2011e-01
8.1268e-01
8.2061e-01
8.1267e-01
8.1945e-01
8.1826e-01
8.1822e-01
8.1225e-01
8.2080e-01
8.1291e-01
8.1312e-01
8.1631e-01
8.2132e-01
8.1857e-01
8.1785e-01
8.1785e-01
8.1741e-01
8.0881e-01
8.1618e-01
8.1898e-01
8.1943e-01
8.1924e-01
8.2027e-01
8.1539e-01
8.1854e-01
8.1653e-01
8.1615e-01
8.1687e-01
8.1850e-01
8.1796e-01
8.2360e-01
8.1749e-01
8.1910e-01
8.1662e-01
8.1447e-01
8.1353e-01
8.2224e-01
8.1593e-01
8.2055e-01
8.1742e-01
8.1912e-01
8.1860e-01
8.1253e-01
8.1774e-01
8.1825e-01
8.1475e-01
8.1329e-01
8.1760e-01
8.1752e-01
8.1640e-01
8.1784e-01
8.2110e-01
8.1314e-01
8.1518e-01
8.1873e-01
8.1582e-01
8.1922e-01
8.1207e-01
8.1971e-01
8.1546e-01
8.1915e-01
8.1487e-01
8.2302e-01
8.1756e-01
8.1441e-01
8.1372e-01
8.1964e-01
8.1687e-01
8.2380e-01
8.1705e-01
8.1911e-01
8.1718e-01
8.1953e-01
8.1950e-01
8.2212e-01
8.1612e-01
8.1868e-01
8.1841e-01
8.1657e-01
8.1174e-01
8.1809e-01
8.2134e-01
8.1971e-01
8.1815e-01
8.1703e-01
8.1918e-01
8.1863e-01
8.2003e-01
8.1920e-01
8.1641e-01
8.1921e-01
8.2009e-01
8.1872e-01
8.1699e-01
8.1935e-01
8.1715e-01
8.1884e-01
8.2244e-01
8.1366e-01
8.1509e-01
8.2030e-01
8.1800e-01
8.2071e-01
8.1640e-01
8.1619e-01
8.1657e-01
8.1740e-01
8.1305e-01
8.1671e-01
8.1471e-01
8.1305e-01
8.1207e-01
8.1565e-01
8.1859e-01
8.1652e-01
8.1585e-01
8.1549e-01
8.2082e-01
8.1705e-01
8.1343e-01
8.1465e-01
8.1451e-01
8.2137e-01
8.2050e-01
8.1939e-01
8.2054e-01
8.1377e-01
8.1665e-01
8.1978e-01
8.0957e-01
8.1371e-01
8.1768e-01
8.1511e-01
8.1904e-01
8.2258e-01
8.2106e-01
8.2086e-01
8.1330e-01
8.1921e-01
8.1781e-01
8.1230e-01
8.1697e-01
8.1721e-01
8.1627e-01
8.2057e-01
8.2052e-01
8.2069e-01
8.1728e-01
8.1617e-01
8.1387e-01
8.1394e-01
8.2225e-01
8.1323e-01
8.1597e-01
8.2181e-01
8.1390e-01
8.1939e-01
8.1572e-01
8.1735e-01
8.1280e-01
8.1755e-01
8.1949e-01
8.2336e-01
8.1528e-01
8.1880e-01
8.1637e-01
8.1801e-01
8.1699e-01
8.1431e-01
8.1666e-01
8.1611e-01
8.1469e-01
8.1210e-01
8.1661e-01
8.1634e-01
8.1388e-01
8.2287e-01
8.1886e-01
8.1735e-01
8.1671e-01
8.1550e-01
8.1451e-01
8.1501e-01
8.1407e-01
8.1263e-01
8.1995e-01
8.1243e-01
8.1774e-01
8.1737e-01
8.1488e-01
8.1946e-01
8.1932e-01
8.1802e-01
8.1885e-01
8.1445e-01
8.2120e-01
8.2153e-01
8.1751e-01
8.1584e-01
8.1206e-01
8.2210e-01
8.2167e-01
8.2128e-01
8.1658e-01
8.1960e-01
8.1228e-01
8.1337e-01
8.1797e-01
8.1413e-01
8.1730e-01
8.1764e-01
8.1454e-01
8.1554e-01
8.2285e-01
8.1688e-01
8.1327e-01
8.1497e-01
8.2008e-01
8.1713e-01
8.1457e-01
8.1407e-01
8.1585e-01
8.2234e-01
8.2003e-01
8.2082e-01
8.1851e-01
8.2197e-01
8.1752e-01
8.2135e-01
8.1765e-01
8.1659e-01
8.1829e-01
8.1442e-01
8.2036e-01
8.1885e-01
8.2062e-01
8.2130e-01
8.1395e-01
8.1376e-01
8.1856e-01
8.1817e-01
8.1536e-01
8.1637e-01
8.1966e-01
8.1577e-01
8.2035e-01
8.1856e-01
8.1383e-01
8.1717e-01
8.1972e-01
8.1489e-01
8.1908e-01
8.1802e-01
8.1907e-01
