6.7623e-01
6.8695e-01
6.8927e-01
6.8637e-01
6.8846e-01
6.7928e-01
6.7807e-01
6.8794e-01
6.7275e-01
6.8288e-01
6.8248e-01
6.8318e-01
6.8823e-01
6.9127e-01
6.8111e-01
6.8130e-01
6.8982e-01
6.8332e-01
6.8253e-01
6.8731e-01
6.8191e-01
6.8900e-01
6.7683e-01
6.8159e-01
6.9040e-01
6.8364e-01
6.8010e-01
6.9224e-01
6.8720e-01
6.8747e-01
6.8215e-01
6.9237e-01
6.8255e-01
6.8502e-01
6.8092e-01
6.7993e-01
6.7833e-01
6.7378e-01
6.8462e-01
6.8465e-01
6.7996e-01
6.8681e-01
6.8169e-01
6.8486e-01
6.8654e-01
6.8606e-01
6.8361e-01
6.8757e-01
6.8532e-01
6.8353e-01
6.8766e-01
6.8662e-01
6.8475e-01
6.7390e-01
6.8785e-01
6.8785e-01
6.8149e-01
6.7222e-01
6.8328e-01
6.9050e-01
6.8342e-01
6.8317e-01
6.8167e-01
6.8101e-01
6.8509e-01
6.8767e-01
6.8323e-01
6.8348e-01
6.8555e-01
6.8490e-01
6.8528e-01
6.7904e-01
6.8600e-01
6.8144e-01
6.8388e-01
6.8454e-01
6.8628e-01
6.9068e-01
6.8125e-01
6.7923e-01
6.8180e-01
6.8639e-01
6.8065e-01
6.8321e-01
6.8301e-01
6.7984e-01
6.9279e-01
6.8882e-01
6.7946e-01
6.7661e-01
6.8424e-01
6.8655e-01
6.8896e-01
6.8367e-01
6.8801e-01
6.8235e-01
6.8409e-01
6.8718e-01
6.8799e-01
6.8566e-01
6.8179e-01
6.8618e-01
6.8657e-01
6.7871e-01
6.8782e-01
6.7419e-01
6.8032e-01
6.9109e-01
6.8728e-01
6.7880e-01
6.8186e-01
6.7701e-01
6.8183e-01
6.8389e-01
6.8704e-01
6.8743e-01
6.8538e-01
6.8485e-01
6.8201e-01
6.7460e-01
6.8254e-01
6.8674e-01
6.9035e-01
6.7814e-01
6.8338e-01
6.7676e-01
6.8536e-01
6.8679e-01
6.8435e-01
6.8163e-01
6.7864e-01
6.8893e-01
6.8466e-01
6.9016e-01
6.8849e-01
6.8625e-01
6.8749e-01
6.8675e-01
6.8348e-01
6.8469e-01
6.8561e-01
6.8488e-01
6.8501e-01
6.8169e-01
6.9144e-01
6.8294e-01
6.8308e-01
6.8302e-01
6.8691e-01
6.8085e-01
6.8295e-01
6.8821e-01
6.8677e-01
6.8682e-01
6.8956e-01
6.9189e-01
6.9014e-01
6.8885e-01
6.7598e-01
6.8589e-01
6.8254e-01
6.8589e-01
6.8255e-01
6.9108e-01
6.8418e-01
6.7632e-01
6.8830e-01
6.8785e-01
6.8532e-01
6.6662e-01
6.7935e-01
6.8207e-01
6.8302e-01
6.8187e-01
6.8116e-01
6.3672e-01
6.7576e-01
6.8982e-01
6.8244e-01
6.8869e-01
6.8564e-01
6.8321e-01
6.7839e-01
6.7910e-01
6.8149e-01
6.7972e-01
6.8817e-01
6.8052e-01
6.7381e-01
6.8257e-01
6.8380e-01
6.8493e-01
6.8444e-01
6.8814e-01
6.8590e-01
6.8524e-01
6.8171e-01
6.8543e-01
6.8020e-01
6.8313e-01
6.7958e-01
6.8781e-01
6.8310e-01
6.8145e-01
6.8453e-01
6.8502e-01
6.8575e-01
6.8621e-01
6.8280e-01
6.8442e-01
6.8813e-01
6.7882e-01
6.8207e-01
6.8404e-01
6.8125e-01
6.8362e-01
6.8394e-01
6.8684e-01
6.7880e-01
6.8222e-01
6.7592e-01
6.8920e-01
6.7548e-01
6.8847e-01
6.8235e-01
6.8679e-01
6.8337e-01
6.8714e-01
6.8720e-01
6.8329e-01
6.8383e-01
6.8717e-01
6.8317e-01
6.8460e-01
6.7833e-01
6.8813e-01
6.8593e-01
6.8649e-01
6.8096e-01
6.8334e-01
6.8905e-01
6.8694e-01
6.8956e-01
6.8610e-01
6.8901e-01
6.8530e-01
6.7873e-01
6.8739e-01
6.9094e-01
6.8558e-01
6.8552e-01
6.9033e-01
6.8384e-01
6.8041e-01
6.7668e-01
6.8064e-01
6.4043e-01
6.7580e-01
6.8828e-01
6.8651e-01
6.8564e-01
6.8607e-01
6.7722e-01
6.8383e-01
6.8195e-01
6.8660e-01
6.8993e-01
6.8412e-01
6.8101e-01
6.8760e-01
6.8180e-01
6.8069e-01
6.8458e-01
6.8784e-01
6.8540e-01
6.8490e-01
6.7906e-01
6.8470e-01
6.8703e-01
6.8563e-01
6.3462e-01
6.7912e-01
6.7987e-01
6.8888e-01
6.7704e-01
6.8742e-01
6.8787e-01
6.8517e-01
6.8374e-01
6.8618e-01
6.8413e-01
6.8904e-01
6.8201e-01
6.8143e-01
6.8874e-01
6.8945e-01
6.9119e-01
6.8090e-01
6.8987e-01
6.8730e-01
6.8901e-01
6.8289e-01
6.7992e-01
6.7963e-01
6.9267e-01
6.9122e-01
6.8668e-01
6.7965e-01
6.7459e-01
6.7924e-01
6.8609e-01
6.8817e-01
6.8349e-01
6.9161e-01
6.7925e-01
6.8293e-01
6.8938e-01
6.7835e-01
6.8416e-01
6.8538e-01
6.9205e-01
6.8870e-01
6.8738e-01
6.7817e-01
6.7770e-01
6.8948e-01
6.7738e-01
6.8207e-01
6.8401e-01
6.8284e-01
6.8218e-01
6.8331e-01
6.9060e-01
6.8277e-01
6.8462e-01
6.7976e-01
6.8996e-01
6.8391e-01
6.8326e-01
6.7522e-01
6.8439e-01
6.8025e-01
6.8871e-01
6.6852e-01
6.8572e-01
6.8446e-01
6.8472e-01
6.8788e-01
6.8662e-01
6.8688e-01
6.8229e-01
6.8484e-01
6.8219e-01
6.8185e-01
6.8952e-01
6.8750e-01
6.8373e-01
6.8812e-01
6.8374e-01
6.8297e-01
6.8488e-01
6.8368e-01
6.7767e-01
6.8618e-01
6.8309e-01
6.7824e-01
6.8424e-01
6.8355e-01
6.8228e-01
6.8062e-01
6.7973e-01
6.8571e-01
6.8601e-01
6.8201e-01
6.8880e-01
6.8160e-01
6.7860e-01
6.8115e-01
6.8874e-01
6.8780e-01
6.8144e-01
6.8422e-01
6.7138e-01
6.8884e-01
6.9045e-01
6.8913e-01
6.8674e-01
6.8037e-01
6.8239e-01
6.8745e-01
6.9114e-01
6.8509e-01
6.9375e-01
6.8732e-01
6.7895e-01
6.8349e-01
6.8659e-01
6.8092e-01
6.8746e-01
6.8103e-01
6.7677e-01
6.8316e-01
6.8948e-01
6.9021e-01
6.8543e-01
6.7962e-01
6.9115e-01
6.8766e-01
6.7920e-01
6.7333e-01
6.7277e-01
6.8505e-01
6.9195e-01
6.8083e-01
6.8208e-01
6.8236e-01
6.8833e-01
6.8824e-01
6.8547e-01
6.7816e-01
6.8247e-01
6.8202e-01
6.8305e-01
6.7256e-01
6.8577e-01
6.8464e-01
6.8826e-01
6.8934e-01
6.8129e-01
6.7183e-01
6.8730e-01
6.8765e-01
6.8899e-01
6.8592e-01
6.8785e-01
6.8624e-01
6.8782e-01
6.8638e-01
6.8029e-01
6.8735e-01
6.8754e-01
6.8020e-01
6.8042e-01
6.8483e-01
6.8543e-01
6.8460e-01
6.8315e-01
6.8364e-01
6.8437e-01
6.8362e-01
6.9009e-01
6.8635e-01
6.8551e-01
6.8691e-01
6.8599e-01
6.8673e-01
6.8509e-01
6.8233e-01
6.8411e-01
6.8386e-01
6.9336e-01
6.8348e-01
6.8788e-01
6.8670e-01
6.8341e-01
6.8068e-01
6.8090e-01
6.8721e-01
6.8310e-01
6.8561e-01
6.8745e-01
6.8712e-01
6.8054e-01
6.8778e-01
6.8640e-01
6.8823e-01
6.8415e-01
6.8561e-01
6.8660e-01
6.8870e-01
6.7829e-01
6.8908e-01
6.6072e-01
6.8131e-01
6.8495e-01
6.8498e-01
6.8781e-01
6.8380e-01
6.9039e-01
6.7700e-01
6.8738e-01
6.8860e-01
6.8841e-01
6.7565e-01
6.9005e-01
6.7567e-01
6.8536e-01
6.8555e-01
6.9053e-01
6.8244e-01
6.8488e-01
6.8411e-01
6.8256e-01
6.7863e-01
6.9059e-01
6.8379e-01
6.8257e-01
6.8453e-01
6.3793e-01
6.7766e-01
6.8625e-01
6.8915e-01
6.8653e-01
6.7097e-01
6.7428e-01
6.8577e-01
6.8652e-01
6.8251e-01
6.7423e-01
6.8759e-01
6.7778e-01
6.8734e-01
6.8264e-01
6.8448e-01
6.8752e-01
6.8697e-01
6.8766e-01
6.8378e-01
6.9524e-01
6.8393e-01
6.8908e-01
6.8894e-01
6.6083e-01
6.8993e-01
6.8722e-01
6.8562e-01
6.9169e-01
6.8870e-01
6.8428e-01
6.8962e-01
6.8810e-01
6.8896e-01
6.8919e-01
6.7659e-01
6.8270e-01
6.8459e-01
6.8565e-01
6.8668e-01
6.8649e-01
6.8685e-01
6.7776e-01
6.7845e-01
6.8425e-01
6.8806e-01
6.8270e-01
6.9260e-01
6.8684e-01
6.7680e-01
6.8557e-01
6.8916e-01
6.7237e-01
6.8807e-01
6.8937e-01
6.8658e-01
6.7936e-01
6.8943e-01
6.8225e-01
6.9030e-01
6.8375e-01
6.8322e-01
6.8183e-01
6.7617e-01
6.8488e-01
6.8424e-01
6.7977e-01
6.3549e-01
6.8109e-01
6.8344e-01
6.8908e-01
6.8270e-01
6.8484e-01
6.8476e-01
6.8959e-01
6.7515e-01
6.8439e-01
6.8367e-01
6.8760e-01
6.8525e-01
6.8163e-01
6.8212e-01
6.8036e-01
6.8737e-01
6.8469e-01
6.8673e-01
6.8526e-01
6.9212e-01
6.8991e-01
6.8408e-01
6.8495e-01
6.7996e-01
6.4467e-01
6.8163e-01
6.8455e-01
6.8925e-01
6.7776e-01
6.8391e-01
6.8642e-01
6.8387e-01
6.7867e-01
6.7930e-01
6.8492e-01
6.8634e-01
6.8803e-01
6.9046e-01
6.8363e-01
6.8339e-01
6.8628e-01
6.8862e-01
6.8082e-01
6.8634e-01
6.8740e-01
6.8970e-01
6.7941e-01
6.7981e-01
6.8339e-01
6.8140e-01
6.8917e-01
6.8734e-01
6.8212e-01
6.8614e-01
6.8632e-01
6.8368e-01
6.8371e-01
6.8602e-01
6.8948e-01
6.8351e-01
6.8771e-01
6.9063e-01
6.8410e-01
6.8104e-01
6.8389e-01
6.8432e-01
6.9022e-01
6.8450e-01
6.7883e-01
6.8826e-01
6.8919e-01
6.8238e-01
6.9175e-01
6.7911e-01
6.8541e-01
6.8676e-01
6.7626e-01
6.8639e-01
6.8579e-01
6.8648e-01
6.7072e-01
6.8525e-01
6.8681e-01
6.8277e-01
6.8918e-01
6.7991e-01
6.6958e-01
6.8461e-01
6.8131e-01
6.8409e-01
6.9043e-01
6.8268e-01
6.7748e-01
6.8198e-01
6.8333e-01
6.8893e-01
6.9243e-01
6.8325e-01
6.8584e-01
6.8027e-01
6.9274e-01
6.8585e-01
6.9100e-01
6.8970e-01
6.7791e-01
6.8512e-01
6.8484e-01
6.8483e-01
6.7857e-01
6.7797e-01
6.7570e-01
6.8800e-01
6.7100e-01
6.8167e-01
6.8268e-01
6.8660e-01
6.8573e-01
6.8052e-01
6.8912e-01
6.8330e-01
6.8860e-01
6.8348e-01
6.9085e-01
6.8114e-01
6.8588e-01
6.7994e-01
6.8807e-01
6.9165e-01
6.7815e-01
6.8889e-01
6.8203e-01
6.7945e-01
6.8277e-01
6.8642e-01
6.8100e-01
6.8497e-01
6.9096e-01
6.7272e-01
6.7739e-01
6.8992e-01
6.8515e-01
6.7432e-01
6.7878e-01
6.7900e-01
6.8368e-01
6.8380e-01
6.8352e-01
6.8283e-01
6.8808e-01
6.8007e-01
6.7180e-01
6.8164e-01
6.8439e-01
6.8658e-01
6.8813e-01
6.8472e-01
6.8972e-01
6.8734e-01
6.8140e-01
6.7944e-01
6.7957e-01
6.7652e-01
6.8291e-01
6.8516e-01
6.8281e-01
6.7530e-01
6.8373e-01
6.8411e-01
6.8527e-01
6.8863e-01
6.8207e-01
6.8630e-01
6.8771e-01
6.8120e-01
6.8514e-01
6.9561e-01
6.8406e-01
6.8355e-01
6.8135e-01
6.8420e-01
6.9009e-01
6.9120e-01
6.8003e-01
6.9216e-01
6.8375e-01
6.7990e-01
6.8495e-01
6.7798e-01
6.8968e-01
7.1268e-01
6.8377e-01
6.8654e-01
6.8613e-01
6.9351e-01
6.8348e-01
6.8434e-01
6.7730e-01
6.7806e-01
6.8028e-01
6.8781e-01
6.8522e-01
6.7933e-01
6.8408e-01
6.8788e-01
6.8942e-01
6.8806e-01
6.8503e-01
6.8778e-01
6.8571e-01
6.9134e-01
6.7278e-01
6.8781e-01
6.9191e-01
6.8295e-01
6.8206e-01
6.8288e-01
6.9220e-01
6.9241e-01
6.8707e-01
6.9205e-01
6.8452e-01
6.8711e-01
6.7752e-01
6.8393e-01
6.8203e-01
6.9042e-01
6.7441e-01
6.8548e-01
6.7727e-01
6.8812e-01
6.9209e-01
6.8268e-01
6.8365e-01
6.8081e-01
6.8046e-01
6.8796e-01
6.8414e-01
6.8133e-01
6.8677e-01
6.8943e-01
6.8561e-01
6.8187e-01
6.8478e-01
6.8800e-01
6.8515e-01
6.8238e-01
6.9386e-01
6.8479e-01
6.8354e-01
6.7264e-01
6.8350e-01
6.8090e-01
6.8426e-01
6.8930e-01
6.8031e-01
6.8750e-01
6.7993e-01
6.8001e-01
6.8389e-01
6.8163e-01
6.8018e-01
6.9057e-01
6.8809e-01
6.7857e-01
6.9364e-01
6.8379e-01
6.8229e-01
6.9112e-01
6.3116e-01
6.8423e-01
6.8736e-01
6.7929e-01
6.8710e-01
6.8895e-01
6.8173e-01
6.7944e-01
6.8083e-01
6.8715e-01
6.8009e-01
6.7495e-01
6.8950e-01
6.8289e-01
6.8781e-01
6.9045e-01
6.8119e-01
6.8155e-01
6.8786e-01
6.8556e-01
6.8172e-01
6.8493e-01
6.9096e-01
6.8579e-01
6.8332e-01
6.6297e-01
6.8231e-01
6.8284e-01
6.8219e-01
6.8899e-01
6.8756e-01
6.8023e-01
6.8696e-01
6.7969e-01
6.8451e-01
6.9370e-01
6.8362e-01
6.8030e-01
6.9224e-01
6.8767e-01
6.7954e-01
6.9116e-01
6.8288e-01
6.8097e-01
6.8382e-01
6.8591e-01
6.9152e-01
6.8805e-01
6.8738e-01
6.8834e-01
6.8257e-01
6.7996e-01
6.8527e-01
6.8629e-01
6.8780e-01
6.8465e-01
6.8353e-01
6.7706e-01
6.8396e-01
6.7896e-01
6.8514e-01
6.8940e-01
6.8370e-01
6.8958e-01
6.7795e-01
6.8258e-01
6.8535e-01
6.8335e-01
6.8735e-01
6.8245e-01
6.8309e-01
6.9012e-01
6.8261e-01
6.9150e-01
6.8579e-01
6.8201e-01
6.8608e-01
6.8424e-01
6.9366e-01
6.8206e-01
6.8499e-01
6.8997e-01
6.8020e-01
6.8423e-01
6.7685e-01
6.7913e-01
6.8485e-01
6.8217e-01
6.8924e-01
6.8565e-01
6.7921e-01
6.8167e-01
6.8905e-01
6.8911e-01
6.8193e-01
6.8152e-01
6.8786e-01
6.8518e-01
6.8436e-01
6.8507e-01
6.8246e-01
6.7746e-01
6.9604e-01
6.8146e-01
6.8686e-01
6.9091e-01
6.7982e-01
6.8423e-01
6.8282e-01
6.8572e-01
6.8463e-01
6.8187e-01
6.8710e-01
6.8396e-01
6.8166e-01
6.8243e-01
6.8271e-01
6.8564e-01
6.8836e-01
6.9066e-01
6.8640e-01
6.8835e-01
6.8302e-01
6.8535e-01
6.8472e-01
6.9054e-01
6.8653e-01
6.7805e-01
6.8418e-01
6.8229e-01
6.9284e-01
6.8661e-01
6.8927e-01
6.8559e-01
6.8852e-01
6.9589e-01
6.8428e-01
6.8709e-01
6.8364e-01
6.8237e-01
6.8603e-01
6.7801e-01
6.8854e-01
6.8643e-01
6.8195e-01
6.8028e-01
6.8379e-01
6.8676e-01
6.8421e-01
6.8548e-01
6.8653e-01
6.8956e-01
6.8115e-01
6.8493e-01
6.8473e-01
6.9163e-01
