8.4158e-01
8.4075e-01
7.6957e-01
8.3120e-01
8.5184e-01
8.6366e-01
8.5553e-01
8.3970e-01
8.4498e-01
8.4342e-01
8.5360e-01
8.4618e-01
8.6560e-01
8.5369e-01
7.7217e-01
8.6620e-01
8.3926e-01
8.4940e-01
8.5848e-01
8.5279e-01
8.5537e-01
8.4339e-01
7.6119e-01
8.3811e-01
8.4559e-01
8.5042e-01
8.2908e-01
8.4943e-01
8.4847e-01
8.0937e-01
8.4241e-01
8.5519e-01
8.5329e-01
8.6023e-01
8.4614e-01
8.5605e-01
8.3115e-01
8.4820e-01
8.5011e-01
7.6916e-01
8.4661e-01
8.6272e-01
8.4494e-01
8.6101e-01
8.5091e-01
8.3999e-01
7.3574e-01
7.5417e-01
8.5105e-01
8.6003e-01
8.4519e-01
8.5630e-01
8.4296e-01
8.4074e-01
8.4700e-01
8.5573e-01
8.4360e-01
8.5238e-01
8.5440e-01
8.4783e-01
8.6764e-01
8.5437e-01
7.4432e-01
8.5051e-01
8.5118e-01
8.5986e-01
8.5181e-01
7.7076e-01
8.5154e-01
8.3857e-01
8.4098e-01
8.6041e-01
8.5248e-01
8.4455e-01
8.5961e-01
8.6519e-01
8.5705e-01
7.6868e-01
8.5017e-01
8.4461e-01
7.6175e-01
8.5397e-01
8.5187e-01
8.4318e-01
8.4894e-01
8.3314e-01
8.4728e-01
8.5497e-01
8.3181e-01
8.6456e-01
8.4335e-01
7.7142e-01
8.6188e-01
8.5799e-01
8.5493e-01
8.8341e-01
8.5885e-01
8.4819e-01
8.6668e-01
8.5138e-01
8.5289e-01
7.5822e-01
8.4075e-01
8.5612e-01
8.5746e-01
8.6054e-01
8.5381e-01
8.5024e-01
8.5081e-01
8.5715e-01
7.4600e-01
8.4659e-01
8.5598e-01
7.7612e-01
8.6585e-01
8.5556e-01
8.4158e-01
7.7878e-01
8.6638e-01
8.6464e-01
8.4625e-01
8.4881e-01
8.6560e-01
8.5414e-01
8.5166e-01
8.3500e-01
8.5291e-01
8.5562e-01
8.4526e-01
7.6499e-01
8.4957e-01
8.4922e-01
8.6213e-01
7.5807e-01
8.4700e-01
8.5646e-01
8.4345e-01
8.5870e-01
7.9133e-01
8.5292e-01
8.6922e-01
8.5825e-01
7.7696e-01
8.4761e-01
8.4811e-01
8.5027e-01
8.5236e-01
8.6688e-01
8.3678e-01
8.4325e-01
8.5299e-01
8.4890e-01
8.4643e-01
7.6697e-01
7.5859e-01
8.0589e-01
8.5297e-01
8.5672e-01
8.6350e-01
8.4391e-01
8.5717e-01
8.4773e-01
8.6190e-01
8.5775e-01
8.5638e-01
8.6378e-01
8.5797e-01
8.5828e-01
8.4017e-01
8.4472e-01
8.6592e-01
8.4031e-01
7.7816e-01
8.4661e-01
8.5455e-01
8.6505e-01
8.4876e-01
8.4627e-01
8.5770e-01
8.5140e-01
8.5023e-01
7.6135e-01
8.5179e-01
7.6930e-01
8.5698e-01
8.6435e-01
8.4154e-01
8.5818e-01
8.4261e-01
8.6172e-01
7.7419e-01
8.4929e-01
8.6790e-01
8.6419e-01
8.5459e-01
8.5395e-01
8.5868e-01
8.5630e-01
8.4482e-01
8.5582e-01
8.3110e-01
7.9757e-01
8.6161e-01
8.5056e-01
8.4200e-01
8.4998e-01
8.0110e-01
8.4995e-01
7.4523e-01
8.3651e-01
8.5397e-01
8.4437e-01
8.5521e-01
8.6095e-01
8.1864e-01
8.3657e-01
8.3696e-01
8.4315e-01
8.5433e-01
8.5886e-01
8.5364e-01
8.7139e-01
8.4640e-01
8.4619e-01
8.4990e-01
8.4132e-01
8.4770e-01
8.6163e-01
8.5551e-01
8.5189e-01
8.6144e-01
8.6322e-01
7.7373e-01
8.4478e-01
8.4404e-01
8.4624e-01
7.7894e-01
8.4404e-01
8.5206e-01
8.6015e-01
7.4452e-01
8.4559e-01
7.7010e-01
8.5096e-01
8.5253e-01
8.4876e-01
8.4823e-01
8.6764e-01
8.4040e-01
8.3441e-01
8.6996e-01
8.6774e-01
8.4697e-01
8.4987e-01
8.4214e-01
8.3364e-01
8.4596e-01
8.3039e-01
8.4955e-01
8.4248e-01
8.5432e-01
7.5480e-01
8.3762e-01
8.5420e-01
7.7475e-01
8.5399e-01
8.5232e-01
8.6263e-01
7.3873e-01
8.5163e-01
8.4750e-01
8.4942e-01
8.5700e-01
8.3625e-01
8.5264e-01
8.5379e-01
8.4237e-01
8.4840e-01
8.7352e-01
8.5210e-01
8.4409e-01
8.5706e-01
7.7376e-01
8.5677e-01
7.7058e-01
8.4054e-01
8.5443e-01
8.4799e-01
7.7165e-01
8.3729e-01
8.3963e-01
8.5622e-01
8.5192e-01
8.6032e-01
8.4505e-01
8.5878e-01
8.6734e-01
8.4761e-01
8.5174e-01
8.4709e-01
7.8311e-01
8.6413e-01
8.4923e-01
8.4648e-01
7.4702e-01
8.6139e-01
8.5424e-01
8.6155e-01
8.3847e-01
7.8324e-01
8.5661e-01
8.2828e-01
8.5325e-01
8.5835e-01
7.1387e-01
7.7593e-01
8.4927e-01
8.5268e-01
8.4737e-01
8.7526e-01
7.2683e-01
7.6894e-01
8.3706e-01
8.5442e-01
8.4645e-01
8.5262e-01
7.7403e-01
8.4505e-01
8.6403e-01
8.3481e-01
8.5025e-01
8.3946e-01
7.5183e-01
8.3932e-01
8.5913e-01
8.3736e-01
8.4088e-01
8.4764e-01
7.5823e-01
8.4330e-01
8.6390e-01
8.6344e-01
8.3961e-01
8.4603e-01
8.5350e-01
8.7151e-01
8.6649e-01
8.4066e-01
8.4406e-01
8.5980e-01
8.5096e-01
8.0058e-01
7.3904e-01
8.4892e-01
8.4691e-01
8.4530e-01
8.5537e-01
7.7997e-01
8.3506e-01
8.5470e-01
7.5236e-01
8.5580e-01
8.5314e-01
7.5426e-01
8.4969e-01
7.4123e-01
8.1993e-01
8.6635e-01
8.4674e-01
8.4534e-01
8.6056e-01
8.5110e-01
8.6178e-01
8.4073e-01
7.7100e-01
8.5250e-01
8.4604e-01
8.5657e-01
8.5557e-01
8.4147e-01
8.3593e-01
8.5077e-01
8.4310e-01
8.5683e-01
7.6403e-01
8.6636e-01
8.4812e-01
8.5110e-01
8.2788e-01
7.5248e-01
8.3567e-01
8.5391e-01
8.5275e-01
8.4885e-01
8.4651e-01
8.4762e-01
8.3888e-01
8.4642e-01
8.4088e-01
8.5512e-01
8.3819e-01
8.5041e-01
8.6243e-01
8.6346e-01
7.6946e-01
8.6806e-01
8.5914e-01
8.3204e-01
8.5853e-01
7.6845e-01
8.4876e-01
8.4106e-01
8.3951e-01
8.4324e-01
8.3816e-01
7.7639e-01
8.3858e-01
8.4511e-01
7.2227e-01
8.4613e-01
8.5384e-01
7.6591e-01
7.7370e-01
8.4680e-01
8.4982e-01
8.6665e-01
8.6666e-01
7.7922e-01
8.4002e-01
8.4989e-01
8.6300e-01
8.0067e-01
7.8786e-01
8.3473e-01
8.5499e-01
8.1397e-01
8.3495e-01
8.4601e-01
8.5655e-01
8.5221e-01
8.7228e-01
7.4227e-01
8.5920e-01
8.6032e-01
8.5292e-01
8.7506e-01
8.4677e-01
7.6308e-01
8.5669e-01
7.8062e-01
8.5958e-01
8.2616e-01
8.6016e-01
7.8328e-01
8.4516e-01
8.5155e-01
7.8178e-01
8.3947e-01
8.4820e-01
8.7381e-01
8.4081e-01
8.5921e-01
8.6942e-01
8.4656e-01
8.6085e-01
8.4974e-01
7.6224e-01
7.7761e-01
7.6634e-01
8.3691e-01
8.2931e-01
8.6032e-01
8.4947e-01
8.5845e-01
8.3934e-01
8.5369e-01
8.4916e-01
8.5532e-01
8.4633e-01
8.5644e-01
8.3176e-01
8.6365e-01
8.7418e-01
7.7092e-01
8.4113e-01
8.4375e-01
8.5654e-01
8.5038e-01
8.4361e-01
8.4816e-01
8.4286e-01
8.4464e-01
8.5785e-01
8.5660e-01
7.8186e-01
7.5641e-01
8.5620e-01
7.3697e-01
8.5162e-01
8.5282e-01
8.4146e-01
8.5467e-01
8.5702e-01
8.6248e-01
8.4832e-01
8.5564e-01
8.5550e-01
8.0429e-01
8.5377e-01
8.5787e-01
8.3065e-01
8.5512e-01
7.6280e-01
8.4965e-01
8.6518e-01
8.5225e-01
8.3924e-01
8.6157e-01
8.7708e-01
8.7023e-01
8.7679e-01
8.6376e-01
8.4743e-01
8.1566e-01
8.4558e-01
8.7262e-01
8.3874e-01
7.8277e-01
7.6220e-01
8.4722e-01
8.7274e-01
8.6261e-01
8.4812e-01
8.5918e-01
7.4830e-01
8.5263e-01
8.5449e-01
8.5239e-01
8.5818e-01
8.3653e-01
8.3832e-01
8.5752e-01
8.4357e-01
8.5360e-01
7.5669e-01
8.3825e-01
8.4676e-01
8.3231e-01
8.1843e-01
8.6314e-01
8.7937e-01
8.4422e-01
8.5657e-01
8.4645e-01
8.4993e-01
8.5479e-01
8.5609e-01
8.5684e-01
8.1327e-01
8.5002e-01
8.4328e-01
8.4165e-01
8.6193e-01
8.6568e-01
7.0400e-01
8.5701e-01
7.6797e-01
7.7093e-01
7.8188e-01
7.4805e-01
8.6911e-01
8.2028e-01
8.5540e-01
8.6207e-01
8.5305e-01
8.5305e-01
7.6972e-01
8.5411e-01
8.3808e-01
8.4721e-01
8.5100e-01
8.3894e-01
8.3235e-01
8.5421e-01
8.5026e-01
8.4778e-01
8.0063e-01
8.4303e-01
8.4750e-01
8.5340e-01
7.7196e-01
8.5362e-01
7.8032e-01
8.6157e-01
8.4092e-01
8.3805e-01
8.5028e-01
8.4560e-01
8.5008e-01
8.5331e-01
8.5641e-01
8.4203e-01
8.6637e-01
8.6314e-01
8.3026e-01
8.5803e-01
7.8358e-01
8.4251e-01
8.3787e-01
8.5571e-01
8.6266e-01
8.4517e-01
8.5453e-01
7.7647e-01
8.4007e-01
8.5273e-01
7.7506e-01
7.0321e-01
8.4650e-01
8.6537e-01
8.4945e-01
8.6272e-01
8.6132e-01
8.4836e-01
8.6084e-01
8.5077e-01
8.4940e-01
8.5597e-01
8.1204e-01
8.6544e-01
8.4332e-01
8.4840e-01
8.4000e-01
8.4951e-01
8.6587e-01
8.6481e-01
8.4981e-01
8.6524e-01
8.5448e-01
8.6439e-01
8.4918e-01
8.5464e-01
8.5594e-01
8.4257e-01
8.0080e-01
8.4036e-01
8.4602e-01
7.7419e-01
8.4999e-01
8.5872e-01
8.5078e-01
8.4360e-01
7.6905e-01
8.5279e-01
8.5253e-01
8.6523e-01
7.6463e-01
8.1355e-01
7.9905e-01
8.4523e-01
7.7401e-01
8.3254e-01
8.5572e-01
8.5148e-01
8.3380e-01
8.5726e-01
8.4229e-01
8.4859e-01
8.5143e-01
8.5386e-01
8.0475e-01
8.6086e-01
7.6578e-01
8.4525e-01
8.5259e-01
8.6217e-01
8.1883e-01
8.5520e-01
8.5983e-01
8.1047e-01
8.4725e-01
8.6686e-01
7.4869e-01
7.7815e-01
8.1903e-01
8.4220e-01
7.7089e-01
7.7077e-01
8.4941e-01
7.7551e-01
8.4804e-01
8.5237e-01
7.3654e-01
7.6224e-01
8.5883e-01
8.5425e-01
8.6140e-01
8.4806e-01
7.7648e-01
8.7346e-01
8.6392e-01
8.4927e-01
8.4173e-01
8.4734e-01
8.6032e-01
8.2600e-01
8.5865e-01
8.4977e-01
8.6143e-01
8.5309e-01
8.6561e-01
8.2617e-01
8.5144e-01
7.6879e-01
8.4098e-01
8.4328e-01
7.5737e-01
7.6422e-01
8.5802e-01
8.5727e-01
8.5951e-01
8.4265e-01
8.5327e-01
8.5172e-01
8.6569e-01
8.4514e-01
7.7027e-01
8.5342e-01
8.4524e-01
8.5210e-01
7.3911e-01
7.6445e-01
7.7186e-01
7.6479e-01
8.4190e-01
8.5557e-01
8.5287e-01
8.5636e-01
8.4234e-01
7.5774e-01
8.3971e-01
8.6725e-01
8.4294e-01
8.5329e-01
8.3876e-01
8.3748e-01
8.4752e-01
8.3621e-01
8.5209e-01
8.5062e-01
8.5563e-01
8.5233e-01
8.0438e-01
8.5872e-01
8.4334e-01
8.5171e-01
8.5266e-01
7.8174e-01
8.5058e-01
8.1423e-01
8.5502e-01
7.5504e-01
8.5860e-01
8.3950e-01
8.5160e-01
7.4605e-01
8.4997e-01
8.7125e-01
8.6480e-01
8.6076e-01
8.5737e-01
8.7716e-01
8.3721e-01
7.4422e-01
7.6634e-01
8.6925e-01
8.4129e-01
8.1046e-01
7.6852e-01
8.5271e-01
8.4955e-01
8.5923e-01
8.3592e-01
8.4402e-01
8.3247e-01
8.5306e-01
8.4481e-01
7.7020e-01
8.4416e-01
8.4196e-01
8.1525e-01
8.6611e-01
8.5758e-01
8.5626e-01
8.4297e-01
6.8801e-01
7.6962e-01
8.4266e-01
8.3755e-01
8.6122e-01
8.4934e-01
7.7738e-01
8.5991e-01
7.6422e-01
7.7945e-01
8.4942e-01
8.4500e-01
8.4466e-01
8.4937e-01
8.4651e-01
8.6178e-01
7.6731e-01
8.3661e-01
8.4086e-01
8.6924e-01
8.5541e-01
8.6693e-01
8.4645e-01
7.8762e-01
8.4814e-01
8.6202e-01
8.5548e-01
7.8452e-01
8.6440e-01
7.3225e-01
8.4796e-01
8.5318e-01
7.5865e-01
8.5284e-01
8.5564e-01
8.4671e-01
7.3161e-01
8.1164e-01
8.5212e-01
8.5926e-01
7.6483e-01
8.4679e-01
8.5167e-01
8.5730e-01
8.4639e-01
7.5240e-01
8.6437e-01
8.6514e-01
8.5012e-01
8.5206e-01
8.4740e-01
8.5335e-01
7.4355e-01
8.5516e-01
8.5055e-01
8.4986e-01
8.2528e-01
8.6089e-01
8.4341e-01
8.5612e-01
8.6021e-01
8.3749e-01
8.6065e-01
8.6036e-01
8.5232e-01
8.5963e-01
8.3413e-01
8.5508e-01
8.5726e-01
8.4621e-01
8.4564e-01
8.5781e-01
8.5452e-01
7.7565e-01
8.4833e-01
8.2644e-01
8.6349e-01
8.4945e-01
7.6542e-01
8.3620e-01
8.6384e-01
8.4738e-01
8.4117e-01
8.4714e-01
8.5081e-01
8.6491e-01
8.5153e-01
8.5092e-01
8.4691e-01
7.4921e-01
7.2032e-01
8.5494e-01
8.3546e-01
8.6921e-01
8.5579e-01
8.5085e-01
8.5019e-01
8.7176e-01
8.4310e-01
8.5995e-01
8.4808e-01
8.3400e-01
8.6620e-01
8.5958e-01
8.4660e-01
7.6892e-01
8.4293e-01
7.6391e-01
8.6108e-01
7.4905e-01
8.3966e-01
7.4915e-01
8.6131e-01
8.4206e-01
8.6427e-01
8.6896e-01
7.3867e-01
8.3808e-01
7.8912e-01
7.5087e-01
7.7717e-01
8.4138e-01
8.5017e-01
8.6369e-01
8.4686e-01
8.4980e-01
7.5602e-01
8.5254e-01
8.6010e-01
8.5143e-01
8.3992e-01
8.4343e-01
8.5591e-01
8.4825e-01
7.8801e-01
8.0590e-01
8.4830e-01
7.7498e-01
8.6224e-01
8.1856e-01
8.5420e-01
8.5625e-01
7.7519e-01
8.5287e-01
8.5150e-01
8.5072e-01
7.6477e-01
8.3473e-01
8.1887e-01
8.5123e-01
8.4989e-01
8.4936e-01
7.8071e-01
7.7028e-01
7.5919e-01
8.6631e-01
8.5027e-01
7.9662e-01
8.4969e-01
8.4344e-01
8.4706e-01
8.5002e-01
8.5534e-01
8.6296e-01
7.4430e-01
8.4768e-01
8.5709e-01
7.7490e-01
8.4892e-01
8.5232e-01
8.6636e-01
8.4858e-01
8.2773e-01
8.2629e-01
8.5074e-01
8.4318e-01
8.4739e-01
8.4965e-01
8.4807e-01
7.7352e-01
8.6884e-01
8.6294e-01
7.6623e-01
8.5586e-01
8.4611e-01
8.5135e-01
8.4705e-01
8.6606e-01
8.4915e-01
8.4017e-01
8.5616e-01
8.5785e-01
8.4825e-01
8.5895e-01
8.4920e-01
8.3494e-01
7.6881e-01
7.7333e-01
8.4040e-01
8.6298e-01
8.6680e-01
8.5579e-01
8.6396e-01
8.4119e-01
8.3738e-01
