8.2674e-01
8.2396e-01
8.1810e-01
8.3102e-01
8.2576e-01
8.2720e-01
8.2580e-01
8.2747e-01
8.1880e-01
8.2664e-01
8.2927e-01
8.2806e-01
8.2810e-01
8.2130e-01
8.2418e-01
8.2906e-01
8.2736e-01
8.1744e-01
8.2815e-01
8.2890e-01
8.2415e-01
8.2841e-01
8.2775e-01
8.2269e-01
8.2687e-01
8.2674e-01
8.2459e-01
8.2590e-01
8.2899e-01
8.2542e-01
8.1754e-01
8.1803e-01
8.1774e-01
8.3012e-01
8.2701e-01
8.2691e-01
8.2891e-01
8.2465e-01
8.2131e-01
8.2541e-01
8.2956e-01
8.2366e-01
8.2002e-01
8.2705e-01
8.2498e-01
8.2746e-01
8.2761e-01
8.2831e-01
8.2357e-01
8.2349e-01
8.2908e-01
8.2961e-01
8.2976e-01
8.2360e-01
8.2372e-01
8.2341e-01
8.2458e-01
8.2468e-01
8.2738e-01
8.2820e-01
8.2887e-01
8.2415e-01
8.2739e-01
8.2317e-01
8.2369e-01
8.2744e-01
8.2044e-01
8.2769e-01
8.2753e-01
8.2255e-01
8.2677e-01
8.2588e-01
8.2304e-01
8.2617e-01
8.2888e-01
8.2809e-01
8.2740e-01
8.1708e-01
8.2930e-01
8.2519e-01
8.2794e-01
8.2637e-01
8.2604e-01
8.2412e-01
8.2560e-01
8.2849e-01
8.2746e-01
8.1869e-01
8.2312e-01
8.2680e-01
8.2715e-01
8.2483e-01
8.2438e-01
8.2633e-01
8.2834e-01
8.2115e-01
8.2243e-01
8.2667e-01
8.2427e-01
8.2707e-01
8.2968e-01
8.2764e-01
8.1758e-01
8.2719e-01
8.2367e-01
8.2577e-01
8.3082e-01
8.2610e-01
8.3014e-01
8.2730e-01
8.2840e-01
8.2858e-01
8.2866e-01
8.2756e-01
8.2585e-01
8.2478e-01
8.3053e-01
8.2980e-01
8.2634e-01
8.2567e-01
8.2908e-01
8.2497e-01
8.2963e-01
8.2897e-01
8.2698e-01
8.3011e-01
8.1675e-01
8.2544e-01
8.2842e-01
8.2425e-01
8.2986e-01
8.2455e-01
8.2029e-01
8.2775e-01
8.2684e-01
8.2955e-01
8.2778e-01
8.2883e-01
8.2368e-01
8.2534e-01
8.2727e-01
8.2905e-01
8.2933e-01
8.2784e-01
8.2762e-01
8.2811e-01
8.2407e-01
8.2523e-01
8.2317e-01
8.2473e-01
8.2938e-01
8.2488e-01
8.2705e-01
8.2886e-01
8.2504e-01
8.2576e-01
8.2855e-01
8.2386e-01
8.2367e-01
8.2781e-01
8.2656e-01
8.2718e-01
8.2519e-01
8.2399e-01
8.2746e-01
8.2662e-01
8.2385e-01
8.2701e-01
8.2842e-01
8.2092e-01
8.2650e-01
8.2476e-01
8.2702e-01
8.3092e-01
8.2690e-01
8.3000e-01
8.2040e-01
8.2753e-01
8.2998e-01
8.2873e-01
8.2650e-01
8.2819e-01
8.2746e-01
8.2920e-01
8.2675e-01
8.2137e-01
8.1879e-01
8.2710e-01
8.2683e-01
8.2774e-01
8.2859e-01
8.2246e-01
8.2790e-01
8.2792e-01
8.1980e-01
8.2866e-01
8.2450e-01
8.2587e-01
8.2102e-01
8.2425e-01
8.2877e-01
8.1856e-01
8.2599e-01
8.3025e-01
8.2607e-01
8.2663e-01
8.2548e-01
8.2545e-01
8.2745e-01
8.2651e-01
8.2834e-01
8.2753e-01
8.1752e-01
8.2893e-01
8.2988e-01
8.2098e-01
8.2663e-01
8.2545e-01
8.2657e-01
8.2786e-01
8.2955e-01
8.2844e-01
8.2558e-01
8.2641e-01
8.2487e-01
8.2803e-01
8.2840e-01
8.2393e-01
8.2110e-01
8.2384e-01
8.2878e-01
8.2480e-01
8.2750e-01
8.2781e-01
8.2607e-01
8.2393e-01
8.2399e-01
8.2559e-01
8.1850e-01
8.2579e-01
8.2158e-01
8.2178e-01
8.2531e-01
8.2583e-01
8.2727e-01
8.2613e-01
8.2521e-01
8.2478e-01
8.2613e-01
8.3005e-01
8.2995e-01
8.2923e-01
8.3148e-01
8.2946e-01
8.2814e-01
8.2242e-01
8.2719e-01
8.3108e-01
8.2743e-01
8.2409e-01
8.2859e-01
8.2655e-01
8.1898e-01
8.2624e-01
8.1790e-01
8.1645e-01
8.2817e-01
8.2609e-01
8.1930e-01
8.2592e-01
8.1684e-01
8.2444e-01
8.1752e-01
8.2710e-01
8.1867e-01
8.2610e-01
8.1956e-01
8.2704e-01
8.2592e-01
8.2668e-01
8.2742e-01
8.2661e-01
8.1625e-01
8.2812e-01
8.2549e-01
8.2654e-01
8.2312e-01
8.2607e-01
8.2867e-01
8.2667e-01
8.2552e-01
8.3088e-01
8.2590e-01
8.2939e-01
8.2679e-01
8.2447e-01
8.2411e-01
8.2523e-01
8.2970e-01
8.2114e-01
8.2331e-01
8.2842e-01
8.3136e-01
8.2620e-01
8.2926e-01
8.1894e-01
8.2896e-01
8.2124e-01
8.2786e-01
8.2714e-01
8.2677e-01
8.2763e-01
8.2751e-01
8.3013e-01
8.2862e-01
8.2610e-01
8.2847e-01
8.2635e-01
8.2893e-01
8.2598e-01
8.2776e-01
7.6950e-01
8.3397e-01
8.2954e-01
8.2643e-01
8.2683e-01
8.2552e-01
8.2630e-01
8.2938e-01
8.2695e-01
8.2402e-01
8.1842e-01
8.2799e-01
8.2767e-01
8.2970e-01
8.2912e-01
8.2245e-01
8.2827e-01
8.2541e-01
8.2502e-01
8.2587e-01
8.2688e-01
8.2390e-01
8.2583e-01
8.2771e-01
8.2801e-01
8.2624e-01
8.2744e-01
8.2751e-01
8.2724e-01
8.2666e-01
8.1954e-01
8.2429e-01
8.3045e-01
8.2730e-01
8.2714e-01
8.2515e-01
8.2081e-01
8.2601e-01
8.2595e-01
8.2845e-01
8.2626e-01
8.1734e-01
8.2560e-01
8.2792e-01
8.2806e-01
8.2462e-01
8.1650e-01
8.2795e-01
8.2464e-01
8.2237e-01
8.2696e-01
8.2663e-01
8.2582e-01
8.2611e-01
8.2725e-01
8.3005e-01
8.2722e-01
8.1984e-01
8.2544e-01
8.2653e-01
8.2337e-01
8.2482e-01
8.3013e-01
8.2222e-01
8.2155e-01
8.2994e-01
8.2760e-01
8.2736e-01
8.2819e-01
8.2717e-01
8.2384e-01
8.2525e-01
8.2312e-01
8.1827e-01
8.2757e-01
8.1351e-01
8.2857e-01
8.1971e-01
8.3015e-01
8.2827e-01
8.2077e-01
8.2783e-01
8.2851e-01
8.2145e-01
8.2642e-01
8.2699e-01
8.2436e-01
8.2732e-01
8.2795e-01
8.2506e-01
8.2807e-01
8.2653e-01
8.2476e-01
8.2834e-01
8.2733e-01
8.2629e-01
8.2774e-01
8.2898e-01
8.2422e-01
8.2901e-01
8.2626e-01
8.2659e-01
8.2566e-01
8.2548e-01
8.2607e-01
8.2699e-01
8.3035e-01
8.2777e-01
8.2387e-01
8.2652e-01
8.2440e-01
8.2685e-01
8.1196e-01
8.2636e-01
8.2937e-01
8.2681e-01
8.2492e-01
8.3171e-01
8.2812e-01
8.2450e-01
8.2593e-01
8.2325e-01
8.2960e-01
8.2506e-01
8.2916e-01
8.2913e-01
8.2825e-01
8.2570e-01
8.2012e-01
8.2740e-01
8.2258e-01
8.2819e-01
8.3039e-01
8.1945e-01
8.2546e-01
8.2754e-01
8.2679e-01
8.2709e-01
8.2463e-01
8.2176e-01
8.2704e-01
8.1932e-01
8.2720e-01
8.2779e-01
8.2727e-01
8.2706e-01
8.2820e-01
8.2883e-01
8.1993e-01
8.2689e-01
8.1895e-01
8.1766e-01
8.2777e-01
8.2585e-01
8.1800e-01
8.2747e-01
8.2415e-01
8.2504e-01
8.1824e-01
8.2772e-01
8.1843e-01
8.2458e-01
8.2317e-01
8.2346e-01
8.2736e-01
8.2659e-01
8.2705e-01
8.2190e-01
8.2499e-01
8.2666e-01
8.2852e-01
8.2070e-01
8.2753e-01
8.2389e-01
8.2425e-01
8.2592e-01
8.2390e-01
8.2673e-01
8.2495e-01
8.2969e-01
8.2934e-01
8.2743e-01
8.2289e-01
8.3031e-01
8.2614e-01
8.2814e-01
8.2445e-01
8.2583e-01
8.2794e-01
8.2312e-01
8.2676e-01
8.1747e-01
8.2640e-01
8.2786e-01
8.3003e-01
8.2032e-01
8.2822e-01
8.1824e-01
8.2840e-01
8.3075e-01
8.2906e-01
8.2982e-01
8.2431e-01
8.2788e-01
8.2975e-01
8.2551e-01
7.7554e-01
8.2662e-01
8.2706e-01
8.2765e-01
8.2646e-01
8.2408e-01
8.2962e-01
8.2492e-01
8.2768e-01
8.2879e-01
8.1910e-01
8.2649e-01
8.1907e-01
8.2710e-01
8.2429e-01
8.2508e-01
8.2940e-01
8.3002e-01
8.1853e-01
8.2624e-01
8.2343e-01
8.2869e-01
8.1704e-01
8.2899e-01
8.2689e-01
8.2846e-01
8.2881e-01
8.2617e-01
8.3024e-01
8.2580e-01
8.2937e-01
8.2275e-01
8.1697e-01
8.2745e-01
8.2640e-01
8.2708e-01
8.2784e-01
8.1888e-01
8.1937e-01
8.2893e-01
8.2320e-01
8.1714e-01
8.2537e-01
8.2689e-01
8.1758e-01
8.2294e-01
8.2842e-01
8.2578e-01
8.2713e-01
8.2827e-01
8.2845e-01
8.2574e-01
8.1872e-01
8.2050e-01
8.2664e-01
8.2631e-01
8.2538e-01
8.2779e-01
8.2784e-01
8.2635e-01
8.2481e-01
8.2642e-01
8.2428e-01
8.1912e-01
8.2512e-01
8.2862e-01
8.2489e-01
8.3089e-01
8.2753e-01
8.2182e-01
8.2714e-01
8.2761e-01
8.2594e-01
8.2691e-01
8.2828e-01
8.2645e-01
8.2449e-01
8.3014e-01
8.2650e-01
8.2906e-01
8.2408e-01
8.2904e-01
8.2728e-01
8.3074e-01
8.1995e-01
8.2938e-01
8.2164e-01
8.2719e-01
8.2393e-01
8.2813e-01
8.2803e-01
8.2998e-01
8.2802e-01
8.2384e-01
8.2640e-01
8.2109e-01
8.2575e-01
8.2665e-01
8.2895e-01
8.2299e-01
8.2558e-01
8.2616e-01
8.2110e-01
8.2839e-01
8.1855e-01
8.2692e-01
8.3077e-01
8.2611e-01
8.2320e-01
8.2038e-01
8.2464e-01
8.2775e-01
8.2608e-01
8.2525e-01
8.2811e-01
8.2610e-01
8.2185e-01
8.2746e-01
8.2974e-01
8.2734e-01
8.2605e-01
8.2766e-01
8.2396e-01
8.2395e-01
8.2873e-01
8.1992e-01
8.2560e-01
8.3043e-01
8.2798e-01
8.2597e-01
8.2973e-01
8.2630e-01
8.2683e-01
8.2493e-01
8.2605e-01
8.2964e-01
8.2601e-01
8.2470e-01
8.2397e-01
8.1749e-01
8.1833e-01
8.2916e-01
8.2890e-01
8.2958e-01
8.2980e-01
8.2658e-01
8.2550e-01
8.2507e-01
8.2713e-01
8.2616e-01
8.2533e-01
8.2559e-01
8.2448e-01
8.0841e-01
8.2496e-01
8.2807e-01
8.2555e-01
8.1577e-01
8.1822e-01
8.2738e-01
8.2921e-01
8.1951e-01
8.2697e-01
8.2737e-01
8.2230e-01
8.2397e-01
8.2816e-01
8.2845e-01
8.2602e-01
8.2667e-01
8.2795e-01
8.1943e-01
8.2799e-01
8.2740e-01
8.2894e-01
8.2770e-01
8.2141e-01
8.2734e-01
8.2834e-01
8.1777e-01
8.2547e-01
8.1678e-01
8.2142e-01
8.2644e-01
8.2658e-01
8.2247e-01
8.3160e-01
8.2755e-01
8.2279e-01
8.2887e-01
8.2707e-01
8.2403e-01
8.2777e-01
8.2813e-01
8.2666e-01
8.2687e-01
8.2828e-01
8.2786e-01
8.2820e-01
8.1476e-01
8.2646e-01
8.2471e-01
8.2875e-01
8.2434e-01
8.2909e-01
8.2787e-01
8.2362e-01
8.2554e-01
8.2560e-01
8.2530e-01
8.2665e-01
8.1964e-01
8.2914e-01
8.1706e-01
8.2746e-01
8.2581e-01
8.2649e-01
8.2736e-01
8.2585e-01
8.2375e-01
8.2617e-01
8.2488e-01
8.2906e-01
8.1932e-01
8.2472e-01
8.2245e-01
8.2765e-01
8.2894e-01
8.2651e-01
8.2030e-01
8.2778e-01
8.2871e-01
8.2922e-01
8.2558e-01
8.2270e-01
8.3129e-01
8.2041e-01
8.2685e-01
8.2500e-01
8.3019e-01
8.2957e-01
8.2768e-01
8.2715e-01
8.2803e-01
8.2625e-01
8.1816e-01
7.7451e-01
8.2118e-01
8.2582e-01
8.3313e-01
8.2573e-01
8.2662e-01
8.2719e-01
8.2399e-01
8.2466e-01
8.2806e-01
8.2269e-01
8.2978e-01
8.2626e-01
8.2587e-01
8.2466e-01
8.2675e-01
8.2697e-01
8.3021e-01
8.2811e-01
8.2804e-01
7.7331e-01
8.2349e-01
8.2616e-01
8.2499e-01
8.2685e-01
8.2442e-01
8.2484e-01
8.2890e-01
8.2685e-01
8.2872e-01
8.2632e-01
8.2750e-01
8.1986e-01
8.2142e-01
8.2566e-01
8.2980e-01
8.2775e-01
8.2901e-01
8.2612e-01
8.2641e-01
8.2003e-01
8.2732e-01
8.3186e-01
8.2535e-01
8.2242e-01
8.2766e-01
8.2501e-01
8.2658e-01
8.1663e-01
8.1658e-01
8.2419e-01
8.2907e-01
8.2418e-01
8.2699e-01
8.2534e-01
8.2301e-01
8.2719e-01
8.2979e-01
8.2299e-01
8.1661e-01
8.2497e-01
8.2475e-01
8.2540e-01
8.2492e-01
8.2796e-01
8.2628e-01
8.2790e-01
8.2556e-01
8.2935e-01
8.2683e-01
8.2678e-01
8.2997e-01
8.2352e-01
8.2787e-01
8.1870e-01
8.3008e-01
8.2596e-01
8.2773e-01
8.2792e-01
8.2562e-01
8.2420e-01
8.2456e-01
8.1577e-01
8.2131e-01
8.2736e-01
8.1969e-01
8.2619e-01
8.1934e-01
8.2912e-01
8.2714e-01
8.1786e-01
8.2817e-01
8.2919e-01
8.2804e-01
8.2629e-01
8.2627e-01
8.2686e-01
8.2608e-01
8.1736e-01
8.2540e-01
8.2669e-01
8.2633e-01
8.2819e-01
8.2018e-01
8.2519e-01
8.2674e-01
8.2834e-01
8.2517e-01
8.2633e-01
8.2668e-01
8.2629e-01
8.3068e-01
8.2341e-01
8.2841e-01
8.2310e-01
8.2566e-01
8.1296e-01
8.2478e-01
8.2612e-01
8.1840e-01
8.2584e-01
8.2847e-01
8.2772e-01
8.2576e-01
8.2575e-01
8.2474e-01
8.2062e-01
8.2204e-01
8.1986e-01
8.2473e-01
8.2898e-01
8.2074e-01
8.2031e-01
8.1672e-01
8.2706e-01
8.2920e-01
8.2619e-01
8.2628e-01
8.2593e-01
8.2352e-01
8.1957e-01
8.2404e-01
8.2785e-01
8.2546e-01
8.2567e-01
8.2689e-01
8.1904e-01
8.3135e-01
8.2891e-01
8.2666e-01
8.2797e-01
8.2747e-01
8.2811e-01
8.2556e-01
8.2856e-01
8.3016e-01
8.2565e-01
8.1464e-01
8.1820e-01
8.2727e-01
8.2920e-01
8.2565e-01
8.2616e-01
8.2789e-01
8.2882e-01
8.2368e-01
8.0786e-01
8.1958e-01
8.2768e-01
8.2261e-01
8.2442e-01
8.2465e-01
8.2663e-01
8.2535e-01
8.2248e-01
8.1889e-01
8.2647e-01
8.2781e-01
8.2405e-01
8.1965e-01
8.2799e-01
8.1994e-01
8.2855e-01
8.2779e-01
8.2909e-01
8.3157e-01
8.2987e-01
8.2023e-01
8.2590e-01
8.2557e-01
8.2716e-01
8.2452e-01
8.2107e-01
8.2090e-01
8.2742e-01
8.2522e-01
8.2958e-01
8.2544e-01
8.2398e-01
8.2857e-01
8.2877e-01
8.2823e-01
8.2524e-01
8.2647e-01
8.2683e-01
8.2389e-01
8.1919e-01
8.2435e-01
8.2533e-01
8.2582e-01
8.1919e-01
8.2667e-01
8.2646e-01
8.2668e-01
8.2760e-01
8.2726e-01
8.2532e-01
8.2466e-01
8.1823e-01
8.2777e-01
8.2513e-01
8.2361e-01
8.2679e-01
8.2770e-01
8.2733e-01
8.2697e-01
8.2763e-01
