8.5162e-01
8.4991e-01
8.5038e-01
8.5673e-01
8.4614e-01
8.5161e-01
8.3935e-01
8.5454e-01
8.3901e-01
8.5211e-01
8.6220e-01
8.4878e-01
8.4200e-01
8.6175e-01
8.5116e-01
8.4808e-01
8.4755e-01
8.3448e-01
8.5041e-01
7.4639e-01
8.4746e-01
8.4679e-01
8.3807e-01
8.4681e-01
8.4602e-01
8.6626e-01
8.4887e-01
8.4689e-01
8.5898e-01
8.5025e-01
8.5951e-01
8.5258e-01
8.4554e-01
8.5768e-01
8.4367e-01
8.4642e-01
8.4028e-01
8.5121e-01
8.5654e-01
8.5766e-01
8.5775e-01
8.3818e-01
7.6746e-01
8.6554e-01
8.5184e-01
8.5388e-01
8.5925e-01
8.5438e-01
8.3813e-01
8.5048e-01
8.4978e-01
8.3064e-01
7.2335e-01
8.3103e-01
8.4859e-01
8.5317e-01
8.3516e-01
8.5818e-01
8.3627e-01
8.4744e-01
8.4552e-01
8.4925e-01
8.4183e-01
8.5496e-01
8.5146e-01
8.5948e-01
7.6496e-01
8.3922e-01
8.5372e-01
8.6374e-01
8.6136e-01
8.4475e-01
8.4646e-01
8.5287e-01
8.5304e-01
8.4751e-01
8.4100e-01
8.5364e-01
8.4563e-01
8.5451e-01
8.4402e-01
8.4068e-01
8.3940e-01
8.5811e-01
8.5559e-01
8.5395e-01
8.5348e-01
8.5617e-01
8.3935e-01
8.6378e-01
8.6045e-01
8.4932e-01
8.5500e-01
8.3724e-01
8.5231e-01
8.3838e-01
8.4205e-01
8.5741e-01
6.4760e-01
8.5044e-01
8.4991e-01
6.8370e-01
8.1258e-01
9.9371e-01
8.4047e-01
8.5297e-01
8.4926e-01
8.5410e-01
8.5104e-01
8.4313e-01
8.5697e-01
8.4069e-01
8.5661e-01
8.6383e-01
8.6842e-01
8.5025e-01
8.4234e-01
8.4712e-01
8.4751e-01
8.5002e-01
8.5909e-01
8.5884e-01
8.6072e-01
8.4747e-01
6.9259e-01
8.4286e-01
8.6253e-01
8.6197e-01
8.3757e-01
8.4928e-01
8.5772e-01
8.4641e-01
8.6972e-01
8.3271e-01
8.4552e-01
8.5359e-01
8.7118e-01
8.5573e-01
8.4497e-01
8.7081e-01
8.4137e-01
8.3660e-01
8.5552e-01
8.5302e-01
8.6069e-01
8.6243e-01
8.5454e-01
8.3928e-01
8.5502e-01
8.4517e-01
8.6121e-01
8.4464e-01
8.4475e-01
8.2021e-01
8.6129e-01
8.5356e-01
8.4348e-01
8.4767e-01
8.4469e-01
8.3878e-01
8.5091e-01
8.5585e-01
8.3864e-01
8.4861e-01
8.4689e-01
8.4258e-01
8.4593e-01
8.4435e-01
8.3388e-01
8.4179e-01
8.4899e-01
8.4765e-01
8.4074e-01
8.5217e-01
8.5333e-01
8.5488e-01
8.3910e-01
8.4990e-01
8.4771e-01
8.4354e-01
8.0488e-01
8.5386e-01
6.6338e-01
8.2657e-01
8.5065e-01
8.4936e-01
8.4638e-01
8.4322e-01
8.5612e-01
8.3867e-01
8.5362e-01
8.4661e-01
8.3899e-01
8.4608e-01
8.4697e-01
8.4250e-01
8.5093e-01
8.5122e-01
8.5313e-01
8.4438e-01
8.5220e-01
8.4480e-01
8.4344e-01
8.3913e-01
8.5487e-01
8.1842e-01
8.6461e-01
8.5835e-01
8.4739e-01
8.5273e-01
8.6806e-01
8.6223e-01
8.3950e-01
8.5812e-01
8.4939e-01
8.4876e-01
8.4052e-01
8.0551e-01
8.4352e-01
8.5184e-01
8.4709e-01
7.6532e-01
7.9887e-01
8.4876e-01
8.4247e-01
8.5655e-01
8.4515e-01
8.5273e-01
8.4998e-01
8.5405e-01
8.6466e-01
8.5495e-01
8.5336e-01
8.1888e-01
7.9659e-01
8.5431e-01
8.5034e-01
8.5076e-01
8.6800e-01
8.4869e-01
8.5406e-01
8.5344e-01
8.4860e-01
8.4059e-01
8.5761e-01
8.6101e-01
8.5025e-01
8.6083e-01
8.4030e-01
8.5294e-01
8.5314e-01
8.4266e-01
8.5590e-01
8.4301e-01
8.4087e-01
9.9148e-01
8.4623e-01
8.5961e-01
8.3741e-01
8.4466e-01
8.3406e-01
8.4406e-01
8.5276e-01
7.5430e-01
8.5092e-01
8.4228e-01
8.4117e-01
8.5911e-01
7.7797e-01
8.4323e-01
8.6427e-01
8.4778e-01
8.4824e-01
8.5993e-01
8.4188e-01
8.7431e-01
8.5390e-01
8.5732e-01
8.4108e-01
8.4676e-01
8.2596e-01
8.4571e-01
8.4913e-01
8.4533e-01
8.5168e-01
7.3960e-01
8.5277e-01
8.3797e-01
8.4906e-01
7.2946e-01
8.1988e-01
8.3985e-01
8.5150e-01
8.4713e-01
8.5330e-01
8.4819e-01
8.4134e-01
8.3810e-01
8.5154e-01
8.4534e-01
8.4364e-01
8.6439e-01
8.6288e-01
8.3338e-01
8.5320e-01
8.4924e-01
8.3806e-01
8.4610e-01
8.5095e-01
8.3473e-01
8.5384e-01
8.0968e-01
8.5145e-01
6.9232e-01
8.4461e-01
8.4503e-01
8.4114e-01
8.4221e-01
8.3579e-01
8.5349e-01
8.3500e-01
8.4851e-01
8.5769e-01
8.5093e-01
8.3894e-01
8.3569e-01
8.4373e-01
7.1238e-01
8.3824e-01
8.7059e-01
8.5591e-01
8.6666e-01
8.4923e-01
8.4248e-01
7.7912e-01
8.5471e-01
8.6487e-01
8.4812e-01
8.4968e-01
8.5428e-01
8.5136e-01
8.4215e-01
8.7159e-01
8.5618e-01
8.3925e-01
8.5519e-01
8.5438e-01
8.6030e-01
8.4206e-01
8.5350e-01
8.4232e-01
8.5325e-01
8.3629e-01
8.5859e-01
8.4282e-01
8.5650e-01
8.3460e-01
8.6039e-01
8.6354e-01
8.5886e-01
8.6687e-01
8.5132e-01
8.4343e-01
6.9591e-01
8.4941e-01
8.6064e-01
8.3365e-01
8.0054e-01
7.9149e-01
8.6327e-01
8.5416e-01
8.3228e-01
8.4608e-01
8.4775e-01
8.6449e-01
8.4866e-01
8.4841e-01
8.4021e-01
8.4487e-01
8.4561e-01
8.5393e-01
8.5235e-01
8.4948e-01
8.4748e-01
8.5542e-01
7.6778e-01
8.6178e-01
8.4705e-01
8.3971e-01
8.5037e-01
8.6624e-01
8.5191e-01
8.5782e-01
8.4077e-01
8.5839e-01
8.4629e-01
8.4332e-01
8.6218e-01
8.5620e-01
8.6014e-01
8.5530e-01
8.5087e-01
8.5295e-01
8.5057e-01
8.4322e-01
8.6081e-01
8.4021e-01
8.4375e-01
8.5373e-01
8.5534e-01
8.5377e-01
8.4139e-01
8.4967e-01
8.4484e-01
8.5992e-01
8.5595e-01
8.4892e-01
8.4893e-01
8.5054e-01
8.4530e-01
8.3583e-01
8.7258e-01
8.2646e-01
8.4703e-01
8.4341e-01
8.4236e-01
7.2081e-01
8.3923e-01
8.6123e-01
7.7539e-01
8.4708e-01
8.4494e-01
8.4751e-01
8.6446e-01
7.4798e-01
8.5859e-01
8.4474e-01
8.3791e-01
8.3701e-01
8.4760e-01
8.5824e-01
8.7063e-01
8.5711e-01
8.5342e-01
8.5460e-01
8.5203e-01
8.3742e-01
8.5085e-01
8.5057e-01
8.4908e-01
8.6079e-01
8.6188e-01
8.5162e-01
8.5161e-01
8.5555e-01
8.3876e-01
8.5190e-01
8.6099e-01
8.4009e-01
8.4493e-01
8.4949e-01
8.4265e-01
8.4527e-01
8.6044e-01
8.6031e-01
8.4276e-01
8.4124e-01
8.3741e-01
8.4454e-01
8.4986e-01
8.2033e-01
8.4057e-01
8.4412e-01
8.4326e-01
8.5262e-01
8.4530e-01
8.4917e-01
8.5936e-01
8.5011e-01
8.4913e-01
8.4629e-01
8.4500e-01
7.8596e-01
8.2785e-01
8.2899e-01
8.5444e-01
8.5285e-01
8.5013e-01
8.5314e-01
8.4927e-01
8.4655e-01
8.5327e-01
8.5035e-01
7.2584e-01
8.3465e-01
7.1152e-01
7.7493e-01
8.4580e-01
8.5148e-01
8.4126e-01
8.5388e-01
8.5311e-01
8.4394e-01
8.5999e-01
8.5158e-01
8.4033e-01
8.5545e-01
8.4044e-01
8.5635e-01
8.5084e-01
8.2327e-01
8.8118e-01
8.3236e-01
8.5969e-01
8.6678e-01
8.5305e-01
8.4321e-01
8.3416e-01
8.5562e-01
8.5360e-01
8.5551e-01
8.3161e-01
8.4173e-01
8.4553e-01
8.3893e-01
8.5675e-01
8.5180e-01
8.4160e-01
8.5426e-01
8.4551e-01
8.4221e-01
8.3665e-01
8.4120e-01
8.5070e-01
8.5045e-01
8.3238e-01
8.5598e-01
8.4647e-01
8.3262e-01
8.4931e-01
7.4724e-01
8.5378e-01
8.5641e-01
8.5097e-01
8.5081e-01
7.6701e-01
8.4279e-01
8.5279e-01
7.3720e-01
8.5863e-01
8.4974e-01
8.5316e-01
8.6247e-01
8.5593e-01
8.4313e-01
8.2358e-01
8.5232e-01
8.5683e-01
8.4866e-01
8.5136e-01
8.4559e-01
8.4893e-01
6.8300e-01
8.4885e-01
8.3998e-01
8.5149e-01
8.4226e-01
8.5067e-01
8.4357e-01
8.4591e-01
8.4051e-01
8.6521e-01
9.0032e-01
8.3827e-01
8.5012e-01
8.5055e-01
8.4557e-01
8.5053e-01
8.6674e-01
8.4624e-01
8.4317e-01
8.5368e-01
8.4687e-01
8.4390e-01
8.4505e-01
8.5927e-01
8.3650e-01
8.4694e-01
8.4181e-01
8.5742e-01
8.6161e-01
8.4873e-01
7.5955e-01
8.5818e-01
8.5324e-01
8.4787e-01
8.5085e-01
8.4336e-01
8.5364e-01
8.4762e-01
8.5307e-01
8.4721e-01
8.3848e-01
8.5223e-01
8.4991e-01
8.3092e-01
8.4938e-01
8.4385e-01
8.3890e-01
8.4383e-01
8.5516e-01
8.7093e-01
8.4798e-01
8.6204e-01
8.4734e-01
8.0301e-01
8.5940e-01
8.5897e-01
8.6052e-01
8.5131e-01
8.3709e-01
8.3773e-01
8.4578e-01
8.5246e-01
8.4995e-01
8.4879e-01
8.3840e-01
8.4428e-01
8.6198e-01
7.2786e-01
8.5858e-01
8.3753e-01
8.5193e-01
8.5631e-01
8.5081e-01
8.4383e-01
8.4603e-01
8.4322e-01
8.5726e-01
8.3978e-01
8.4272e-01
8.4456e-01
8.4007e-01
8.4827e-01
8.5076e-01
8.3559e-01
8.6468e-01
8.5606e-01
8.3588e-01
6.6780e-01
6.7080e-01
8.5969e-01
8.5348e-01
8.6201e-01
8.4034e-01
8.4441e-01
8.4796e-01
8.5606e-01
8.5005e-01
8.4586e-01
8.5102e-01
8.5267e-01
8.4937e-01
8.5010e-01
7.8047e-01
8.5712e-01
8.5308e-01
8.3822e-01
8.3622e-01
8.6056e-01
8.5317e-01
8.4699e-01
8.1794e-01
8.5924e-01
8.5975e-01
8.5410e-01
8.5699e-01
8.6316e-01
8.4065e-01
8.5331e-01
8.5849e-01
8.3895e-01
8.4391e-01
8.5151e-01
8.4742e-01
8.5201e-01
8.5395e-01
8.3492e-01
8.4714e-01
8.4655e-01
8.4663e-01
7.2731e-01
8.2939e-01
7.8896e-01
8.3256e-01
8.5856e-01
8.4403e-01
8.3659e-01
8.6572e-01
8.2898e-01
8.4929e-01
8.4779e-01
8.5168e-01
8.5560e-01
8.5048e-01
8.5465e-01
8.6504e-01
8.3197e-01
8.4595e-01
8.3484e-01
8.5785e-01
8.2817e-01
8.4873e-01
8.4777e-01
8.4346e-01
7.1908e-01
8.3710e-01
8.4697e-01
8.5441e-01
8.5646e-01
8.6456e-01
8.5757e-01
8.5684e-01
8.4344e-01
8.4300e-01
6.8701e-01
8.5121e-01
8.4195e-01
8.4573e-01
8.5757e-01
8.5018e-01
8.6474e-01
8.4690e-01
8.3749e-01
8.4383e-01
8.7091e-01
8.4533e-01
8.4225e-01
8.5534e-01
8.5881e-01
8.2737e-01
8.5555e-01
8.5630e-01
8.3770e-01
6.6544e-01
8.4972e-01
8.4621e-01
8.5587e-01
8.4352e-01
8.4972e-01
8.3869e-01
8.4989e-01
6.6712e-01
8.4084e-01
8.4481e-01
7.7077e-01
8.5771e-01
8.5340e-01
8.3651e-01
8.4823e-01
8.5422e-01
8.3569e-01
8.5575e-01
8.6921e-01
8.5923e-01
8.5627e-01
8.6078e-01
8.4716e-01
8.4630e-01
8.4918e-01
8.5992e-01
8.5197e-01
8.5418e-01
8.4602e-01
8.4682e-01
8.4436e-01
8.4517e-01
8.5987e-01
8.5120e-01
8.4948e-01
8.4669e-01
8.2895e-01
8.5088e-01
8.4525e-01
8.3409e-01
8.5803e-01
8.4897e-01
8.6368e-01
8.4825e-01
8.4520e-01
8.5456e-01
8.5002e-01
8.5892e-01
8.3981e-01
8.6438e-01
8.5146e-01
8.5616e-01
8.6165e-01
8.8068e-01
8.4848e-01
8.6175e-01
8.5207e-01
8.6045e-01
8.4208e-01
8.5815e-01
8.3368e-01
8.5455e-01
8.6672e-01
8.5568e-01
8.5110e-01
8.5025e-01
7.0610e-01
8.5214e-01
8.5089e-01
8.5896e-01
8.6096e-01
8.6324e-01
7.5579e-01
8.6196e-01
8.3465e-01
8.5827e-01
8.5419e-01
8.4540e-01
7.5358e-01
8.5174e-01
8.1330e-01
8.4409e-01
8.1112e-01
8.5764e-01
8.5582e-01
8.3411e-01
8.4152e-01
8.7232e-01
8.4987e-01
8.3812e-01
7.8149e-01
8.5296e-01
8.5338e-01
8.5387e-01
8.5993e-01
8.3542e-01
8.4099e-01
6.8921e-01
8.5240e-01
8.3923e-01
8.5256e-01
8.4795e-01
8.4418e-01
8.5111e-01
8.4016e-01
8.4889e-01
8.5059e-01
8.3511e-01
8.4539e-01
8.4346e-01
8.5937e-01
8.5204e-01
8.4896e-01
9.9339e-01
8.5663e-01
7.8581e-01
8.4053e-01
8.4552e-01
8.5413e-01
8.6324e-01
8.6188e-01
8.0913e-01
8.6107e-01
8.4260e-01
8.5580e-01
8.7116e-01
8.3411e-01
8.5160e-01
8.4576e-01
8.5866e-01
8.3156e-01
7.9935e-01
8.4598e-01
8.4760e-01
8.5004e-01
8.4651e-01
8.5750e-01
8.5869e-01
8.3778e-01
8.4219e-01
8.6203e-01
8.3402e-01
8.5306e-01
8.6111e-01
8.4331e-01
8.3666e-01
8.4931e-01
8.4120e-01
8.4955e-01
8.4467e-01
8.5943e-01
8.4361e-01
7.0562e-01
8.3814e-01
8.5156e-01
8.7082e-01
8.5823e-01
8.4709e-01
8.4975e-01
8.4752e-01
8.6471e-01
8.4641e-01
8.4523e-01
8.5653e-01
8.4215e-01
7.8335e-01
8.6137e-01
7.7764e-01
8.3817e-01
8.4661e-01
8.4555e-01
8.5571e-01
8.6506e-01
8.5815e-01
8.4571e-01
8.5383e-01
8.4122e-01
8.5579e-01
8.5085e-01
7.3532e-01
8.3814e-01
8.5270e-01
6.8676e-01
8.4969e-01
8.6629e-01
8.4487e-01
6.9136e-01
8.4515e-01
8.5845e-01
8.5466e-01
8.5035e-01
8.5365e-01
8.5152e-01
7.0351e-01
8.5619e-01
8.4388e-01
8.5554e-01
8.6851e-01
7.5859e-01
8.5396e-01
8.4090e-01
8.5219e-01
8.5620e-01
8.4510e-01
8.5212e-01
8.3529e-01
8.3272e-01
8.5578e-01
8.5397e-01
8.4221e-01
8.6646e-01
9.9843e-01
8.5071e-01
8.5254e-01
8.4411e-01
8.0548e-01
8.4754e-01
8.4294e-01
8.6595e-01
8.3981e-01
8.3608e-01
8.3535e-01
8.6189e-01
8.4697e-01
8.5635e-01
8.3602e-01
8.4232e-01
8.5846e-01
8.4400e-01
8.6743e-01
8.3521e-01
8.6274e-01
8.2955e-01
8.3982e-01
8.4695e-01
8.5540e-01
8.3943e-01
8.5571e-01
8.4876e-01
8.4632e-01
8.4422e-01
8.5363e-01
8.4304e-01
9.3049e-01
8.5504e-01
7.9051e-01
8.5007e-01
7.4965e-01
8.4371e-01
8.5218e-01
8.3967e-01
8.7186e-01
8.6306e-01
8.4727e-01
8.2750e-01
