0.440571
0.441035
0.440262
0.432875
0.440683
0.43971
0.440176
0.439782
0.4401
0.438937
0.440905
0.441907
0.441561
0.436699
0.440718
0.425134
0.440491
0.437976
0.44091
0.442035
0.439754
0.440998
0.444427
0.44049
0.439001
0.438291
0.43768
0.440228
0.437256
0.439571
0.441023
0.441434
0.441865
0.43828
0.441585
0.441513
0.440228
0.438752
0.438238
0.437781
0.443272
0.438038
0.438095
0.438485
0.43984
0.441093
0.439038
0.43785
0.44013
0.441188
0.44373
0.441644
0.439335
0.440338
0.438457
0.438382
0.444384
0.440098
0.441679
0.436003
0.440055
0.438303
0.436569
0.440663
0.443182
0.441245
0.439859
0.441519
0.441838
0.44063
0.43852
0.438906
0.439654
0.438228
0.439589
0.443656
0.440194
0.437702
0.437597
0.44204
0.439834
0.439203
0.434269
0.440128
0.44422
0.437471
0.440509
0.438199
0.447459
0.438167
0.439462
0.439985
0.441698
0.44283
0.441226
0.444101
0.440314
0.439089
0.435816
0.441017
0.441182
0.436022
0.44128
0.440792
0.443728
0.440524
0.437234
0.441525
0.437073
0.442488
0.440858
0.438838
0.439627
0.440336
0.441928
0.442803
0.437443
0.440278
0.441722
0.440786
0.439283
0.43985
0.437861
0.437
0.438765
0.440095
0.440574
0.438454
0.439054
0.438348
0.443504
0.438697
0.43978
0.44039
0.443659
0.437404
0.439212
0.437399
0.439591
0.439526
0.437151
0.44275
0.43942
0.441321
0.442135
0.438925
0.438116
0.438519
0.443581
0.442817
0.440725
0.437339
0.440328
0.44142
0.442743
0.441023
0.442907
0.441336
0.439991
0.437473
0.439624
0.4398
0.439192
0.438693
0.440482
0.442629
0.441806
0.438196
0.437051
0.441518
0.442813
0.439818
0.439238
0.441853
0.440124
0.441192
0.439938
0.439839
0.442508
0.440397
0.440609
0.443932
0.437849
0.439582
0.437619
0.440116
0.440685
0.439458
0.437377
0.436482
0.437806
0.440843
0.438998
0.44108
0.439849
0.437631
0.441482
0.44525
0.435495
0.439468
0.441344
0.434044
0.437385
0.438549
0.442327
0.438774
0.436696
0.439106
0.444656
0.440545
0.440127
0.436403
0.438158
0.441392
0.441676
0.437121
0.439796
0.439513
0.439717
0.441806
0.438469
0.441697
0.43989
0.442691
0.4388
0.438032
0.436503
0.43956
0.441973
0.438992
0.440408
0.441415
0.437156
0.440899
0.437687
0.442427
0.439358
0.440047
0.436773
0.436058
0.4388
0.440576
0.437312
0.438751
0.440945
0.437587
0.439805
0.43826
0.442696
0.438994
0.43464
0.439524
0.44097
0.439561
