0.457414
0.457859
0.456945
0.449403
0.457403
0.456517
0.456957
0.456492
0.457063
0.455486
0.45765
0.459175
0.458371
0.453511
0.457472
0.440111
0.457126
0.454668
0.457859
0.458951
0.45662
0.457937
0.461702
0.457394
0.455983
0.455412
0.454551
0.45707
0.454214
0.456638
0.457915
0.458206
0.458788
0.454994
0.458324
0.457987
0.457029
0.455404
0.454735
0.454549
0.460337
0.454796
0.454617
0.455388
0.456595
0.458173
0.455661
0.454557
0.457025
0.457944
0.460887
0.458458
0.455783
0.457035
0.455307
0.455037
0.461665
0.457138
0.458775
0.45246
0.456751
0.455408
0.453003
0.457331
0.460163
0.458024
0.457052
0.458248
0.458749
0.457407
0.455161
0.455558
0.456612
0.454844
0.456412
0.460722
0.456873
0.454276
0.45408
0.459038
0.456572
0.45615
0.450623
0.457069
0.461408
0.454022
0.457608
0.454752
0.464992
0.454685
0.456195
0.456868
0.458908
0.459741
0.458108
0.461182
0.45717
0.455421
0.452121
0.458341
0.458128
0.452846
0.458221
0.457809
0.460899
0.457396
0.453783
0.45875
0.453452
0.45964
0.457646
0.455508
0.456487
0.457136
0.458879
0.459846
0.454479
0.457177
0.458619
0.457624
0.455976
0.456625
0.454679
0.453958
0.455593
0.457143
0.457636
0.454543
0.455693
0.454769
0.460811
0.455657
0.456376
0.457043
0.46084
0.453815
0.456431
0.454329
0.456625
0.456362
0.45415
0.459653
0.456125
0.458221
0.459108
0.45548
0.45559
0.455206
0.460566
0.460119
0.457698
0.454039
0.456923
0.458132
0.459873
0.458065
0.459851
0.458363
0.456727
0.454412
0.455801
0.456917
0.456174
0.455579
0.457511
0.459713
0.458657
0.455008
0.453452
0.458547
0.459926
0.456622
0.456143
0.458955
0.45712
0.458162
0.456571
0.456681
0.459443
0.45742
0.457468
0.461251
0.455078
0.455895
0.454344
0.4571
0.457873
0.456597
0.454195
0.453504
0.4546
0.457906
0.455944
0.458009
0.457158
0.454532
0.458616
0.462623
0.451883
0.456342
0.458206
0.450657
0.454145
0.455147
0.459555
0.455894
0.453295
0.456112
0.462209
0.457454
0.45732
0.453098
0.454679
0.458226
0.458472
0.453692
0.456321
0.456074
0.456285
0.458679
0.455229
0.458656
0.45664
0.459457
0.455617
0.455114
0.452695
0.456423
0.458946
0.455606
0.457167
0.45838
0.45386
0.457806
0.45429
0.459387
0.456208
0.457258
0.453131
0.452855
0.455753
0.457146
0.454044
0.456007
0.457395
0.454303
0.456523
0.455366
0.459611
0.455799
0.450872
0.456041
0.457968
0.456312
