0.426807
0.426576
0.423819
0.419174
0.426246
0.423759
0.42608
0.424907
0.426018
0.424146
0.426633
0.42668
0.425658
0.423689
0.426333
0.415039
0.425336
0.424414
0.422471
0.425855
0.425531
0.426958
0.428812
0.425305
0.424836
0.424096
0.426184
0.424717
0.425848
0.423467
0.424194
0.422487
0.426315
0.424089
0.424783
0.425309
0.426364
0.424147
0.424588
0.425251
0.428929
0.423338
0.425282
0.423597
0.424088
0.423674
0.424892
0.423782
0.423795
0.424207
0.428907
0.425092
0.42385
0.423179
0.420353
0.425209
0.425087
0.427764
0.427475
0.42431
0.424849
0.422897
0.420861
0.427472
0.426536
0.4252
0.423223
0.428941
0.428121
0.426503
0.423489
0.425948
0.426459
0.423074
0.426446
0.424115
0.426095
0.422335
0.42163
0.42765
0.423286
0.423034
0.422818
0.428261
0.427431
0.427316
0.426637
0.423299
0.433371
0.426349
0.42552
0.423538
0.428093
0.429495
0.426497
0.425283
0.425441
0.426544
0.422389
0.428504
0.426856
0.421408
0.426585
0.425449
0.425644
0.423123
0.424151
0.427633
0.423505
0.425309
0.424314
0.423617
0.424696
0.425589
0.427255
0.428927
0.422544
0.424702
0.423064
0.426149
0.42612
0.424778
0.422033
0.42335
0.427124
0.425416
0.428836
0.424137
0.422822
0.426408
0.429273
0.428073
0.424755
0.423421
0.424421
0.42127
0.426243
0.426566
0.426006
0.425922
0.423224
0.427412
0.423254
0.426664
0.425818
0.423094
0.424655
0.424084
0.427486
0.432325
0.424836
0.424077
0.424714
0.426812
0.427136
0.427249
0.425136
0.427791
0.425966
0.425352
0.425791
0.42265
0.425213
0.427119
0.424174
0.425808
0.428196
0.425158
0.423906
0.428043
0.426202
0.426055
0.423724
0.428313
0.425288
0.425521
0.426078
0.426129
0.42657
0.429315
0.427245
0.426778
0.422703
0.426596
0.424796
0.425814
0.427794
0.425443
0.423445
0.421104
0.425523
0.428913
0.424275
0.425512
0.426759
0.42126
0.422178
0.427885
0.422025
0.423428
0.425245
0.419111
0.423843
0.422268
0.427795
0.424139
0.425298
0.426507
0.427785
0.426049
0.422754
0.42405
0.42657
0.428048
0.426886
0.422593
0.422665
0.426733
0.426288
0.426459
0.422425
0.426144
0.424303
0.425055
0.42246
0.424825
0.421276
0.42507
0.428547
0.425865
0.427169
0.426326
0.42263
0.423349
0.424117
0.429498
0.426405
0.42356
0.422946
0.427088
0.424617
0.424305
0.419256
0.424348
0.424293
0.42506
0.424095
0.422538
0.426179
0.425551
0.420903
0.425181
0.426657
0.424719
