0.440428
0.4402
0.437589
0.432779
0.438937
0.437038
0.439571
0.438445
0.439611
0.437052
0.440164
0.439891
0.439011
0.43778
0.43955
0.42736
0.438712
0.438195
0.435292
0.439659
0.438778
0.439947
0.442286
0.438564
0.438668
0.437121
0.439634
0.437686
0.43897
0.436491
0.437266
0.435848
0.439779
0.437378
0.438457
0.438627
0.439584
0.437623
0.437975
0.438366
0.442551
0.436558
0.438675
0.437131
0.437956
0.436763
0.438354
0.437474
0.437253
0.437955
0.442314
0.43857
0.436821
0.435921
0.433711
0.438928
0.438184
0.441394
0.44102
0.437906
0.437475
0.435728
0.434381
0.441088
0.44018
0.438633
0.436635
0.442434
0.442023
0.439825
0.437662
0.439893
0.439908
0.436535
0.439885
0.438129
0.439442
0.43567
0.434794
0.441352
0.436371
0.436617
0.436336
0.441649
0.440953
0.440611
0.439625
0.436699
0.447512
0.440256
0.438098
0.436872
0.441496
0.442737
0.439302
0.438992
0.438651
0.440233
0.435568
0.441962
0.44092
0.434322
0.439495
0.439284
0.438471
0.436329
0.437607
0.441377
0.436963
0.439418
0.437812
0.437329
0.438229
0.439528
0.440262
0.442137
0.436125
0.437965
0.436177
0.439394
0.440053
0.438208
0.43566
0.436425
0.441149
0.438742
0.441929
0.43785
0.435907
0.439885
0.443139
0.44173
0.437775
0.437168
0.437926
0.434447
0.438487
0.439568
0.439508
0.438654
0.436345
0.440991
0.43646
0.440114
0.439622
0.436401
0.437935
0.437367
0.441751
0.446654
0.43848
0.437439
0.437636
0.440643
0.441048
0.440336
0.438704
0.442275
0.439758
0.439251
0.439781
0.435486
0.438108
0.440595
0.437273
0.439044
0.441823
0.438705
0.437524
0.442044
0.439098
0.439709
0.435983
0.442095
0.439261
0.439196
0.439379
0.439625
0.440648
0.44109
0.441327
0.439766
0.43548
0.439727
0.438196
0.438654
0.441034
0.43904
0.436329
0.434101
0.438641
0.441511
0.43732
0.43892
0.438215
0.433394
0.435893
0.441003
0.435509
0.437193
0.439212
0.431451
0.436926
0.435426
0.44184
0.437373
0.438945
0.439689
0.441652
0.439089
0.435595
0.437045
0.440401
0.441904
0.440111
0.43589
0.436016
0.440393
0.43976
0.439626
0.435685
0.439726
0.437635
0.43875
0.435684
0.438295
0.434015
0.4389
0.441715
0.439298
0.441364
0.440041
0.436086
0.435736
0.437558
0.443508
0.440094
0.436455
0.436009
0.440725
0.438049
0.437447
0.4316
0.43757
0.437266
0.438455
0.437502
0.43577
0.439538
0.438944
0.433767
0.438628
0.439171
0.43744
