0.333847
0.33406
0.333115
0.328575
0.334243
0.332923
0.333419
0.33365
0.334127
0.333694
0.335052
0.334848
0.33492
0.331504
0.334088
0.317834
0.334343
0.334498
0.333011
0.335278
0.333027
0.334468
0.337531
0.333184
0.333895
0.332074
0.333455
0.333704
0.33343
0.333015
0.333084
0.332139
0.334624
0.332958
0.333139
0.333969
0.334182
0.334584
0.332532
0.332404
0.336928
0.331776
0.333681
0.333321
0.333435
0.334027
0.333165
0.332932
0.332086
0.334325
0.335544
0.335191
0.332058
0.333249
0.331092
0.333722
0.335214
0.335067
0.334346
0.331335
0.333396
0.331972
0.330749
0.334984
0.334895
0.333951
0.332237
0.337057
0.335731
0.334851
0.334178
0.334149
0.334635
0.33216
0.33444
0.334504
0.334125
0.331085
0.329408
0.335119
0.331664
0.332503
0.327125
0.334423
0.335629
0.333447
0.33494
0.333641
0.340007
0.334206
0.333314
0.332572
0.335709
0.337035
0.334227
0.335143
0.333277
0.334055
0.330632
0.336822
0.335001
0.329815
0.334748
0.334646
0.334511
0.332171
0.332154
0.335355
0.330896
0.337131
0.333572
0.333089
0.332847
0.333663
0.334914
0.336294
0.331254
0.333649
0.333092
0.334352
0.333914
0.333954
0.332497
0.332155
0.334842
0.333384
0.334686
0.333322
0.332797
0.333233
0.337672
0.334555
0.333588
0.332721
0.334745
0.331815
0.33347
0.334962
0.333861
0.33324
0.331903
0.336466
0.332252
0.334553
0.336353
0.331798
0.332627
0.333229
0.336835
0.338863
0.334763
0.3316
0.333723
0.336291
0.335604
0.334554
0.335149
0.335228
0.333695
0.332473
0.334913
0.333058
0.33234
0.333948
0.333574
0.334072
0.336052
0.332391
0.331752
0.335887
0.335208
0.333962
0.331634
0.335483
0.333431
0.334107
0.334562
0.333405
0.335474
0.336537
0.334555
0.335458
0.333063
0.334457
0.332862
0.33323
0.334212
0.334669
0.331753
0.331538
0.331902
0.335515
0.333146
0.333731
0.334495
0.330859
0.332712
0.336836
0.331132
0.332694
0.333825
0.33106
0.331824
0.33215
0.336283
0.332223
0.33173
0.333932
0.337603
0.33432
0.3325
0.33219
0.332795
0.335965
0.334396
0.331944
0.332766
0.335741
0.334491
0.335088
0.332509
0.335663
0.33262
0.334
0.332016
0.33277
0.330547
0.333985
0.334818
0.333354
0.335464
0.335634
0.331311
0.334326
0.332439
0.33645
0.334527
0.332587
0.33009
0.33323
0.332509
0.333269
0.331329
0.333317
0.333371
0.332593
0.334866
0.331241
0.334762
0.332835
0.330948
0.334027
0.334589
0.334007
