0.362546
0.362953
0.361588
0.357647
0.362449
0.362591
0.36199
0.361942
0.36215
0.361171
0.363377
0.363014
0.362934
0.359697
0.362235
0.344115
0.36297
0.362847
0.360306
0.36429
0.36154
0.362309
0.366773
0.361452
0.363074
0.3604
0.363721
0.363329
0.363279
0.360923
0.361876
0.360919
0.363741
0.362705
0.361435
0.361363
0.362229
0.361639
0.361148
0.361253
0.366155
0.359633
0.361636
0.361498
0.362737
0.361375
0.362574
0.3617
0.360176
0.363772
0.364324
0.361615
0.361428
0.363415
0.35972
0.362964
0.362812
0.363955
0.363195
0.359772
0.36159
0.359667
0.359173
0.363385
0.363489
0.362441
0.360901
0.365471
0.364715
0.362277
0.363621
0.363292
0.36386
0.359099
0.362181
0.363381
0.364009
0.358997
0.356974
0.36436
0.359697
0.360759
0.355156
0.363258
0.364427
0.361677
0.364852
0.362796
0.368732
0.363627
0.360486
0.360697
0.364624
0.367208
0.362657
0.364243
0.360668
0.363922
0.358875
0.367877
0.364071
0.357539
0.364121
0.363735
0.361181
0.360752
0.360348
0.364534
0.359466
0.367125
0.362386
0.36214
0.361131
0.362786
0.363443
0.364877
0.359396
0.361283
0.361468
0.363115
0.362957
0.361669
0.361559
0.361786
0.363325
0.361597
0.36316
0.36267
0.361414
0.362425
0.367038
0.363346
0.362719
0.361681
0.364405
0.358498
0.361528
0.365354
0.362919
0.361177
0.361602
0.36468
0.361113
0.363623
0.364798
0.360637
0.360764
0.362496
0.365625
0.368807
0.36412
0.359891
0.360911
0.364414
0.364278
0.361332
0.363456
0.364631
0.362573
0.361133
0.36367
0.362381
0.360634
0.362666
0.363577
0.362288
0.365709
0.361054
0.360208
0.36499
0.363845
0.361722
0.359295
0.364176
0.362564
0.363008
0.363148
0.362073
0.364304
0.362076
0.363387
0.364269
0.360635
0.363204
0.361569
0.361863
0.362803
0.363738
0.359498
0.359245
0.36039
0.363692
0.360516
0.362264
0.362344
0.359928
0.360953
0.3672
0.359009
0.361084
0.36286
0.361849
0.36002
0.360265
0.365143
0.36093
0.360382
0.363243
0.368336
0.362225
0.361435
0.359857
0.361608
0.365002
0.362994
0.360468
0.360936
0.364587
0.363624
0.364121
0.361148
0.366121
0.360882
0.362364
0.359543
0.361499
0.358133
0.362483
0.363388
0.362529
0.365017
0.364827
0.36039
0.362389
0.361328
0.364856
0.363351
0.361411
0.35818
0.361637
0.361413
0.36239
0.358068
0.361947
0.362127
0.361027
0.363106
0.361088
0.363722
0.361327
0.360009
0.362478
0.363849
0.361668
