9.9559e-01
9.9515e-01
9.9548e-01
9.9525e-01
9.9660e-01
9.9575e-01
9.9616e-01
9.9528e-01
9.9456e-01
9.9737e-01
9.9649e-01
9.9629e-01
9.9453e-01
9.9390e-01
9.9577e-01
9.9747e-01
9.9508e-01
9.9535e-01
9.9499e-01
9.9743e-01
9.9659e-01
9.9317e-01
9.9760e-01
9.9505e-01
9.9475e-01
9.9716e-01
9.9582e-01
9.9583e-01
9.9548e-01
9.9539e-01
9.9552e-01
9.9669e-01
9.9591e-01
9.9763e-01
9.9615e-01
9.9543e-01
9.9557e-01
9.9667e-01
9.9661e-01
9.9635e-01
9.9514e-01
9.9496e-01
9.9729e-01
9.9588e-01
9.9628e-01
9.9661e-01
9.9708e-01
9.9717e-01
9.9590e-01
9.9700e-01
9.9493e-01
9.9601e-01
9.9444e-01
9.9519e-01
9.9601e-01
9.9836e-01
9.9662e-01
9.9663e-01
9.9706e-01
9.9700e-01
9.9634e-01
9.9535e-01
9.9622e-01
9.9545e-01
9.9546e-01
9.9667e-01
9.9680e-01
9.9657e-01
9.9759e-01
9.9808e-01
9.9708e-01
9.9505e-01
9.9584e-01
9.9688e-01
9.9650e-01
9.9595e-01
9.9757e-01
9.9600e-01
9.9637e-01
9.9543e-01
9.9549e-01
9.9607e-01
9.9527e-01
9.9629e-01
9.9670e-01
9.9670e-01
9.9709e-01
9.9619e-01
9.9504e-01
9.9533e-01
9.9666e-01
9.9518e-01
9.9454e-01
9.9657e-01
9.9707e-01
9.9601e-01
9.9693e-01
9.9639e-01
9.9480e-01
9.9550e-01
9.9585e-01
9.9568e-01
9.9644e-01
9.9491e-01
9.9290e-01
9.9538e-01
9.9888e-01
9.9740e-01
9.9718e-01
9.9585e-01
9.9558e-01
9.9693e-01
9.9488e-01
9.9728e-01
9.9505e-01
9.9477e-01
9.9472e-01
9.9669e-01
9.9637e-01
9.9609e-01
9.9678e-01
9.9750e-01
9.9719e-01
9.9633e-01
9.9509e-01
9.9573e-01
9.9544e-01
9.9563e-01
9.9613e-01
9.9389e-01
9.9442e-01
9.9683e-01
9.9728e-01
9.9726e-01
9.9600e-01
9.9318e-01
9.9581e-01
9.9538e-01
9.9580e-01
9.9649e-01
9.9603e-01
9.9495e-01
9.9679e-01
9.9694e-01
9.9658e-01
9.9767e-01
9.9569e-01
9.9764e-01
9.9783e-01
9.9525e-01
9.9784e-01
9.9695e-01
9.9512e-01
9.9509e-01
9.9754e-01
9.9692e-01
9.9633e-01
9.9568e-01
9.9498e-01
9.9643e-01
9.9619e-01
9.9685e-01
9.9688e-01
9.9634e-01
9.9518e-01
9.9661e-01
9.9675e-01
9.9797e-01
9.9569e-01
9.9498e-01
9.9369e-01
9.9739e-01
9.9557e-01
9.9654e-01
9.9823e-01
9.9621e-01
9.9701e-01
9.9584e-01
9.9612e-01
9.9637e-01
9.9625e-01
9.9504e-01
9.9485e-01
9.9647e-01
9.9514e-01
9.9665e-01
9.9523e-01
9.9407e-01
9.9680e-01
9.9555e-01
9.9530e-01
9.9566e-01
9.9671e-01
9.9381e-01
9.9508e-01
9.9610e-01
9.9532e-01
9.9711e-01
9.9757e-01
9.9601e-01
9.9279e-01
9.9583e-01
9.9271e-01
9.9605e-01
9.9582e-01
9.9695e-01
9.9703e-01
9.9643e-01
9.9494e-01
9.9730e-01
9.9532e-01
9.9678e-01
9.9567e-01
9.9573e-01
9.9757e-01
9.9614e-01
9.9632e-01
9.9512e-01
9.9710e-01
9.9735e-01
9.9604e-01
9.9550e-01
9.9632e-01
9.9610e-01
9.9523e-01
9.9690e-01
9.9629e-01
9.9588e-01
9.9335e-01
9.9529e-01
9.9664e-01
9.9671e-01
9.9497e-01
9.9684e-01
9.9606e-01
9.9380e-01
9.9538e-01
9.9448e-01
9.9591e-01
9.9649e-01
9.9737e-01
9.9646e-01
9.9421e-01
9.9504e-01
9.9404e-01
9.9621e-01
9.9546e-01
9.9508e-01
9.9616e-01
9.9585e-01
9.9546e-01
9.9669e-01
9.9748e-01
9.9516e-01
9.9729e-01
9.9593e-01
9.9339e-01
9.9619e-01
9.9514e-01
9.9695e-01
9.9686e-01
9.9636e-01
9.9461e-01
9.9684e-01
9.9578e-01
9.9620e-01
9.9613e-01
9.9605e-01
9.9746e-01
9.9582e-01
9.9832e-01
9.9597e-01
9.9690e-01
9.9503e-01
9.9489e-01
9.9700e-01
9.9565e-01
9.9594e-01
9.9663e-01
9.9667e-01
9.9587e-01
9.9697e-01
9.9234e-01
9.9663e-01
9.9585e-01
9.9431e-01
9.9623e-01
9.9457e-01
9.9638e-01
9.9556e-01
9.9631e-01
9.9537e-01
9.9648e-01
9.9735e-01
9.9688e-01
9.9605e-01
9.9528e-01
9.9634e-01
9.9428e-01
9.9765e-01
9.9494e-01
9.9752e-01
9.9677e-01
9.9610e-01
9.9517e-01
9.9540e-01
9.9615e-01
9.9390e-01
9.9753e-01
9.9436e-01
9.9701e-01
9.9356e-01
9.9692e-01
9.9603e-01
9.9800e-01
9.9338e-01
9.9692e-01
9.9668e-01
9.9673e-01
9.9489e-01
9.9712e-01
9.9622e-01
9.9567e-01
9.9580e-01
9.9549e-01
9.9618e-01
9.9345e-01
9.9603e-01
9.9644e-01
9.9640e-01
9.9482e-01
9.9620e-01
9.9628e-01
9.9565e-01
9.9405e-01
9.9610e-01
9.9568e-01
9.9558e-01
9.9562e-01
9.9649e-01
9.9618e-01
9.9545e-01
9.9559e-01
9.9697e-01
9.9523e-01
9.9617e-01
9.9641e-01
9.9361e-01
9.9490e-01
9.9688e-01
9.9632e-01
9.9607e-01
9.9480e-01
9.9497e-01
9.9513e-01
9.9643e-01
9.9530e-01
9.9851e-01
9.9494e-01
9.9371e-01
9.9456e-01
9.9612e-01
9.9620e-01
9.9546e-01
9.9717e-01
9.9640e-01
9.9603e-01
9.9712e-01
9.9764e-01
9.9680e-01
9.9590e-01
9.9641e-01
9.9533e-01
9.9426e-01
9.9650e-01
9.9484e-01
9.9551e-01
9.9633e-01
9.9576e-01
9.9686e-01
9.9671e-01
9.9584e-01
9.9463e-01
9.9669e-01
9.9713e-01
9.9609e-01
9.9642e-01
9.9710e-01
9.9543e-01
9.9557e-01
9.9534e-01
9.9692e-01
9.9718e-01
9.9733e-01
9.9694e-01
9.9689e-01
9.9713e-01
9.9684e-01
9.9539e-01
9.9456e-01
9.9755e-01
9.9516e-01
9.9588e-01
9.9664e-01
9.9484e-01
9.9660e-01
9.9450e-01
9.9453e-01
9.9638e-01
9.9430e-01
9.9684e-01
9.9558e-01
9.9583e-01
9.9586e-01
9.9777e-01
9.9775e-01
9.9443e-01
9.9604e-01
9.9630e-01
9.9474e-01
9.9526e-01
9.9762e-01
9.9628e-01
9.9635e-01
9.9676e-01
9.9792e-01
9.9513e-01
9.9574e-01
9.9667e-01
9.9327e-01
9.9790e-01
9.9580e-01
9.9559e-01
9.9613e-01
9.9681e-01
9.9686e-01
9.9745e-01
9.9463e-01
9.9582e-01
9.9394e-01
9.9620e-01
9.9566e-01
9.9625e-01
9.9659e-01
9.9386e-01
9.9425e-01
9.9456e-01
9.9571e-01
9.9606e-01
9.9762e-01
9.9686e-01
9.9639e-01
9.9462e-01
9.9475e-01
9.9511e-01
9.9782e-01
9.9651e-01
9.9672e-01
9.9502e-01
9.9687e-01
9.9676e-01
9.9661e-01
9.9531e-01
9.9629e-01
9.9611e-01
9.9541e-01
9.9446e-01
9.9621e-01
9.9542e-01
9.9675e-01
9.9649e-01
9.9544e-01
9.9611e-01
9.9815e-01
9.9581e-01
9.9567e-01
9.9614e-01
9.9614e-01
9.9730e-01
9.9587e-01
9.9677e-01
9.9630e-01
9.9554e-01
9.9619e-01
9.9611e-01
9.9554e-01
9.9710e-01
9.9572e-01
9.9757e-01
9.9570e-01
9.9550e-01
9.9503e-01
9.9647e-01
9.9559e-01
9.9371e-01
9.9712e-01
9.9574e-01
9.9673e-01
9.9539e-01
9.9684e-01
9.9627e-01
9.9640e-01
9.9656e-01
9.9587e-01
9.9581e-01
9.9758e-01
9.9611e-01
9.9672e-01
9.9470e-01
9.9777e-01
9.9685e-01
9.9638e-01
9.9571e-01
9.9521e-01
9.9696e-01
9.9610e-01
9.9504e-01
9.9597e-01
9.9700e-01
9.9571e-01
9.9879e-01
9.9625e-01
9.9769e-01
9.9650e-01
9.9667e-01
9.9547e-01
9.9547e-01
9.9613e-01
9.9529e-01
9.9550e-01
9.9464e-01
9.9576e-01
9.9506e-01
9.9592e-01
9.9525e-01
9.9552e-01
9.9567e-01
9.9684e-01
9.9649e-01
9.9563e-01
9.9420e-01
9.9698e-01
9.9614e-01
9.9601e-01
9.9670e-01
9.9563e-01
9.9685e-01
9.9570e-01
9.9774e-01
9.9546e-01
9.9577e-01
9.9469e-01
9.9607e-01
9.9732e-01
9.9672e-01
9.9276e-01
9.9567e-01
9.9446e-01
9.9571e-01
9.9564e-01
9.9605e-01
9.9515e-01
9.9486e-01
9.9641e-01
9.9459e-01
9.9467e-01
9.9545e-01
9.9635e-01
9.9570e-01
9.9511e-01
9.9785e-01
9.9573e-01
9.9390e-01
9.9588e-01
9.9506e-01
9.9528e-01
9.9618e-01
9.9634e-01
9.9646e-01
9.9583e-01
9.9662e-01
9.9428e-01
9.9705e-01
9.9681e-01
9.9678e-01
9.9438e-01
9.9413e-01
9.9564e-01
9.9589e-01
9.9729e-01
9.9715e-01
9.9632e-01
9.9525e-01
9.9451e-01
9.9582e-01
9.9572e-01
9.9658e-01
9.9794e-01
9.9488e-01
9.9439e-01
9.9496e-01
9.9628e-01
9.9558e-01
9.9489e-01
9.9720e-01
9.9506e-01
9.9506e-01
9.9555e-01
9.9500e-01
9.9540e-01
9.9516e-01
9.9519e-01
9.9573e-01
9.9582e-01
9.9707e-01
9.9755e-01
9.9595e-01
9.9643e-01
9.9547e-01
9.9325e-01
9.9541e-01
9.9696e-01
9.9388e-01
9.9518e-01
9.9609e-01
9.9550e-01
9.9679e-01
9.9705e-01
9.9530e-01
9.9521e-01
9.9547e-01
9.9385e-01
9.9634e-01
9.9617e-01
9.9629e-01
9.9578e-01
9.9572e-01
9.9447e-01
9.9562e-01
9.9477e-01
9.9478e-01
9.9478e-01
9.9678e-01
9.9662e-01
9.9634e-01
9.9714e-01
9.9529e-01
9.9588e-01
9.9621e-01
9.9637e-01
9.9472e-01
9.9700e-01
9.9595e-01
9.9609e-01
9.9741e-01
9.9672e-01
9.9698e-01
9.9506e-01
9.9720e-01
9.9713e-01
9.9595e-01
9.9598e-01
9.9653e-01
9.9340e-01
9.9751e-01
9.9782e-01
9.9501e-01
9.9614e-01
9.9678e-01
9.9754e-01
9.9406e-01
9.9535e-01
9.9664e-01
9.9670e-01
9.9545e-01
9.9606e-01
9.9504e-01
9.9587e-01
9.9529e-01
9.9663e-01
9.9671e-01
9.9639e-01
9.9576e-01
9.9659e-01
9.9631e-01
9.9583e-01
9.9440e-01
9.9599e-01
9.9491e-01
9.9462e-01
9.9793e-01
9.9568e-01
9.9420e-01
9.9699e-01
9.9701e-01
9.9372e-01
9.9634e-01
9.9653e-01
9.9761e-01
9.9529e-01
9.9593e-01
9.9656e-01
9.9632e-01
9.9622e-01
9.9580e-01
9.9451e-01
9.9547e-01
9.9591e-01
9.9567e-01
9.9646e-01
9.9606e-01
9.9595e-01
9.9670e-01
9.9282e-01
9.9654e-01
9.9621e-01
9.9523e-01
9.9638e-01
9.9666e-01
9.9670e-01
9.9654e-01
9.9580e-01
9.9801e-01
9.9656e-01
9.9686e-01
9.9504e-01
9.9508e-01
9.9589e-01
9.9493e-01
9.9724e-01
9.9568e-01
9.9354e-01
9.9757e-01
9.9717e-01
9.9544e-01
9.9424e-01
9.9614e-01
9.9564e-01
9.9472e-01
9.9714e-01
9.9819e-01
9.9607e-01
9.9578e-01
9.9573e-01
9.9609e-01
9.9570e-01
9.9625e-01
9.9560e-01
9.9641e-01
9.9591e-01
9.9530e-01
9.9571e-01
9.9577e-01
9.9615e-01
9.9586e-01
9.9614e-01
9.9526e-01
9.9706e-01
9.9618e-01
9.9566e-01
9.9520e-01
9.9733e-01
9.9587e-01
9.9575e-01
9.9537e-01
9.9650e-01
9.9438e-01
9.9592e-01
9.9396e-01
9.9565e-01
9.9511e-01
9.9578e-01
9.9577e-01
9.9473e-01
9.9631e-01
9.9525e-01
9.9632e-01
9.9551e-01
9.9612e-01
9.9631e-01
9.9517e-01
9.9665e-01
9.9675e-01
9.9668e-01
9.9647e-01
9.9591e-01
9.9722e-01
9.9525e-01
9.9657e-01
9.9754e-01
9.9650e-01
9.9581e-01
9.9522e-01
9.9613e-01
9.9723e-01
9.9777e-01
9.9636e-01
9.9541e-01
9.9617e-01
9.9653e-01
9.9483e-01
9.9511e-01
9.9709e-01
9.9613e-01
9.9520e-01
9.9540e-01
9.9874e-01
9.9588e-01
9.9542e-01
9.9538e-01
9.9620e-01
9.9754e-01
9.9605e-01
9.9721e-01
9.9532e-01
9.9560e-01
9.9659e-01
9.9646e-01
9.9706e-01
9.9528e-01
9.9739e-01
9.9431e-01
9.9702e-01
9.9631e-01
9.9652e-01
9.9585e-01
9.9485e-01
9.9598e-01
9.9751e-01
9.9659e-01
9.9634e-01
9.9653e-01
9.9532e-01
9.9609e-01
9.9333e-01
9.9682e-01
9.9661e-01
9.9737e-01
9.9607e-01
9.9542e-01
9.9566e-01
9.9495e-01
9.9526e-01
9.9724e-01
9.9553e-01
9.9523e-01
9.9653e-01
9.9530e-01
9.9411e-01
9.9594e-01
9.9616e-01
9.9527e-01
9.9605e-01
9.9783e-01
9.9533e-01
9.9619e-01
9.9666e-01
9.9475e-01
9.9571e-01
9.9593e-01
9.9703e-01
9.9612e-01
9.9508e-01
9.9460e-01
9.9568e-01
9.9751e-01
9.9817e-01
9.9526e-01
9.9526e-01
9.9754e-01
9.9521e-01
9.9625e-01
9.9586e-01
9.9600e-01
9.9730e-01
9.9692e-01
9.9755e-01
9.9286e-01
9.9735e-01
9.9726e-01
9.9450e-01
9.9537e-01
9.9536e-01
9.9595e-01
9.9593e-01
9.9712e-01
9.9520e-01
9.9661e-01
9.9513e-01
9.9531e-01
9.9668e-01
9.9593e-01
9.9491e-01
9.9553e-01
9.9519e-01
9.9461e-01
9.9701e-01
9.9681e-01
9.9552e-01
9.9500e-01
9.9613e-01
9.9611e-01
9.9502e-01
9.9768e-01
9.9545e-01
9.9762e-01
9.9665e-01
9.9637e-01
9.9648e-01
9.9718e-01
9.9649e-01
9.9507e-01
9.9575e-01
9.9352e-01
9.9726e-01
9.9677e-01
9.9527e-01
9.9510e-01
9.9635e-01
9.9773e-01
9.9619e-01
9.9557e-01
9.9491e-01
9.9526e-01
9.9751e-01
9.9587e-01
9.9614e-01
9.9684e-01
9.9753e-01
9.9633e-01
9.9689e-01
9.9472e-01
9.9622e-01
9.9719e-01
9.9776e-01
9.9476e-01
9.9499e-01
9.9476e-01
9.9599e-01
9.9691e-01
9.9715e-01
9.9617e-01
9.9625e-01
9.9489e-01
9.9621e-01
9.9490e-01
9.9545e-01
9.9637e-01
9.9673e-01
9.9600e-01
9.9687e-01
9.9689e-01
9.9741e-01
9.9541e-01
9.9539e-01
9.9661e-01
9.9603e-01
9.9444e-01
9.9615e-01
9.9475e-01
9.9725e-01
9.9764e-01
9.9650e-01
9.9541e-01
9.9536e-01
9.9661e-01
9.9547e-01
9.9490e-01
9.9732e-01
9.9660e-01
9.9698e-01
9.9482e-01
9.9706e-01
9.9443e-01
9.9668e-01
9.9447e-01
9.9676e-01
9.9621e-01
9.9567e-01
9.9731e-01
9.9573e-01
9.9721e-01
9.9609e-01
9.9440e-01
9.9550e-01
9.9693e-01
9.9690e-01
9.9492e-01
9.9596e-01
9.9439e-01
9.9711e-01
9.9472e-01
9.9587e-01
9.9606e-01
9.9487e-01
9.9507e-01
9.9525e-01
9.9642e-01
9.9666e-01
9.9571e-01
