9.9272e-01
9.9322e-01
9.9276e-01
9.9274e-01
9.9063e-01
9.9200e-01
9.8928e-01
9.9123e-01
9.8947e-01
9.9418e-01
9.8997e-01
9.9070e-01
9.9569e-01
9.9401e-01
9.9115e-01
9.9635e-01
9.9502e-01
9.9407e-01
9.9226e-01
9.9284e-01
9.9421e-01
9.9155e-01
9.9372e-01
9.9451e-01
9.9549e-01
9.9605e-01
9.9235e-01
9.9388e-01
9.9307e-01
9.9273e-01
9.9295e-01
9.9180e-01
9.8968e-01
9.9481e-01
9.9520e-01
9.8888e-01
9.9195e-01
9.9368e-01
9.9043e-01
9.9250e-01
9.9292e-01
9.9152e-01
9.9388e-01
9.9456e-01
9.9952e-01
9.9624e-01
9.9259e-01
9.9543e-01
9.9411e-01
9.9510e-01
9.9450e-01
9.9361e-01
9.9361e-01
9.9393e-01
9.9314e-01
9.9460e-01
9.9715e-01
9.9383e-01
9.9465e-01
9.9565e-01
9.9552e-01
9.9436e-01
9.9285e-01
9.9030e-01
9.9398e-01
9.9044e-01
9.9265e-01
9.9093e-01
9.9007e-01
9.9441e-01
9.9247e-01
9.9552e-01
9.9615e-01
9.9430e-01
9.9338e-01
9.9475e-01
9.9130e-01
9.8726e-01
9.9446e-01
9.9346e-01
9.9263e-01
9.9370e-01
9.9387e-01
9.9325e-01
9.9508e-01
9.9573e-01
9.9430e-01
9.9137e-01
9.9175e-01
9.9205e-01
9.9168e-01
9.9284e-01
9.9212e-01
9.9223e-01
9.9173e-01
9.9224e-01
9.9405e-01
9.9111e-01
9.9452e-01
9.9468e-01
9.9362e-01
9.9484e-01
9.9133e-01
9.9406e-01
9.9463e-01
9.8972e-01
9.9187e-01
9.9212e-01
9.9047e-01
9.9511e-01
9.9797e-01
9.9262e-01
9.9579e-01
9.8880e-01
9.9592e-01
9.9071e-01
9.9383e-01
9.9382e-01
9.9118e-01
9.9340e-01
9.8977e-01
9.9599e-01
9.9486e-01
9.9382e-01
9.9454e-01
9.9380e-01
9.9293e-01
9.8811e-01
9.9416e-01
9.9246e-01
9.9126e-01
9.9349e-01
9.9412e-01
9.9337e-01
9.9619e-01
9.9476e-01
9.9264e-01
9.9387e-01
9.9245e-01
9.9350e-01
9.9113e-01
9.9530e-01
9.9279e-01
9.9463e-01
9.9501e-01
9.9118e-01
9.9558e-01
9.9330e-01
9.8967e-01
9.9259e-01
9.9032e-01
9.9418e-01
9.9085e-01
9.9452e-01
9.9179e-01
9.9112e-01
9.9574e-01
9.9671e-01
9.9523e-01
9.9119e-01
9.9385e-01
9.9454e-01
9.9579e-01
9.9063e-01
9.9145e-01
9.8996e-01
9.9025e-01
9.9209e-01
9.9649e-01
9.9347e-01
9.9495e-01
9.9273e-01
9.9104e-01
9.9179e-01
9.9404e-01
9.9617e-01
9.9063e-01
9.9213e-01
9.9507e-01
9.9301e-01
9.9239e-01
9.8976e-01
9.9651e-01
9.9550e-01
9.9439e-01
9.9049e-01
9.9218e-01
9.9398e-01
9.9443e-01
9.9736e-01
9.9642e-01
9.9402e-01
9.9298e-01
9.9055e-01
9.9738e-01
9.9029e-01
9.9330e-01
9.9483e-01
9.8966e-01
9.9533e-01
9.9364e-01
9.9009e-01
9.9102e-01
9.9268e-01
9.9486e-01
9.9138e-01
9.9502e-01
9.9270e-01
9.9370e-01
9.9549e-01
9.9339e-01
9.9129e-01
9.9139e-01
9.9370e-01
9.9424e-01
9.9518e-01
9.9478e-01
9.9275e-01
9.9274e-01
9.9269e-01
9.9459e-01
9.9358e-01
9.9128e-01
9.9371e-01
9.9127e-01
9.9094e-01
9.9485e-01
9.9328e-01
9.9175e-01
9.8942e-01
9.9083e-01
9.9360e-01
9.9303e-01
9.9370e-01
9.9135e-01
9.9331e-01
9.9461e-01
9.9128e-01
9.9354e-01
9.9580e-01
9.9632e-01
9.9167e-01
9.9545e-01
9.9385e-01
9.9214e-01
9.9227e-01
9.9362e-01
9.9103e-01
9.9092e-01
9.9191e-01
9.9143e-01
9.9125e-01
9.8770e-01
9.9076e-01
9.9408e-01
9.9442e-01
9.9277e-01
9.9273e-01
9.9393e-01
9.8954e-01
9.9010e-01
9.9386e-01
1.0000e+00
9.9212e-01
9.9038e-01
9.9603e-01
9.9309e-01
9.9266e-01
9.9144e-01
9.9267e-01
9.9228e-01
9.9517e-01
9.8943e-01
9.9482e-01
9.9230e-01
9.9089e-01
9.9411e-01
9.9431e-01
9.9308e-01
9.9250e-01
9.9129e-01
9.9334e-01
9.9467e-01
9.9418e-01
9.9500e-01
9.9398e-01
9.9274e-01
9.9209e-01
9.8999e-01
9.9371e-01
9.9148e-01
9.9264e-01
9.9165e-01
9.8902e-01
9.9156e-01
9.9298e-01
9.9416e-01
9.9383e-01
9.9202e-01
9.9454e-01
9.9272e-01
9.9306e-01
9.9280e-01
9.9344e-01
9.9457e-01
9.9305e-01
9.9460e-01
9.9177e-01
9.9368e-01
9.9001e-01
9.9330e-01
9.9334e-01
9.9456e-01
9.9551e-01
9.9171e-01
9.9524e-01
9.9097e-01
9.9364e-01
9.9094e-01
9.9408e-01
9.9411e-01
9.9483e-01
9.9461e-01
9.8905e-01
9.9306e-01
9.9259e-01
9.9193e-01
9.9343e-01
9.9492e-01
9.9079e-01
9.9434e-01
9.9066e-01
9.9301e-01
9.9232e-01
9.9496e-01
9.9238e-01
9.9303e-01
9.9004e-01
9.9337e-01
9.9597e-01
9.9258e-01
9.8707e-01
9.9181e-01
9.9256e-01
9.9203e-01
9.9528e-01
9.9365e-01
9.9537e-01
9.9518e-01
9.9266e-01
9.9483e-01
9.9552e-01
9.9614e-01
9.9378e-01
9.9115e-01
9.9377e-01
9.9719e-01
9.9375e-01
9.9513e-01
9.8915e-01
9.9486e-01
9.9133e-01
9.9491e-01
9.9629e-01
9.9374e-01
9.9173e-01
9.9252e-01
9.9554e-01
9.8868e-01
9.9442e-01
9.9199e-01
9.9359e-01
9.9399e-01
9.9144e-01
9.9402e-01
9.9430e-01
9.9726e-01
9.9079e-01
9.9501e-01
9.9470e-01
9.9067e-01
9.9291e-01
9.9547e-01
9.9482e-01
9.9139e-01
9.9246e-01
9.9519e-01
9.9688e-01
9.9632e-01
9.9329e-01
9.9183e-01
9.9389e-01
9.9244e-01
9.9164e-01
9.9522e-01
9.9397e-01
9.9466e-01
9.9353e-01
9.9152e-01
9.8924e-01
9.9244e-01
9.8675e-01
9.9440e-01
9.9233e-01
9.9296e-01
9.9143e-01
9.9300e-01
9.9433e-01
9.9560e-01
9.9648e-01
9.9204e-01
9.9299e-01
9.9204e-01
9.9608e-01
9.9416e-01
9.9102e-01
9.9205e-01
9.9759e-01
9.9106e-01
9.9614e-01
9.9205e-01
9.9458e-01
9.9200e-01
9.9337e-01
9.9164e-01
9.9305e-01
9.9304e-01
9.9516e-01
9.9132e-01
9.9244e-01
9.9042e-01
9.8915e-01
9.9182e-01
9.9281e-01
9.9415e-01
9.9663e-01
9.9103e-01
9.9648e-01
9.9343e-01
9.9349e-01
9.9167e-01
9.9324e-01
9.9079e-01
9.9604e-01
9.9341e-01
9.9322e-01
9.9353e-01
9.9563e-01
9.9480e-01
9.9281e-01
9.9538e-01
9.9197e-01
9.9129e-01
9.9607e-01
9.9199e-01
9.9247e-01
9.9302e-01
9.9066e-01
9.9445e-01
9.9260e-01
9.9350e-01
9.9103e-01
9.9079e-01
9.9315e-01
9.9234e-01
9.9532e-01
9.9574e-01
9.9215e-01
9.9578e-01
9.9256e-01
9.9737e-01
9.9722e-01
9.9330e-01
9.9299e-01
9.9145e-01
9.9393e-01
9.9340e-01
9.9466e-01
9.9476e-01
9.9274e-01
9.9347e-01
9.9124e-01
9.9321e-01
9.9349e-01
9.9714e-01
9.9376e-01
9.8828e-01
9.9419e-01
9.9361e-01
9.9234e-01
9.9492e-01
9.9173e-01
9.9541e-01
9.9322e-01
9.9372e-01
9.9377e-01
9.9297e-01
9.9654e-01
9.9325e-01
9.9295e-01
9.9006e-01
9.9350e-01
9.9323e-01
9.9152e-01
9.9710e-01
9.9223e-01
9.9484e-01
9.9480e-01
9.8834e-01
9.9582e-01
9.8783e-01
9.9580e-01
9.9560e-01
9.9375e-01
9.9451e-01
9.9358e-01
9.9483e-01
9.9305e-01
9.8953e-01
9.9740e-01
9.9589e-01
9.9288e-01
9.9269e-01
9.9174e-01
9.9377e-01
9.9346e-01
9.9402e-01
9.9395e-01
9.9299e-01
9.9458e-01
9.9497e-01
9.9554e-01
9.8960e-01
9.9447e-01
9.9382e-01
9.9189e-01
9.9212e-01
9.9115e-01
9.9383e-01
9.9094e-01
9.9237e-01
9.9432e-01
9.9187e-01
9.9108e-01
9.9278e-01
9.9420e-01
9.9505e-01
9.9374e-01
9.9698e-01
9.9650e-01
9.9317e-01
9.9416e-01
9.9148e-01
9.9193e-01
9.9197e-01
9.9533e-01
9.9071e-01
9.9451e-01
9.9446e-01
9.9341e-01
9.9506e-01
9.9584e-01
9.9029e-01
9.9239e-01
9.9302e-01
9.9035e-01
9.9256e-01
9.9377e-01
9.9550e-01
9.9354e-01
9.9205e-01
9.9490e-01
9.9349e-01
9.9031e-01
9.9036e-01
9.9473e-01
9.9545e-01
9.9362e-01
9.9348e-01
9.9324e-01
9.9576e-01
9.8985e-01
9.9642e-01
9.9270e-01
9.9340e-01
9.9351e-01
9.9445e-01
9.9526e-01
9.9329e-01
9.9246e-01
9.9173e-01
9.9039e-01
9.9405e-01
9.9457e-01
9.9218e-01
9.9421e-01
9.9403e-01
9.9460e-01
9.9341e-01
9.9183e-01
9.9533e-01
9.9103e-01
9.9161e-01
9.9239e-01
9.8947e-01
9.9263e-01
9.9428e-01
9.9537e-01
9.9232e-01
9.9554e-01
9.9492e-01
9.9248e-01
9.9667e-01
9.9529e-01
9.9352e-01
9.9280e-01
9.9397e-01
9.9478e-01
9.9566e-01
9.9094e-01
9.9189e-01
9.9048e-01
9.9222e-01
9.9547e-01
9.9224e-01
9.9370e-01
9.9639e-01
9.9437e-01
9.9158e-01
9.9466e-01
9.9143e-01
9.9549e-01
9.9225e-01
9.9220e-01
9.9255e-01
9.9426e-01
9.9308e-01
9.9259e-01
9.9254e-01
9.9563e-01
9.9470e-01
9.9401e-01
9.9619e-01
9.9185e-01
9.9418e-01
9.9249e-01
9.9562e-01
9.9471e-01
9.9049e-01
9.9359e-01
9.9534e-01
9.9311e-01
9.9256e-01
9.9323e-01
9.9151e-01
9.9091e-01
9.9174e-01
9.9385e-01
9.9756e-01
9.9262e-01
9.9243e-01
9.9203e-01
9.8827e-01
9.8922e-01
9.9568e-01
9.9483e-01
9.8992e-01
9.9293e-01
9.9302e-01
9.9482e-01
9.9370e-01
9.9502e-01
9.9529e-01
9.9181e-01
9.9153e-01
9.9335e-01
9.9425e-01
9.9029e-01
9.9186e-01
9.9564e-01
9.9296e-01
9.9232e-01
9.9145e-01
9.8524e-01
9.9484e-01
9.9463e-01
9.9099e-01
9.9190e-01
9.9086e-01
9.9207e-01
9.9300e-01
9.9263e-01
9.8930e-01
9.9186e-01
9.9352e-01
9.9114e-01
9.9441e-01
9.9015e-01
9.9328e-01
9.9044e-01
9.9406e-01
9.9446e-01
9.9563e-01
9.9166e-01
9.9416e-01
9.9412e-01
9.9364e-01
9.9588e-01
9.9020e-01
9.9333e-01
9.9564e-01
9.9415e-01
9.9046e-01
9.9059e-01
9.9575e-01
9.9521e-01
9.9187e-01
9.9072e-01
9.9364e-01
9.9235e-01
9.9201e-01
9.9259e-01
9.9648e-01
9.9379e-01
9.9255e-01
9.9501e-01
9.9337e-01
9.9143e-01
9.9426e-01
9.9440e-01
9.9732e-01
9.9472e-01
9.9638e-01
9.9351e-01
9.9256e-01
9.9672e-01
9.8973e-01
9.9180e-01
9.9565e-01
9.9346e-01
9.9268e-01
9.9360e-01
9.9615e-01
9.9318e-01
9.9330e-01
9.9335e-01
9.9029e-01
9.9138e-01
9.8930e-01
9.9581e-01
9.9492e-01
9.9034e-01
9.9284e-01
9.9348e-01
9.9133e-01
9.9104e-01
9.9195e-01
9.9137e-01
9.9377e-01
9.9426e-01
9.9650e-01
9.9041e-01
9.9355e-01
9.9403e-01
9.9033e-01
9.9420e-01
9.9313e-01
9.9409e-01
9.9253e-01
9.8989e-01
9.9634e-01
9.9403e-01
9.8853e-01
9.9218e-01
9.9223e-01
9.9228e-01
9.9352e-01
9.9508e-01
9.9489e-01
9.9203e-01
9.8957e-01
9.9320e-01
9.9073e-01
9.9284e-01
9.9010e-01
9.9109e-01
9.9108e-01
9.9199e-01
9.9136e-01
9.9080e-01
9.9586e-01
9.8981e-01
9.9370e-01
9.9333e-01
9.9541e-01
9.9497e-01
9.9533e-01
9.9031e-01
9.9558e-01
9.9352e-01
9.9337e-01
9.9372e-01
9.9404e-01
9.9319e-01
9.9537e-01
9.9249e-01
9.9159e-01
9.9485e-01
9.9147e-01
9.9133e-01
9.9156e-01
9.9193e-01
9.9368e-01
9.9362e-01
9.9412e-01
9.9158e-01
9.9358e-01
9.9171e-01
9.9563e-01
9.9204e-01
9.9410e-01
9.9236e-01
9.9687e-01
9.9430e-01
9.9461e-01
9.9153e-01
9.9616e-01
9.9155e-01
9.9280e-01
9.8922e-01
9.9356e-01
9.9317e-01
9.9645e-01
9.9557e-01
9.9192e-01
9.9082e-01
9.9076e-01
9.9373e-01
9.9251e-01
9.9308e-01
9.8876e-01
9.9159e-01
9.9336e-01
9.9445e-01
9.9200e-01
9.9213e-01
9.9211e-01
9.9228e-01
9.9425e-01
9.9075e-01
9.9163e-01
9.9165e-01
9.9596e-01
9.9225e-01
9.9346e-01
9.9412e-01
9.9241e-01
9.9085e-01
9.9258e-01
9.9145e-01
9.9186e-01
9.9379e-01
9.9469e-01
9.9317e-01
9.9491e-01
9.8905e-01
9.9259e-01
9.9288e-01
9.9296e-01
9.9223e-01
9.9510e-01
9.9578e-01
9.9133e-01
9.9386e-01
9.9045e-01
9.8939e-01
9.9286e-01
9.9299e-01
9.9353e-01
9.9470e-01
9.9398e-01
9.9331e-01
9.9338e-01
9.8859e-01
9.9161e-01
9.9342e-01
9.9060e-01
9.9360e-01
9.9323e-01
9.9391e-01
9.9309e-01
9.9006e-01
9.9444e-01
9.9006e-01
9.8885e-01
9.9550e-01
9.9139e-01
9.9243e-01
9.9396e-01
9.9131e-01
9.9510e-01
9.9350e-01
9.9265e-01
9.8981e-01
9.9181e-01
9.9356e-01
9.8970e-01
9.9121e-01
9.9672e-01
9.9358e-01
9.9185e-01
9.9201e-01
9.9398e-01
9.9425e-01
9.9374e-01
9.9325e-01
9.8997e-01
9.9231e-01
9.9494e-01
9.9283e-01
9.9272e-01
9.9363e-01
9.9393e-01
9.9455e-01
9.9536e-01
9.9443e-01
9.9382e-01
9.9359e-01
9.9331e-01
9.9337e-01
9.9469e-01
9.9334e-01
9.9035e-01
9.9128e-01
9.9455e-01
9.9435e-01
9.9647e-01
9.9266e-01
9.9524e-01
9.9101e-01
9.9685e-01
9.9449e-01
9.9107e-01
9.9393e-01
9.9260e-01
9.9061e-01
9.9209e-01
9.9225e-01
9.9684e-01
9.9333e-01
9.9651e-01
9.9442e-01
9.8697e-01
9.9383e-01
9.9286e-01
9.9329e-01
9.9117e-01
9.9243e-01
9.8918e-01
9.9117e-01
9.9350e-01
9.9171e-01
9.9552e-01
9.9316e-01
9.9235e-01
9.9591e-01
9.9481e-01
9.9416e-01
9.9760e-01
9.9275e-01
9.9376e-01
9.9351e-01
9.9217e-01
9.9204e-01
9.9449e-01
9.9396e-01
9.9406e-01
9.9279e-01
9.8963e-01
9.8984e-01
9.9129e-01
9.9327e-01
9.8915e-01
9.9099e-01
9.9366e-01
9.9640e-01
9.9338e-01
9.8847e-01
9.9546e-01
9.9201e-01
9.9582e-01
9.8830e-01
9.9190e-01
9.9000e-01
9.9162e-01
9.9417e-01
9.9242e-01
9.9443e-01
9.9083e-01
9.9166e-01
