9.1444e-01
9.1563e-01
9.1432e-01
9.1470e-01
9.1436e-01
9.1501e-01
9.1581e-01
9.1574e-01
9.1641e-01
9.1632e-01
9.1549e-01
9.1516e-01
9.1859e-01
9.1482e-01
9.1640e-01
9.1497e-01
9.1558e-01
9.1712e-01
9.1508e-01
9.1396e-01
9.1329e-01
9.1575e-01
9.1509e-01
9.1424e-01
9.1546e-01
9.1584e-01
9.1415e-01
9.1584e-01
9.1414e-01
9.1373e-01
9.1588e-01
9.1599e-01
9.1467e-01
9.1517e-01
9.1379e-01
9.1410e-01
9.1353e-01
9.1600e-01
9.1255e-01
9.1560e-01
9.1551e-01
9.1493e-01
9.1347e-01
9.1562e-01
9.1620e-01
9.1634e-01
9.1441e-01
9.1541e-01
9.1370e-01
9.1441e-01
9.1451e-01
9.1513e-01
9.1666e-01
9.1433e-01
9.1333e-01
9.1658e-01
9.1462e-01
9.1448e-01
9.1329e-01
9.1580e-01
9.1489e-01
9.1529e-01
9.1668e-01
9.1438e-01
9.1566e-01
9.1380e-01
9.1585e-01
9.1656e-01
9.1450e-01
9.1666e-01
9.1283e-01
9.1410e-01
9.1556e-01
9.1632e-01
9.1410e-01
9.1436e-01
9.1636e-01
9.1326e-01
9.1360e-01
9.1575e-01
9.1479e-01
9.1582e-01
9.1488e-01
9.1762e-01
9.1640e-01
9.1531e-01
9.1527e-01
9.1446e-01
9.1488e-01
9.1564e-01
9.1758e-01
9.1366e-01
9.1536e-01
9.1610e-01
9.1537e-01
9.1590e-01
9.1404e-01
9.1452e-01
9.1586e-01
9.1542e-01
9.1627e-01
9.1506e-01
9.1505e-01
9.1659e-01
9.1325e-01
9.1505e-01
9.1735e-01
9.1657e-01
9.1583e-01
9.1456e-01
9.1672e-01
9.1664e-01
9.1696e-01
9.1488e-01
9.1547e-01
9.1420e-01
9.1595e-01
9.1550e-01
9.1398e-01
9.1593e-01
9.1414e-01
9.1542e-01
9.1395e-01
9.1557e-01
9.1689e-01
9.1521e-01
9.1610e-01
9.1477e-01
9.1587e-01
9.1709e-01
9.1454e-01
9.1610e-01
9.1286e-01
9.1691e-01
9.1565e-01
9.1547e-01
9.1525e-01
9.1488e-01
9.1382e-01
9.1486e-01
9.1480e-01
9.1653e-01
9.1431e-01
9.1561e-01
9.1511e-01
9.1638e-01
9.1616e-01
9.1468e-01
9.1432e-01
9.1348e-01
9.1471e-01
9.1449e-01
9.1733e-01
9.1503e-01
9.1797e-01
9.1355e-01
9.1423e-01
9.1517e-01
9.1377e-01
9.1820e-01
9.1660e-01
9.1576e-01
9.1419e-01
9.1484e-01
9.1463e-01
9.1692e-01
9.1390e-01
9.1488e-01
9.1651e-01
9.1506e-01
9.1530e-01
9.1524e-01
9.1493e-01
9.1704e-01
9.1314e-01
9.1728e-01
9.1433e-01
9.1481e-01
9.1494e-01
9.1723e-01
9.1563e-01
9.1630e-01
9.1467e-01
9.1439e-01
9.1710e-01
9.1562e-01
9.1627e-01
9.1487e-01
9.1686e-01
9.1575e-01
9.1484e-01
9.1548e-01
9.1649e-01
9.1710e-01
9.1514e-01
9.1631e-01
9.1597e-01
9.1486e-01
9.1621e-01
9.1458e-01
9.1641e-01
9.1542e-01
9.1576e-01
9.1548e-01
9.1509e-01
9.1666e-01
9.1429e-01
9.1580e-01
9.1642e-01
9.1470e-01
9.1533e-01
9.1575e-01
9.1483e-01
9.1528e-01
9.1444e-01
9.1446e-01
9.1701e-01
9.1549e-01
9.1736e-01
9.1321e-01
9.1641e-01
9.1566e-01
9.1541e-01
9.1612e-01
9.1514e-01
9.1660e-01
9.1560e-01
9.1569e-01
9.1508e-01
9.1509e-01
9.1843e-01
9.1378e-01
9.1397e-01
9.1688e-01
9.1235e-01
9.1512e-01
9.1655e-01
9.1546e-01
9.1603e-01
9.1593e-01
9.1682e-01
9.1477e-01
9.1440e-01
9.1447e-01
9.1374e-01
9.1623e-01
9.1632e-01
9.1355e-01
9.1513e-01
9.1264e-01
9.1599e-01
9.1572e-01
9.1554e-01
9.1648e-01
9.1600e-01
9.1476e-01
9.1693e-01
9.1491e-01
9.1741e-01
9.1454e-01
9.1472e-01
9.1554e-01
9.1529e-01
9.1598e-01
9.1509e-01
9.1528e-01
9.1642e-01
9.1605e-01
9.1699e-01
9.1595e-01
9.1458e-01
9.1593e-01
9.1554e-01
9.1228e-01
9.1544e-01
9.1590e-01
9.1871e-01
9.1434e-01
9.1334e-01
9.1592e-01
9.1448e-01
9.1482e-01
9.1320e-01
9.1689e-01
9.1503e-01
9.1496e-01
9.1499e-01
9.1630e-01
9.1716e-01
9.1510e-01
9.1815e-01
9.1712e-01
9.1529e-01
9.1519e-01
9.1674e-01
9.1530e-01
9.1421e-01
9.1472e-01
9.1258e-01
9.1484e-01
9.1436e-01
9.1583e-01
9.1675e-01
9.1467e-01
9.1574e-01
9.1506e-01
9.1727e-01
9.1594e-01
9.1481e-01
9.1685e-01
9.1359e-01
9.1428e-01
9.1519e-01
9.1585e-01
9.1541e-01
9.1735e-01
9.1511e-01
9.1572e-01
9.1374e-01
9.1638e-01
9.1662e-01
9.1650e-01
9.1625e-01
9.1505e-01
9.1490e-01
9.1728e-01
9.1689e-01
9.1403e-01
9.1579e-01
9.1664e-01
9.1595e-01
9.1562e-01
9.1444e-01
9.1650e-01
9.1653e-01
9.1540e-01
9.1524e-01
9.1548e-01
9.1586e-01
9.1251e-01
9.1279e-01
9.1316e-01
9.1636e-01
9.1600e-01
9.1534e-01
9.1523e-01
9.1496e-01
9.1431e-01
9.1672e-01
9.1538e-01
9.1606e-01
9.1437e-01
9.1349e-01
9.1394e-01
9.1405e-01
9.1433e-01
9.1869e-01
9.1661e-01
9.1767e-01
9.1576e-01
9.1554e-01
9.1459e-01
9.1516e-01
9.1443e-01
9.1333e-01
9.1780e-01
9.1466e-01
9.1430e-01
9.1555e-01
9.1521e-01
9.1584e-01
9.1658e-01
9.1491e-01
9.1411e-01
9.1500e-01
9.1198e-01
9.1345e-01
9.1320e-01
9.1558e-01
9.1723e-01
9.1447e-01
9.1469e-01
9.1347e-01
9.1440e-01
9.1568e-01
9.1649e-01
9.1503e-01
9.1461e-01
9.1497e-01
9.1678e-01
9.1613e-01
9.1486e-01
9.1486e-01
9.1539e-01
9.1478e-01
9.1653e-01
9.1395e-01
9.1510e-01
9.1319e-01
9.1358e-01
9.1543e-01
9.1365e-01
9.1365e-01
9.1602e-01
9.1686e-01
9.1470e-01
9.1506e-01
9.1756e-01
9.1524e-01
9.1484e-01
9.1518e-01
9.1364e-01
9.1380e-01
9.1732e-01
9.1405e-01
9.1368e-01
9.1336e-01
9.1539e-01
9.1652e-01
9.1449e-01
9.1563e-01
9.1341e-01
9.1567e-01
9.1545e-01
9.1585e-01
9.1265e-01
9.1464e-01
9.1594e-01
9.1552e-01
9.1772e-01
9.1489e-01
9.1739e-01
9.1268e-01
9.1423e-01
9.1488e-01
9.1352e-01
9.1471e-01
9.1338e-01
9.1552e-01
9.1507e-01
9.1698e-01
9.1471e-01
9.1639e-01
9.1600e-01
9.1518e-01
9.1541e-01
9.1646e-01
9.1460e-01
9.1569e-01
9.1514e-01
9.1642e-01
9.1433e-01
9.1818e-01
9.1366e-01
9.1262e-01
9.1635e-01
9.1386e-01
9.1448e-01
9.1610e-01
9.1967e-01
9.1512e-01
9.1589e-01
9.1383e-01
9.1520e-01
9.1321e-01
9.1589e-01
9.1825e-01
9.1653e-01
9.1560e-01
9.1618e-01
9.1511e-01
9.1387e-01
9.1457e-01
9.1515e-01
9.1289e-01
9.1539e-01
9.1692e-01
9.1354e-01
9.1679e-01
9.1420e-01
9.1468e-01
9.1598e-01
9.1599e-01
9.1519e-01
9.1346e-01
9.1530e-01
9.1565e-01
9.1511e-01
9.1344e-01
9.1536e-01
9.1440e-01
9.1523e-01
9.1571e-01
9.1724e-01
9.1661e-01
9.1418e-01
9.1433e-01
9.1361e-01
9.1464e-01
9.1621e-01
9.1479e-01
9.1587e-01
9.1573e-01
9.1388e-01
9.1671e-01
9.1397e-01
9.1499e-01
9.1463e-01
9.1443e-01
9.1517e-01
9.1463e-01
9.1449e-01
9.1687e-01
9.1719e-01
9.1558e-01
9.1302e-01
9.1545e-01
9.1605e-01
9.1573e-01
9.1491e-01
9.1696e-01
9.1691e-01
9.1368e-01
9.1548e-01
9.1635e-01
9.1617e-01
9.1315e-01
9.1518e-01
9.1636e-01
9.1158e-01
9.1590e-01
9.1534e-01
9.1427e-01
9.1478e-01
9.1411e-01
9.1441e-01
9.1418e-01
9.1463e-01
9.1498e-01
9.1519e-01
9.1422e-01
9.1707e-01
9.1597e-01
9.1495e-01
9.1485e-01
9.1608e-01
9.1464e-01
9.1364e-01
9.1537e-01
9.1536e-01
9.1483e-01
9.1517e-01
9.1518e-01
9.1650e-01
9.1632e-01
9.1444e-01
9.1208e-01
9.1647e-01
9.1407e-01
9.1654e-01
9.1416e-01
9.1543e-01
9.1623e-01
9.1327e-01
9.1598e-01
9.1771e-01
9.1622e-01
9.1587e-01
9.1576e-01
9.1636e-01
9.1528e-01
9.1384e-01
9.1406e-01
9.1263e-01
9.1544e-01
9.1631e-01
9.1595e-01
9.1704e-01
9.1406e-01
9.1385e-01
9.1584e-01
9.1591e-01
9.1682e-01
9.1537e-01
9.1466e-01
9.1562e-01
9.1664e-01
9.1423e-01
9.1570e-01
9.1391e-01
9.1620e-01
9.1455e-01
9.1429e-01
9.1556e-01
9.1701e-01
9.1643e-01
9.1349e-01
9.1780e-01
9.1475e-01
9.1309e-01
9.1512e-01
9.1491e-01
9.1628e-01
9.1588e-01
9.1492e-01
9.1404e-01
9.1548e-01
9.1365e-01
9.1569e-01
9.1481e-01
9.1443e-01
9.1686e-01
9.1349e-01
9.1727e-01
9.1564e-01
9.1553e-01
9.1691e-01
9.1433e-01
9.1690e-01
9.1676e-01
9.1369e-01
9.1640e-01
9.1361e-01
9.1328e-01
9.1678e-01
9.1718e-01
9.1623e-01
9.1552e-01
9.1301e-01
9.1681e-01
9.1374e-01
9.1693e-01
9.1433e-01
9.1689e-01
9.1724e-01
9.1728e-01
9.1357e-01
9.1407e-01
9.1544e-01
9.1517e-01
9.1577e-01
9.1680e-01
9.1434e-01
9.1480e-01
9.1477e-01
9.1483e-01
9.1578e-01
9.1380e-01
9.1489e-01
9.1540e-01
9.1593e-01
9.1570e-01
9.1476e-01
9.1378e-01
9.1532e-01
9.1447e-01
9.1437e-01
9.1435e-01
9.1558e-01
9.1698e-01
9.1569e-01
9.1568e-01
9.1568e-01
9.1676e-01
9.1578e-01
9.1556e-01
9.1516e-01
9.1658e-01
9.1496e-01
9.1660e-01
9.1471e-01
9.1534e-01
9.1424e-01
9.1511e-01
9.1506e-01
9.1520e-01
9.1578e-01
9.1524e-01
9.1752e-01
9.1439e-01
9.1520e-01
9.1532e-01
9.1399e-01
9.1563e-01
9.1398e-01
9.1307e-01
9.1520e-01
9.1306e-01
9.1566e-01
9.1585e-01
9.1404e-01
9.1601e-01
9.1436e-01
9.1633e-01
9.1475e-01
9.1398e-01
9.1584e-01
9.1413e-01
9.1448e-01
9.1625e-01
9.1694e-01
9.1731e-01
9.1448e-01
9.1416e-01
9.1735e-01
9.1439e-01
9.1543e-01
9.1507e-01
9.1530e-01
9.1575e-01
9.1503e-01
9.1652e-01
9.1265e-01
9.1651e-01
9.1447e-01
9.1522e-01
9.1800e-01
9.1418e-01
9.1659e-01
9.1513e-01
9.1473e-01
9.1399e-01
9.1730e-01
9.1544e-01
9.1464e-01
9.1624e-01
9.1510e-01
9.1417e-01
9.1287e-01
9.1532e-01
9.1818e-01
9.1316e-01
9.1556e-01
9.1569e-01
9.1738e-01
9.1632e-01
9.1591e-01
9.1335e-01
9.1532e-01
9.1435e-01
9.1572e-01
9.1625e-01
9.1796e-01
9.1509e-01
9.1464e-01
9.1661e-01
9.1631e-01
9.1592e-01
9.1637e-01
9.1622e-01
9.1468e-01
9.1609e-01
9.1311e-01
9.1485e-01
9.1480e-01
9.1551e-01
9.1329e-01
9.1780e-01
9.1504e-01
9.1478e-01
9.1399e-01
9.1553e-01
9.1398e-01
9.1529e-01
9.1671e-01
9.1428e-01
9.1617e-01
9.1713e-01
9.1547e-01
9.1522e-01
9.1568e-01
9.1549e-01
9.1330e-01
9.1446e-01
9.1413e-01
9.1460e-01
9.1400e-01
9.1570e-01
9.1606e-01
9.1423e-01
9.1615e-01
9.1596e-01
9.1500e-01
9.1591e-01
9.1635e-01
9.1523e-01
9.1453e-01
9.1689e-01
9.1517e-01
9.1559e-01
9.1508e-01
9.1612e-01
9.1492e-01
9.1370e-01
9.1761e-01
9.1697e-01
9.1477e-01
9.1555e-01
9.1631e-01
9.1474e-01
9.1556e-01
9.1479e-01
9.1455e-01
9.1582e-01
9.1649e-01
9.1500e-01
9.1448e-01
9.1429e-01
9.1586e-01
9.1370e-01
9.1552e-01
9.1595e-01
9.1710e-01
9.1755e-01
9.1531e-01
9.1391e-01
9.1655e-01
9.1532e-01
9.1347e-01
9.1492e-01
9.1660e-01
9.1590e-01
9.1491e-01
9.1520e-01
9.1470e-01
9.1652e-01
9.1508e-01
9.1540e-01
9.1404e-01
9.1560e-01
9.1490e-01
9.1387e-01
9.1486e-01
9.1427e-01
9.1582e-01
9.1443e-01
9.1632e-01
9.1521e-01
9.1706e-01
9.1617e-01
9.1594e-01
9.1396e-01
9.1546e-01
9.1581e-01
9.1562e-01
9.1480e-01
9.1689e-01
9.1516e-01
9.1812e-01
9.1486e-01
9.1439e-01
9.1352e-01
9.1718e-01
9.1746e-01
9.1670e-01
9.1662e-01
9.1717e-01
9.1601e-01
9.1763e-01
9.1581e-01
9.1675e-01
9.1436e-01
9.1469e-01
9.1447e-01
9.1463e-01
9.1382e-01
9.1386e-01
9.1559e-01
9.1508e-01
9.1705e-01
9.1656e-01
9.1367e-01
9.1457e-01
9.1660e-01
9.1644e-01
9.1553e-01
9.1657e-01
9.1485e-01
9.1515e-01
9.1724e-01
9.1583e-01
9.1376e-01
9.1343e-01
9.1375e-01
9.1622e-01
9.1444e-01
9.1564e-01
9.1694e-01
9.1604e-01
9.1431e-01
9.1606e-01
9.1461e-01
9.1400e-01
9.1753e-01
9.1467e-01
9.1592e-01
9.1447e-01
9.1653e-01
9.1352e-01
9.1681e-01
9.1445e-01
9.1688e-01
9.1454e-01
9.1517e-01
9.1383e-01
9.1530e-01
9.1502e-01
9.1511e-01
9.1685e-01
9.1553e-01
9.1563e-01
9.1643e-01
9.1499e-01
9.1584e-01
9.1679e-01
9.1483e-01
9.1598e-01
9.1569e-01
9.1732e-01
9.1514e-01
9.1663e-01
9.1599e-01
9.1395e-01
9.1705e-01
9.1290e-01
9.1717e-01
9.1567e-01
9.1294e-01
9.1448e-01
9.1475e-01
9.1530e-01
9.1464e-01
9.1504e-01
9.1632e-01
9.1391e-01
9.1423e-01
9.1219e-01
9.1573e-01
9.1693e-01
9.1413e-01
9.1664e-01
9.1517e-01
9.1363e-01
9.1497e-01
9.1368e-01
9.1706e-01
9.1519e-01
9.1427e-01
9.1535e-01
9.1585e-01
9.1342e-01
9.1664e-01
9.1721e-01
9.1469e-01
9.1511e-01
9.1593e-01
9.1274e-01
9.1335e-01
9.1369e-01
9.1627e-01
9.1344e-01
9.1448e-01
9.1564e-01
9.1577e-01
9.1584e-01
9.1507e-01
9.1324e-01
9.1517e-01
9.1793e-01
9.1565e-01
9.1546e-01
9.1563e-01
9.1644e-01
9.1619e-01
9.1569e-01
9.1447e-01
9.1610e-01
9.1659e-01
9.1464e-01
9.1542e-01
9.1325e-01
9.1592e-01
9.1478e-01
9.1608e-01
9.1534e-01
9.1482e-01
9.1568e-01
9.1479e-01
9.1594e-01
9.1380e-01
9.1459e-01
9.1653e-01
9.1483e-01
9.1426e-01
9.1711e-01
9.1562e-01
9.1527e-01
9.1412e-01
9.1595e-01
9.1461e-01
