9.1752e-01
9.2071e-01
9.2041e-01
9.1737e-01
9.1935e-01
9.2123e-01
9.2012e-01
9.1876e-01
9.2082e-01
9.1883e-01
9.1940e-01
9.1958e-01
9.1973e-01
9.2164e-01
9.1883e-01
9.1871e-01
9.1958e-01
9.2097e-01
9.1932e-01
9.2018e-01
9.2014e-01
9.2081e-01
9.2001e-01
9.1888e-01
9.2281e-01
9.1922e-01
9.2172e-01
9.1842e-01
9.2005e-01
9.2114e-01
9.1919e-01
9.1878e-01
9.1956e-01
9.1982e-01
9.2065e-01
9.1835e-01
9.1966e-01
9.2031e-01
9.2001e-01
9.1910e-01
9.1707e-01
9.1743e-01
9.2040e-01
9.2064e-01
9.1901e-01
9.2028e-01
9.1829e-01
9.1978e-01
9.1823e-01
9.1873e-01
9.1790e-01
9.2009e-01
9.1851e-01
9.1945e-01
9.1995e-01
9.1872e-01
9.2046e-01
9.1994e-01
9.1822e-01
9.1906e-01
9.1824e-01
9.1812e-01
9.1949e-01
9.1921e-01
9.1998e-01
9.1807e-01
9.1959e-01
9.2079e-01
9.1935e-01
9.1803e-01
9.2040e-01
9.1911e-01
9.1895e-01
9.2065e-01
9.2009e-01
9.1939e-01
9.1820e-01
9.1891e-01
9.2146e-01
9.1881e-01
9.1969e-01
9.1751e-01
9.1904e-01
9.1944e-01
9.1999e-01
9.1879e-01
9.1897e-01
9.1951e-01
9.1842e-01
9.1902e-01
9.1949e-01
9.1992e-01
9.2093e-01
9.1976e-01
9.2059e-01
9.2100e-01
9.2085e-01
9.1936e-01
9.1916e-01
9.1905e-01
9.2062e-01
9.1989e-01
9.1902e-01
9.2083e-01
9.1957e-01
9.1986e-01
9.1940e-01
9.1980e-01
9.1927e-01
9.2097e-01
9.1957e-01
9.2104e-01
9.2037e-01
9.1917e-01
9.2194e-01
9.1705e-01
9.2034e-01
9.2118e-01
9.2044e-01
9.2007e-01
9.1877e-01
9.1956e-01
9.2197e-01
9.2014e-01
9.1902e-01
9.1837e-01
9.2005e-01
9.1955e-01
9.2049e-01
9.2018e-01
9.1929e-01
9.1828e-01
9.1967e-01
9.1792e-01
9.2101e-01
9.1957e-01
9.1949e-01
9.2056e-01
9.2045e-01
9.1886e-01
9.2101e-01
9.1934e-01
9.2079e-01
9.2152e-01
9.1915e-01
9.2092e-01
9.1862e-01
9.2048e-01
9.1893e-01
9.1872e-01
9.2012e-01
9.1962e-01
9.2041e-01
9.1969e-01
9.2037e-01
9.2030e-01
9.2060e-01
9.2038e-01
9.1797e-01
9.1943e-01
9.1906e-01
9.1990e-01
9.1912e-01
9.2066e-01
9.2243e-01
9.1756e-01
9.1918e-01
9.1928e-01
9.1772e-01
9.2149e-01
9.2096e-01
9.2046e-01
9.2001e-01
9.1828e-01
9.2037e-01
9.2097e-01
9.1903e-01
9.1870e-01
9.2086e-01
9.1983e-01
9.1968e-01
9.1970e-01
9.1932e-01
9.2135e-01
9.1799e-01
9.2050e-01
9.1852e-01
9.1935e-01
9.2006e-01
9.2145e-01
9.2103e-01
9.2033e-01
9.1904e-01
9.1893e-01
9.1986e-01
9.1953e-01
9.1976e-01
9.1970e-01
9.2040e-01
9.1973e-01
9.2024e-01
9.2003e-01
9.2018e-01
9.2102e-01
9.2014e-01
9.2168e-01
9.2014e-01
9.1978e-01
9.1784e-01
9.1991e-01
9.1954e-01
9.2086e-01
9.1894e-01
9.1908e-01
9.1971e-01
9.2020e-01
9.1953e-01
9.2119e-01
9.1957e-01
9.1963e-01
9.2100e-01
9.1967e-01
9.2062e-01
9.1804e-01
9.1871e-01
9.2072e-01
9.2046e-01
9.1912e-01
9.2057e-01
9.1999e-01
9.1959e-01
9.2003e-01
9.1988e-01
9.1926e-01
9.2135e-01
9.2056e-01
9.1896e-01
9.1934e-01
9.1884e-01
9.2049e-01
9.1823e-01
9.1866e-01
9.1931e-01
9.1834e-01
9.1889e-01
9.2033e-01
9.2050e-01
9.2000e-01
9.2147e-01
9.2158e-01
9.1915e-01
9.1872e-01
9.1982e-01
9.1860e-01
9.2142e-01
9.2019e-01
9.1824e-01
9.1859e-01
9.1799e-01
9.1986e-01
9.2107e-01
9.2044e-01
9.1987e-01
9.2023e-01
9.1890e-01
9.1973e-01
9.1939e-01
9.2106e-01
9.1923e-01
9.1941e-01
9.2014e-01
9.2094e-01
9.1970e-01
9.1976e-01
9.2002e-01
9.2039e-01
9.2091e-01
9.2023e-01
9.1825e-01
9.1931e-01
9.2124e-01
9.1821e-01
9.1735e-01
9.1971e-01
9.1928e-01
9.2093e-01
9.1919e-01
9.1895e-01
9.2120e-01
9.2024e-01
9.1999e-01
9.1805e-01
9.2006e-01
9.1853e-01
9.1922e-01
9.2050e-01
9.1945e-01
9.2155e-01
9.2032e-01
9.2096e-01
9.2210e-01
9.1845e-01
9.2069e-01
9.2056e-01
9.1662e-01
9.1967e-01
9.1743e-01
9.1780e-01
9.1907e-01
9.1932e-01
9.2034e-01
9.1907e-01
9.1992e-01
9.2187e-01
9.1985e-01
9.2029e-01
9.1839e-01
9.1895e-01
9.2078e-01
9.1821e-01
9.2020e-01
9.2037e-01
9.1891e-01
9.2101e-01
9.1920e-01
9.1894e-01
9.1971e-01
9.1965e-01
9.2043e-01
9.2084e-01
9.1961e-01
9.1909e-01
9.1871e-01
9.2161e-01
9.2043e-01
9.2065e-01
9.1955e-01
9.1988e-01
9.2065e-01
9.2013e-01
9.1929e-01
9.2084e-01
9.1991e-01
9.1939e-01
9.1960e-01
9.1929e-01
9.1917e-01
9.1718e-01
9.1648e-01
9.1869e-01
9.2021e-01
9.2055e-01
9.1966e-01
9.1896e-01
9.1900e-01
9.1818e-01
9.2085e-01
9.1929e-01
9.1988e-01
9.1803e-01
9.1799e-01
9.1912e-01
9.1871e-01
9.2067e-01
9.2217e-01
9.2104e-01
9.2204e-01
9.1983e-01
9.2079e-01
9.1899e-01
9.1982e-01
9.1831e-01
9.1919e-01
9.2200e-01
9.1867e-01
9.1988e-01
9.1788e-01
9.1940e-01
9.2122e-01
9.2046e-01
9.1878e-01
9.1970e-01
9.1891e-01
9.1658e-01
9.1740e-01
9.1765e-01
9.2078e-01
9.1892e-01
9.1974e-01
9.1921e-01
9.1656e-01
9.1966e-01
9.1907e-01
9.1929e-01
9.2015e-01
9.1971e-01
9.1980e-01
9.2122e-01
9.1885e-01
9.2144e-01
9.1848e-01
9.1965e-01
9.2051e-01
9.1905e-01
9.2006e-01
9.1762e-01
9.1846e-01
9.1834e-01
9.1859e-01
9.1908e-01
9.1854e-01
9.2133e-01
9.1956e-01
9.1804e-01
9.2177e-01
9.1955e-01
9.1959e-01
9.1963e-01
9.1730e-01
9.1788e-01
9.2140e-01
9.1892e-01
9.1870e-01
9.1779e-01
9.1947e-01
9.2155e-01
9.1902e-01
9.2089e-01
9.1853e-01
9.2029e-01
9.1941e-01
9.2012e-01
9.1539e-01
9.2012e-01
9.1931e-01
9.1922e-01
9.2052e-01
9.2134e-01
9.1985e-01
9.1717e-01
9.1860e-01
9.1879e-01
9.1793e-01
9.1830e-01
9.1840e-01
9.1956e-01
9.2022e-01
9.1888e-01
9.2175e-01
9.1864e-01
9.1965e-01
9.2068e-01
9.2038e-01
9.2073e-01
9.1901e-01
9.1952e-01
9.2043e-01
9.1983e-01
9.2140e-01
9.1931e-01
9.1705e-01
9.1998e-01
9.1840e-01
9.1917e-01
9.1956e-01
9.2200e-01
9.2192e-01
9.1904e-01
9.1923e-01
9.1871e-01
9.1912e-01
9.1793e-01
9.2149e-01
9.2190e-01
9.2127e-01
9.2129e-01
9.1967e-01
9.1821e-01
9.1896e-01
9.2093e-01
9.1730e-01
9.1959e-01
9.2026e-01
9.2059e-01
9.1993e-01
9.1896e-01
9.1858e-01
9.2041e-01
9.2161e-01
9.1983e-01
9.2015e-01
9.1864e-01
9.1915e-01
9.1977e-01
9.1770e-01
9.2014e-01
9.1777e-01
9.1853e-01
9.1851e-01
9.2183e-01
9.2019e-01
9.1909e-01
9.1969e-01
9.1812e-01
9.1821e-01
9.2047e-01
9.1964e-01
9.2127e-01
9.1953e-01
9.1764e-01
9.2033e-01
9.1883e-01
9.1916e-01
9.1913e-01
9.1880e-01
9.1965e-01
9.1965e-01
9.1834e-01
9.2178e-01
9.2071e-01
9.2083e-01
9.1790e-01
9.1897e-01
9.2020e-01
9.2034e-01
9.1861e-01
9.2076e-01
9.2008e-01
9.1843e-01
9.2213e-01
9.1972e-01
9.1838e-01
9.1788e-01
9.1968e-01
9.1888e-01
9.1919e-01
9.2023e-01
9.1943e-01
9.1782e-01
9.2064e-01
9.1795e-01
9.1896e-01
9.2016e-01
9.1997e-01
9.1762e-01
9.2033e-01
9.1990e-01
9.1980e-01
9.2095e-01
9.1914e-01
9.1977e-01
9.2010e-01
9.1719e-01
9.1912e-01
9.2048e-01
9.1907e-01
9.2065e-01
9.1881e-01
9.2120e-01
9.2012e-01
9.1982e-01
9.1720e-01
9.1911e-01
9.1881e-01
9.1878e-01
9.1862e-01
9.1904e-01
9.2169e-01
9.1783e-01
9.1839e-01
9.2234e-01
9.1954e-01
9.1985e-01
9.2000e-01
9.1876e-01
9.2056e-01
9.1925e-01
9.2003e-01
9.1809e-01
9.1809e-01
9.2024e-01
9.1998e-01
9.2159e-01
9.1855e-01
9.1847e-01
9.1982e-01
9.1971e-01
9.2036e-01
9.1941e-01
9.1863e-01
9.2021e-01
9.1963e-01
9.1981e-01
9.1912e-01
9.1904e-01
9.1892e-01
9.1991e-01
9.1828e-01
9.2027e-01
9.2162e-01
9.1978e-01
9.1868e-01
9.2165e-01
9.1672e-01
9.1969e-01
9.1860e-01
9.2038e-01
9.2204e-01
9.2029e-01
9.1909e-01
9.1752e-01
9.1877e-01
9.1736e-01
9.2022e-01
9.1885e-01
9.2035e-01
9.2035e-01
9.1823e-01
9.2070e-01
9.2111e-01
9.1969e-01
9.1948e-01
9.2000e-01
9.2151e-01
9.1859e-01
9.1912e-01
9.1807e-01
9.1830e-01
9.2021e-01
9.2106e-01
9.2098e-01
9.2002e-01
9.1864e-01
9.1869e-01
9.1873e-01
9.2010e-01
9.1941e-01
9.2041e-01
9.2013e-01
9.2029e-01
9.1945e-01
9.1865e-01
9.1828e-01
9.1830e-01
9.1886e-01
9.2150e-01
9.1877e-01
9.2033e-01
9.1765e-01
9.2140e-01
9.2049e-01
9.1886e-01
9.1893e-01
9.1950e-01
9.1892e-01
9.2029e-01
9.1911e-01
9.1881e-01
9.2012e-01
9.1720e-01
9.1988e-01
9.1789e-01
9.1892e-01
9.1950e-01
9.2005e-01
9.1935e-01
9.1934e-01
9.1877e-01
9.2073e-01
9.2010e-01
9.2061e-01
9.2022e-01
9.1850e-01
9.2083e-01
9.1837e-01
9.1968e-01
9.1931e-01
9.1869e-01
9.1929e-01
9.2102e-01
9.2007e-01
9.2018e-01
9.2088e-01
9.1991e-01
9.1871e-01
9.1881e-01
9.2014e-01
9.2010e-01
9.1837e-01
9.1734e-01
9.1735e-01
9.1867e-01
9.1970e-01
9.2044e-01
9.1773e-01
9.2113e-01
9.2089e-01
9.2038e-01
9.1843e-01
9.1794e-01
9.1989e-01
9.1953e-01
9.1968e-01
9.1945e-01
9.2081e-01
9.2117e-01
9.1854e-01
9.2035e-01
9.1975e-01
9.1951e-01
9.1870e-01
9.1960e-01
9.1839e-01
9.1983e-01
9.1913e-01
9.1948e-01
9.2012e-01
9.1877e-01
9.1995e-01
9.1966e-01
9.1998e-01
9.1834e-01
9.2083e-01
9.1819e-01
9.1918e-01
9.1838e-01
9.2071e-01
9.2005e-01
9.1924e-01
9.1949e-01
9.1956e-01
9.1875e-01
9.1862e-01
9.2090e-01
9.1886e-01
9.2076e-01
9.1792e-01
9.2057e-01
9.2116e-01
9.1948e-01
9.1706e-01
9.1996e-01
9.1965e-01
9.1955e-01
9.2004e-01
9.2101e-01
9.2096e-01
9.1824e-01
9.2029e-01
9.1992e-01
9.1923e-01
9.2109e-01
9.2044e-01
9.2135e-01
9.1907e-01
9.1880e-01
9.1992e-01
9.1893e-01
9.2065e-01
9.1724e-01
9.2270e-01
9.1895e-01
9.1912e-01
9.1972e-01
9.1975e-01
9.2042e-01
9.2129e-01
9.1992e-01
9.1985e-01
9.2065e-01
9.2059e-01
9.1879e-01
9.2076e-01
9.1947e-01
9.1984e-01
9.1847e-01
9.1751e-01
9.1793e-01
9.1939e-01
9.2024e-01
9.1971e-01
9.1909e-01
9.1979e-01
9.1820e-01
9.1979e-01
9.1971e-01
9.2111e-01
9.1933e-01
9.1895e-01
9.1950e-01
9.1999e-01
9.1832e-01
9.2127e-01
9.2061e-01
9.2004e-01
9.1944e-01
9.2018e-01
9.2138e-01
9.2046e-01
9.2079e-01
9.1990e-01
9.1906e-01
9.1980e-01
9.2046e-01
9.1765e-01
9.1860e-01
9.2063e-01
9.1952e-01
9.1927e-01
9.1819e-01
9.1928e-01
9.1890e-01
9.2054e-01
9.1879e-01
9.2146e-01
9.2066e-01
9.1936e-01
9.1899e-01
9.2181e-01
9.2098e-01
9.1817e-01
9.2021e-01
9.2163e-01
9.2011e-01
9.1873e-01
9.1699e-01
9.1952e-01
9.2100e-01
9.1931e-01
9.2019e-01
9.1917e-01
9.2075e-01
9.1952e-01
9.1899e-01
9.1998e-01
9.1878e-01
9.1845e-01
9.1921e-01
9.2137e-01
9.1910e-01
9.2110e-01
9.1972e-01
9.2065e-01
9.1843e-01
9.1946e-01
9.1897e-01
9.1988e-01
9.1928e-01
9.2125e-01
9.1856e-01
9.2078e-01
9.1866e-01
9.1731e-01
9.1997e-01
9.2083e-01
9.2210e-01
9.2066e-01
9.2003e-01
9.2093e-01
9.1851e-01
9.2107e-01
9.2058e-01
9.1960e-01
9.1981e-01
9.1797e-01
9.1836e-01
9.1806e-01
9.2033e-01
9.1905e-01
9.1879e-01
9.1958e-01
9.2006e-01
9.1932e-01
9.1877e-01
9.1956e-01
9.2002e-01
9.1956e-01
9.2078e-01
9.1913e-01
9.1873e-01
9.2101e-01
9.2181e-01
9.1870e-01
9.1941e-01
9.1822e-01
9.1858e-01
9.1943e-01
9.2012e-01
9.2063e-01
9.2112e-01
9.1966e-01
9.2020e-01
9.1990e-01
9.1817e-01
9.2024e-01
9.2054e-01
9.1918e-01
9.1916e-01
9.2069e-01
9.1939e-01
9.1957e-01
9.1923e-01
9.2118e-01
9.1834e-01
9.2158e-01
9.1822e-01
9.1913e-01
9.2068e-01
9.1918e-01
9.2138e-01
9.1791e-01
9.2058e-01
9.2012e-01
9.1801e-01
9.1934e-01
9.2000e-01
9.2066e-01
9.1935e-01
9.2039e-01
9.2072e-01
9.1997e-01
9.2065e-01
9.1963e-01
9.1772e-01
9.2079e-01
9.1776e-01
9.2167e-01
9.1883e-01
9.1676e-01
9.1928e-01
9.1925e-01
9.1997e-01
9.1963e-01
9.2070e-01
9.1935e-01
9.1789e-01
9.1826e-01
9.1796e-01
9.2112e-01
9.2076e-01
9.1895e-01
9.2092e-01
9.1880e-01
9.1882e-01
9.1792e-01
9.2000e-01
9.2109e-01
9.1858e-01
9.1924e-01
9.1973e-01
9.1996e-01
9.2077e-01
9.2025e-01
9.2002e-01
9.1923e-01
9.1923e-01
9.1946e-01
9.1818e-01
9.1834e-01
9.1923e-01
9.1922e-01
9.1835e-01
9.1824e-01
9.2072e-01
9.2040e-01
9.1968e-01
9.1802e-01
9.1851e-01
9.2100e-01
9.2074e-01
9.1991e-01
9.1722e-01
9.2120e-01
9.2091e-01
9.1921e-01
9.1828e-01
9.1988e-01
9.2045e-01
9.2035e-01
9.1910e-01
9.1853e-01
9.1907e-01
9.1932e-01
9.1990e-01
9.2016e-01
9.1980e-01
9.2095e-01
9.1893e-01
9.1884e-01
9.1722e-01
9.1909e-01
9.2029e-01
9.2028e-01
9.1877e-01
9.1999e-01
9.1942e-01
9.1883e-01
9.1786e-01
9.2023e-01
9.1943e-01
