9.6133e-01
9.2959e-01
9.1821e-01
9.5350e-01
9.4279e-01
9.3936e-01
9.3623e-01
9.5729e-01
9.4180e-01
9.1947e-01
9.3070e-01
9.4574e-01
9.3273e-01
9.1470e-01
9.3968e-01
9.3315e-01
9.0985e-01
9.3005e-01
9.3087e-01
9.3508e-01
9.1777e-01
9.2289e-01
8.9782e-01
9.2752e-01
9.3009e-01
9.3338e-01
9.1273e-01
9.3593e-01
9.2760e-01
9.4024e-01
9.2862e-01
9.2666e-01
9.4949e-01
9.2532e-01
9.2743e-01
9.2102e-01
9.1568e-01
9.3807e-01
9.2480e-01
9.3660e-01
9.3062e-01
9.1812e-01
9.4265e-01
9.1220e-01
9.3639e-01
9.2311e-01
9.1253e-01
9.4925e-01
9.2624e-01
9.1474e-01
9.2401e-01
9.4677e-01
9.2511e-01
9.3604e-01
9.5081e-01
9.4481e-01
9.1343e-01
9.4436e-01
9.3700e-01
9.4578e-01
9.4140e-01
9.5295e-01
9.2604e-01
9.2451e-01
9.0852e-01
9.2031e-01
9.4027e-01
9.2809e-01
9.4676e-01
9.2979e-01
9.4302e-01
9.2835e-01
9.5320e-01
9.4786e-01
9.3081e-01
9.3588e-01
9.5762e-01
9.3680e-01
9.2690e-01
9.2116e-01
9.4180e-01
9.1685e-01
9.5549e-01
9.1702e-01
9.3987e-01
9.2725e-01
9.2038e-01
9.4350e-01
9.0843e-01
9.3289e-01
9.1889e-01
9.3018e-01
9.5129e-01
9.4000e-01
9.3217e-01
9.3089e-01
9.4194e-01
9.1969e-01
9.5705e-01
9.3529e-01
9.3758e-01
9.2658e-01
9.2853e-01
9.7234e-01
9.3821e-01
9.3442e-01
9.1855e-01
9.4900e-01
9.2584e-01
9.2267e-01
9.3658e-01
9.1397e-01
9.2993e-01
9.3298e-01
9.1751e-01
9.1691e-01
9.0222e-01
9.2428e-01
9.4661e-01
9.3814e-01
9.5222e-01
9.5532e-01
9.0959e-01
9.3274e-01
9.2302e-01
9.3211e-01
9.2887e-01
9.5578e-01
9.3110e-01
9.2136e-01
9.4717e-01
9.1142e-01
9.3721e-01
9.3234e-01
9.3299e-01
9.2318e-01
9.2174e-01
9.1618e-01
9.2972e-01
9.4553e-01
9.1647e-01
9.3473e-01
9.1738e-01
9.3477e-01
9.2778e-01
9.1949e-01
9.2242e-01
9.3465e-01
9.2743e-01
9.4994e-01
9.3424e-01
9.5165e-01
9.4326e-01
9.2877e-01
9.1449e-01
9.2340e-01
9.3038e-01
9.2690e-01
9.2973e-01
9.3760e-01
9.4170e-01
9.0741e-01
9.3941e-01
9.1262e-01
9.4082e-01
9.3289e-01
9.3218e-01
9.3621e-01
9.3649e-01
9.3788e-01
9.3018e-01
9.4032e-01
9.3782e-01
9.2594e-01
9.3573e-01
9.3761e-01
9.2330e-01
9.4538e-01
9.6344e-01
9.2378e-01
9.4532e-01
9.3427e-01
9.5533e-01
9.1466e-01
9.3516e-01
9.2130e-01
9.3888e-01
9.4771e-01
9.3419e-01
9.3460e-01
9.3267e-01
9.1920e-01
9.3845e-01
9.1505e-01
9.2252e-01
9.3489e-01
9.3892e-01
9.2662e-01
9.4769e-01
9.2701e-01
9.2981e-01
9.3607e-01
9.2385e-01
9.3758e-01
9.5045e-01
9.3080e-01
9.3452e-01
9.3650e-01
9.6087e-01
9.2077e-01
9.4083e-01
9.2530e-01
9.3907e-01
9.2633e-01
9.2770e-01
9.3347e-01
9.2278e-01
9.2289e-01
9.2994e-01
9.2280e-01
9.4467e-01
9.2957e-01
9.3200e-01
9.4261e-01
9.3265e-01
9.1844e-01
9.1775e-01
9.3543e-01
9.1613e-01
9.4065e-01
9.2968e-01
9.2988e-01
9.4192e-01
9.5495e-01
9.4346e-01
9.1378e-01
9.4232e-01
9.1312e-01
9.2399e-01
9.4385e-01
9.1882e-01
9.4368e-01
9.5677e-01
9.5146e-01
9.2859e-01
9.2837e-01
9.2221e-01
9.2724e-01
9.4604e-01
9.4332e-01
9.2537e-01
9.2533e-01
9.1183e-01
9.1426e-01
9.3167e-01
9.3222e-01
9.5389e-01
9.3170e-01
9.4383e-01
9.4027e-01
9.5883e-01
9.3082e-01
9.6391e-01
9.5473e-01
9.3418e-01
9.4617e-01
9.2614e-01
9.3906e-01
9.2115e-01
9.1975e-01
9.3375e-01
9.3113e-01
9.1907e-01
9.3556e-01
9.3382e-01
9.3050e-01
9.4688e-01
9.4324e-01
9.4019e-01
9.2197e-01
9.2037e-01
9.3564e-01
9.4018e-01
9.5413e-01
9.2536e-01
9.2416e-01
9.3410e-01
9.4301e-01
9.1920e-01
9.0706e-01
9.4220e-01
9.4198e-01
9.3831e-01
9.1032e-01
9.1346e-01
9.5135e-01
9.3990e-01
9.2332e-01
9.3683e-01
9.3556e-01
9.2673e-01
9.3378e-01
9.1407e-01
9.3830e-01
9.5542e-01
9.2787e-01
9.2350e-01
9.2008e-01
9.2859e-01
9.1971e-01
9.2861e-01
9.3461e-01
9.5710e-01
9.2249e-01
9.4540e-01
9.1041e-01
9.3091e-01
9.2916e-01
9.3636e-01
9.3757e-01
9.2278e-01
9.5734e-01
9.3112e-01
9.4360e-01
9.3496e-01
9.2734e-01
9.3278e-01
9.3575e-01
9.4970e-01
9.3372e-01
9.2675e-01
9.3803e-01
9.3891e-01
9.2441e-01
9.3963e-01
9.2149e-01
9.5074e-01
9.3834e-01
9.3137e-01
9.2405e-01
9.3502e-01
9.2463e-01
9.2100e-01
9.4716e-01
9.3627e-01
9.3905e-01
9.5017e-01
9.2797e-01
9.5189e-01
9.3409e-01
9.1802e-01
9.3267e-01
9.3656e-01
9.3381e-01
9.2966e-01
9.3795e-01
9.1782e-01
9.2865e-01
9.4211e-01
9.2785e-01
9.4877e-01
9.4549e-01
9.5115e-01
9.2746e-01
9.3408e-01
9.1816e-01
9.4559e-01
9.2292e-01
9.4654e-01
9.5038e-01
9.4326e-01
9.3175e-01
9.3016e-01
9.3137e-01
9.1702e-01
9.3435e-01
9.3582e-01
9.1078e-01
9.3023e-01
9.0855e-01
9.1699e-01
9.2405e-01
9.4468e-01
9.3836e-01
9.2756e-01
9.4439e-01
9.3901e-01
9.3348e-01
9.4368e-01
9.2868e-01
9.2136e-01
9.3398e-01
8.9515e-01
9.3903e-01
9.0936e-01
9.6554e-01
9.5444e-01
9.3707e-01
9.1201e-01
9.4580e-01
9.4353e-01
9.3184e-01
9.3044e-01
9.3165e-01
9.0169e-01
9.2486e-01
9.1403e-01
9.3263e-01
9.3072e-01
9.3987e-01
9.4507e-01
9.1391e-01
9.3003e-01
9.3868e-01
9.0586e-01
9.1416e-01
9.4557e-01
9.4210e-01
9.1677e-01
9.0863e-01
9.1544e-01
9.4750e-01
9.4708e-01
9.2864e-01
9.3725e-01
9.3586e-01
9.2533e-01
9.1846e-01
9.3317e-01
9.3565e-01
9.3132e-01
9.3135e-01
9.4902e-01
9.3246e-01
9.3220e-01
9.4714e-01
9.3939e-01
9.2865e-01
9.2388e-01
9.5387e-01
9.4351e-01
9.2797e-01
9.3249e-01
9.1108e-01
9.1821e-01
9.3099e-01
9.2967e-01
9.3488e-01
9.3480e-01
9.1554e-01
9.2538e-01
9.5639e-01
9.3771e-01
9.5049e-01
9.2102e-01
9.3025e-01
9.5887e-01
9.5155e-01
9.2472e-01
9.3135e-01
9.2903e-01
9.2649e-01
9.1461e-01
9.2053e-01
9.1602e-01
9.3332e-01
9.3747e-01
9.2815e-01
9.3920e-01
9.3720e-01
9.4802e-01
9.2667e-01
9.3500e-01
9.3939e-01
9.3114e-01
9.5041e-01
9.3530e-01
9.4447e-01
9.3085e-01
9.4793e-01
9.5095e-01
9.3889e-01
9.2221e-01
9.2720e-01
9.1400e-01
9.2116e-01
9.3034e-01
9.2612e-01
9.3830e-01
9.4330e-01
9.3853e-01
9.4268e-01
9.5954e-01
9.2992e-01
9.5097e-01
9.3180e-01
9.3635e-01
9.1966e-01
9.1717e-01
9.3649e-01
9.1517e-01
9.2634e-01
9.3315e-01
9.5028e-01
9.4175e-01
9.5375e-01
9.2930e-01
9.5818e-01
9.3111e-01
9.4247e-01
9.4802e-01
9.2540e-01
9.1953e-01
9.2813e-01
9.5003e-01
9.3671e-01
9.4454e-01
9.2883e-01
9.3514e-01
9.6453e-01
9.4090e-01
9.1231e-01
9.1539e-01
9.2538e-01
9.4450e-01
9.3928e-01
9.4121e-01
9.4209e-01
9.6117e-01
9.3605e-01
9.2318e-01
9.4454e-01
9.3792e-01
9.2636e-01
9.3349e-01
9.1675e-01
9.3587e-01
9.3462e-01
9.2022e-01
9.4727e-01
9.6958e-01
9.2791e-01
9.2446e-01
9.2289e-01
9.2166e-01
9.3725e-01
9.3646e-01
9.4014e-01
9.2695e-01
9.1933e-01
9.3078e-01
9.1446e-01
9.2101e-01
9.3057e-01
9.4357e-01
9.2034e-01
9.3132e-01
9.4829e-01
9.4108e-01
9.1596e-01
9.5969e-01
9.1237e-01
9.1251e-01
9.2539e-01
9.5408e-01
9.4170e-01
9.2937e-01
9.5189e-01
9.2314e-01
9.4245e-01
9.3266e-01
9.5172e-01
9.5323e-01
9.3373e-01
9.4111e-01
9.3179e-01
9.2983e-01
9.2667e-01
9.4611e-01
9.2749e-01
9.4167e-01
9.4073e-01
9.1197e-01
9.1776e-01
9.4810e-01
9.2260e-01
9.3863e-01
9.4765e-01
9.2410e-01
9.4304e-01
9.5208e-01
9.4153e-01
9.3198e-01
9.3403e-01
9.4968e-01
9.0816e-01
9.2809e-01
9.4008e-01
9.2430e-01
9.3534e-01
9.3919e-01
9.3847e-01
9.2244e-01
9.2676e-01
9.2849e-01
9.4620e-01
9.2437e-01
9.3070e-01
9.2500e-01
9.2661e-01
9.3764e-01
9.2374e-01
9.1521e-01
9.1979e-01
9.4848e-01
9.3699e-01
9.2933e-01
9.7819e-01
9.0860e-01
9.3936e-01
9.3053e-01
9.5414e-01
9.2436e-01
9.3836e-01
9.2972e-01
9.4744e-01
9.4211e-01
9.4289e-01
9.2969e-01
9.6562e-01
9.5277e-01
9.3943e-01
9.1341e-01
9.3797e-01
9.3231e-01
9.1094e-01
9.2626e-01
9.2893e-01
9.4296e-01
9.2616e-01
9.1823e-01
9.4201e-01
9.3773e-01
9.4522e-01
9.2261e-01
9.5426e-01
9.0526e-01
9.0723e-01
9.3411e-01
9.3430e-01
9.1348e-01
9.3956e-01
9.2437e-01
9.3702e-01
9.4212e-01
9.2994e-01
9.3924e-01
9.3738e-01
9.1178e-01
9.4425e-01
9.4831e-01
9.4715e-01
9.5776e-01
9.3191e-01
9.3322e-01
9.1668e-01
9.1807e-01
9.3195e-01
9.2890e-01
9.2568e-01
9.0118e-01
9.5544e-01
9.3813e-01
9.2352e-01
9.4414e-01
9.5011e-01
9.2886e-01
9.5098e-01
9.3884e-01
9.3076e-01
9.3490e-01
9.2566e-01
9.4095e-01
9.2834e-01
9.3210e-01
9.1607e-01
9.3737e-01
9.3377e-01
9.4372e-01
9.2527e-01
9.4765e-01
9.4008e-01
9.1547e-01
9.1587e-01
9.3686e-01
9.4925e-01
9.4615e-01
9.1884e-01
9.3272e-01
9.4413e-01
9.4096e-01
9.4002e-01
9.2517e-01
9.3907e-01
9.4273e-01
9.4211e-01
9.2801e-01
9.2141e-01
9.2915e-01
9.2558e-01
9.1761e-01
9.0260e-01
9.3011e-01
9.2770e-01
9.3406e-01
9.2365e-01
9.2002e-01
9.3689e-01
9.2380e-01
9.3755e-01
9.4006e-01
9.4378e-01
9.1898e-01
9.4659e-01
9.3429e-01
9.1237e-01
9.2686e-01
9.2968e-01
9.1581e-01
9.4386e-01
9.1401e-01
9.1605e-01
9.3381e-01
9.3237e-01
9.1940e-01
9.3398e-01
9.2951e-01
9.1740e-01
9.0690e-01
9.3051e-01
9.5344e-01
9.3554e-01
8.9953e-01
9.3416e-01
9.5033e-01
9.2411e-01
9.3237e-01
9.2146e-01
9.2783e-01
9.2172e-01
9.3228e-01
9.3512e-01
9.4356e-01
9.3448e-01
9.1253e-01
9.4414e-01
9.2458e-01
9.2662e-01
9.4440e-01
9.2714e-01
9.3534e-01
9.3095e-01
9.2787e-01
9.3738e-01
9.4610e-01
9.3303e-01
9.3495e-01
9.2353e-01
9.2017e-01
9.1159e-01
9.1047e-01
9.3854e-01
9.5271e-01
9.2478e-01
9.3247e-01
9.4699e-01
9.3769e-01
9.4462e-01
9.2503e-01
9.2000e-01
9.3272e-01
9.3686e-01
9.3987e-01
9.4353e-01
9.3632e-01
9.4302e-01
9.2068e-01
9.4107e-01
9.2970e-01
9.1873e-01
9.3855e-01
9.2266e-01
9.3149e-01
9.2245e-01
9.2559e-01
9.1023e-01
9.3753e-01
9.2079e-01
9.5006e-01
9.2632e-01
9.5127e-01
9.4020e-01
9.1334e-01
9.5187e-01
9.3126e-01
9.3014e-01
9.2774e-01
9.5020e-01
9.3041e-01
9.0273e-01
9.1233e-01
9.2382e-01
9.5849e-01
9.5103e-01
9.2302e-01
9.2528e-01
9.4048e-01
9.5317e-01
9.3348e-01
9.4509e-01
9.1242e-01
9.2835e-01
9.1975e-01
9.4441e-01
9.3190e-01
9.1814e-01
9.2694e-01
9.3453e-01
9.3528e-01
9.3244e-01
9.3416e-01
9.3040e-01
9.3352e-01
9.3295e-01
9.3286e-01
9.4333e-01
9.3209e-01
9.4223e-01
9.3010e-01
9.4616e-01
9.4708e-01
9.3413e-01
9.2747e-01
9.3927e-01
9.4209e-01
9.2557e-01
9.3183e-01
9.2579e-01
9.2760e-01
9.2772e-01
9.1150e-01
9.3678e-01
9.2061e-01
9.2535e-01
9.0990e-01
9.3884e-01
9.3836e-01
9.4443e-01
9.2525e-01
9.2821e-01
9.5177e-01
9.3275e-01
9.3227e-01
9.1928e-01
9.2610e-01
9.5332e-01
9.5442e-01
9.2455e-01
9.1429e-01
9.2559e-01
9.1706e-01
9.2978e-01
9.3708e-01
9.3909e-01
9.2459e-01
9.4682e-01
9.2589e-01
9.2599e-01
9.3211e-01
9.1836e-01
9.2771e-01
9.4579e-01
9.4454e-01
9.2127e-01
9.0910e-01
9.3083e-01
9.3437e-01
9.4790e-01
9.3694e-01
9.2339e-01
9.1724e-01
9.4272e-01
9.3887e-01
9.3045e-01
9.3310e-01
9.3627e-01
9.6766e-01
9.4316e-01
9.4628e-01
9.3862e-01
9.4627e-01
9.3337e-01
9.2640e-01
9.4482e-01
9.4092e-01
9.3185e-01
9.3334e-01
9.5595e-01
9.4490e-01
9.4791e-01
9.3462e-01
9.4143e-01
9.3411e-01
9.2730e-01
9.2874e-01
9.4124e-01
9.3119e-01
9.1210e-01
9.4247e-01
9.5245e-01
9.3154e-01
9.2985e-01
9.4446e-01
9.1635e-01
9.1520e-01
9.3604e-01
9.4954e-01
9.1764e-01
9.2945e-01
9.3794e-01
9.3158e-01
9.3396e-01
9.3040e-01
9.2867e-01
9.1950e-01
9.3243e-01
9.2416e-01
9.3126e-01
9.2304e-01
9.5216e-01
9.1779e-01
9.1247e-01
9.3381e-01
9.2520e-01
8.9547e-01
9.5820e-01
9.3906e-01
9.4007e-01
9.3126e-01
9.3078e-01
9.3130e-01
9.1906e-01
9.1942e-01
9.3590e-01
9.1425e-01
9.3573e-01
9.5482e-01
9.3166e-01
9.5922e-01
9.4014e-01
9.3686e-01
9.3122e-01
9.3222e-01
9.2131e-01
9.4041e-01
9.1773e-01
9.3446e-01
9.1719e-01
9.2260e-01
9.2621e-01
9.5204e-01
9.0692e-01
9.2344e-01
9.5519e-01
9.1630e-01
9.3530e-01
9.6865e-01
9.4154e-01
9.3315e-01
