9.3127e-01
9.4020e-01
9.4831e-01
9.4706e-01
9.1844e-01
9.3364e-01
9.3334e-01
9.3077e-01
9.3329e-01
9.3770e-01
9.2263e-01
9.1753e-01
9.2191e-01
9.3898e-01
9.3736e-01
9.3851e-01
9.3640e-01
9.3192e-01
9.3045e-01
9.2215e-01
9.4187e-01
9.2744e-01
9.2980e-01
9.1229e-01
9.4240e-01
9.1841e-01
9.3465e-01
9.3850e-01
9.3728e-01
9.3517e-01
9.1986e-01
9.2905e-01
9.2075e-01
9.3380e-01
9.2835e-01
9.2887e-01
9.3999e-01
9.3249e-01
9.3363e-01
9.2012e-01
9.3150e-01
9.2822e-01
9.2098e-01
9.3546e-01
9.3180e-01
9.4365e-01
9.2959e-01
9.3319e-01
9.2399e-01
9.2542e-01
9.2819e-01
9.4702e-01
9.4379e-01
9.3745e-01
9.2400e-01
9.2091e-01
9.3804e-01
9.3097e-01
9.3772e-01
9.2565e-01
9.2133e-01
9.3306e-01
9.2170e-01
9.2371e-01
9.3487e-01
9.1494e-01
9.3952e-01
9.2845e-01
9.2805e-01
9.3430e-01
9.2164e-01
9.4000e-01
9.3413e-01
9.2159e-01
9.2388e-01
9.2477e-01
9.3349e-01
9.4699e-01
9.3163e-01
9.3891e-01
9.1880e-01
9.3913e-01
9.1033e-01
9.1298e-01
9.2874e-01
9.2171e-01
9.3259e-01
9.2435e-01
9.3799e-01
9.3941e-01
9.3460e-01
9.3612e-01
9.2101e-01
9.3606e-01
9.3329e-01
9.3370e-01
9.3592e-01
9.3599e-01
9.2444e-01
9.2949e-01
9.2533e-01
9.3746e-01
9.2382e-01
9.2933e-01
9.3383e-01
9.0988e-01
9.2872e-01
9.2863e-01
9.3820e-01
9.2861e-01
9.2607e-01
9.1855e-01
9.2739e-01
9.0503e-01
9.2593e-01
9.4440e-01
9.2041e-01
9.2728e-01
9.2890e-01
9.3789e-01
9.3548e-01
9.3199e-01
9.3761e-01
9.2591e-01
9.4557e-01
9.4407e-01
9.4199e-01
9.4870e-01
9.2626e-01
9.3662e-01
9.3676e-01
9.3676e-01
9.2812e-01
9.3831e-01
9.3368e-01
9.2360e-01
9.2451e-01
9.2458e-01
9.3452e-01
9.3686e-01
9.2524e-01
9.4515e-01
9.2689e-01
9.3325e-01
9.4141e-01
9.3061e-01
9.2063e-01
9.2862e-01
9.3106e-01
9.3485e-01
9.1711e-01
9.2983e-01
9.2804e-01
9.3746e-01
9.2698e-01
9.2197e-01
9.2584e-01
9.2462e-01
9.2820e-01
9.3297e-01
9.2915e-01
9.2831e-01
9.2944e-01
9.2620e-01
9.3575e-01
9.2735e-01
9.3758e-01
9.1730e-01
9.3609e-01
9.2412e-01
9.3603e-01
9.2102e-01
9.2989e-01
9.3203e-01
9.2619e-01
9.3933e-01
9.2826e-01
9.3530e-01
9.2886e-01
9.3218e-01
9.3301e-01
9.3059e-01
9.3425e-01
9.3737e-01
9.2987e-01
9.3736e-01
9.3748e-01
9.2126e-01
9.3293e-01
9.2129e-01
9.4362e-01
9.3257e-01
9.1023e-01
9.2727e-01
9.3260e-01
9.3353e-01
9.4407e-01
9.3079e-01
9.2796e-01
9.3177e-01
9.3412e-01
9.3558e-01
9.3584e-01
9.3744e-01
9.4595e-01
9.1533e-01
9.1476e-01
9.2528e-01
9.3242e-01
9.2945e-01
9.3898e-01
9.2535e-01
9.3680e-01
9.2069e-01
9.1107e-01
9.2545e-01
9.2815e-01
9.3585e-01
9.3315e-01
9.3605e-01
9.2728e-01
9.3069e-01
9.3238e-01
9.3009e-01
9.3175e-01
9.3073e-01
9.2448e-01
9.3687e-01
9.2790e-01
9.2227e-01
9.4253e-01
9.2564e-01
9.2349e-01
9.3087e-01
9.2696e-01
9.3151e-01
9.2235e-01
9.3802e-01
9.3459e-01
9.2565e-01
9.3053e-01
9.3844e-01
9.4116e-01
9.4381e-01
9.2870e-01
9.3942e-01
9.3529e-01
9.1304e-01
9.3110e-01
9.3932e-01
9.2304e-01
9.2440e-01
9.3111e-01
9.3739e-01
9.2718e-01
9.3931e-01
9.4108e-01
9.2930e-01
9.4032e-01
9.0561e-01
9.5340e-01
9.3175e-01
9.3576e-01
9.4143e-01
9.6568e-01
9.3772e-01
9.4259e-01
9.3289e-01
9.2822e-01
9.4013e-01
9.3129e-01
9.3710e-01
9.4797e-01
9.2618e-01
9.3601e-01
9.3506e-01
9.2065e-01
9.2479e-01
9.2838e-01
9.3089e-01
9.3897e-01
9.2544e-01
9.3985e-01
9.1512e-01
9.3546e-01
9.2991e-01
9.4749e-01
9.1592e-01
9.2565e-01
9.3503e-01
9.4012e-01
9.2991e-01
9.2423e-01
9.2413e-01
9.2441e-01
9.3426e-01
9.3127e-01
9.2860e-01
9.2161e-01
9.5255e-01
9.2163e-01
9.2875e-01
9.1453e-01
9.2587e-01
9.2861e-01
9.2167e-01
9.4151e-01
9.3135e-01
9.2549e-01
9.3204e-01
9.3033e-01
9.3286e-01
9.3391e-01
9.1929e-01
9.3319e-01
9.4263e-01
9.2904e-01
9.2736e-01
9.0279e-01
9.3610e-01
9.3306e-01
9.4940e-01
9.1477e-01
9.2002e-01
9.3089e-01
9.1171e-01
9.2527e-01
9.3910e-01
9.2155e-01
9.1709e-01
9.2313e-01
9.1849e-01
9.2659e-01
9.1869e-01
9.2777e-01
9.2379e-01
9.2605e-01
9.2810e-01
9.3286e-01
9.1796e-01
9.2809e-01
9.2364e-01
9.2189e-01
9.2907e-01
9.2664e-01
9.2735e-01
9.2903e-01
9.3424e-01
9.2307e-01
9.2942e-01
9.2319e-01
9.3443e-01
9.5002e-01
9.3405e-01
9.3486e-01
9.3241e-01
9.4078e-01
9.2740e-01
9.2499e-01
9.2398e-01
9.2743e-01
9.3630e-01
9.3891e-01
9.4629e-01
9.2812e-01
9.2346e-01
9.3264e-01
9.3163e-01
9.3079e-01
9.2123e-01
9.4227e-01
9.1951e-01
9.3927e-01
9.2030e-01
9.3295e-01
9.2798e-01
9.1681e-01
9.3761e-01
9.3348e-01
9.3184e-01
9.3721e-01
9.2657e-01
9.2107e-01
9.4370e-01
9.3309e-01
9.2602e-01
9.2799e-01
9.3798e-01
9.1993e-01
9.1593e-01
9.3743e-01
9.3322e-01
9.2864e-01
9.3424e-01
9.2712e-01
9.2805e-01
9.4429e-01
9.3962e-01
9.2982e-01
9.2991e-01
9.2307e-01
9.3203e-01
9.0463e-01
9.2677e-01
9.1790e-01
9.2052e-01
9.2629e-01
9.3353e-01
9.3854e-01
9.2489e-01
9.5505e-01
9.4346e-01
9.2974e-01
9.2825e-01
9.4093e-01
9.2886e-01
9.3998e-01
9.3510e-01
9.3505e-01
9.3481e-01
9.3335e-01
9.2922e-01
9.2540e-01
9.3974e-01
9.1258e-01
9.2083e-01
9.2778e-01
9.3155e-01
9.3797e-01
9.2829e-01
9.3703e-01
9.3895e-01
9.4229e-01
9.2394e-01
9.2682e-01
9.2706e-01
9.4026e-01
9.2977e-01
9.3048e-01
9.3325e-01
9.2786e-01
9.2989e-01
9.3929e-01
9.2907e-01
9.2793e-01
9.1857e-01
9.3208e-01
9.4367e-01
9.3591e-01
9.2273e-01
9.2415e-01
9.4015e-01
9.3890e-01
9.2697e-01
9.4537e-01
9.3240e-01
9.2651e-01
9.2876e-01
9.2838e-01
9.3248e-01
9.1967e-01
9.2603e-01
9.3184e-01
9.2108e-01
9.3248e-01
9.2890e-01
9.3296e-01
9.4137e-01
9.2541e-01
9.3648e-01
9.2478e-01
9.1882e-01
9.3295e-01
9.3057e-01
9.4320e-01
9.3283e-01
9.3320e-01
9.2398e-01
9.1776e-01
9.3545e-01
9.1570e-01
9.2881e-01
9.2769e-01
9.1524e-01
9.2790e-01
9.3323e-01
9.2124e-01
9.3827e-01
9.3852e-01
9.4306e-01
9.2566e-01
9.3546e-01
9.2666e-01
9.3117e-01
9.3415e-01
9.2660e-01
9.2621e-01
9.4065e-01
9.3668e-01
9.3565e-01
9.2662e-01
9.2480e-01
9.5009e-01
9.3984e-01
9.4659e-01
9.3565e-01
9.3886e-01
9.2714e-01
9.2493e-01
9.3583e-01
9.2846e-01
9.3940e-01
9.2334e-01
9.3127e-01
9.3899e-01
9.2166e-01
9.3601e-01
9.2140e-01
9.3804e-01
9.4065e-01
9.3057e-01
9.3041e-01
9.2992e-01
9.3843e-01
9.2192e-01
9.2958e-01
9.3761e-01
9.3539e-01
9.2220e-01
9.3048e-01
9.1816e-01
9.3316e-01
9.1465e-01
9.2613e-01
9.3284e-01
9.1624e-01
9.3541e-01
9.3459e-01
9.3377e-01
9.3712e-01
9.3333e-01
9.3551e-01
9.3650e-01
9.3932e-01
9.3683e-01
9.3647e-01
9.3636e-01
9.3637e-01
9.4274e-01
9.4610e-01
9.4273e-01
9.2976e-01
9.2370e-01
9.1878e-01
9.3303e-01
9.3575e-01
9.3451e-01
9.3563e-01
9.3385e-01
9.3982e-01
9.3196e-01
9.3227e-01
9.3072e-01
9.1854e-01
9.2915e-01
9.4346e-01
9.2626e-01
9.3800e-01
9.3665e-01
9.3645e-01
9.3735e-01
9.3932e-01
9.2202e-01
9.2768e-01
9.2811e-01
9.2650e-01
9.2501e-01
9.2661e-01
9.4105e-01
9.2694e-01
9.2261e-01
9.3568e-01
9.3249e-01
9.2992e-01
9.3563e-01
9.3071e-01
9.2144e-01
9.1525e-01
9.4058e-01
9.2563e-01
9.2926e-01
9.2502e-01
9.3161e-01
9.4744e-01
9.2388e-01
9.2126e-01
9.3955e-01
9.3112e-01
9.2723e-01
9.3308e-01
9.3159e-01
9.3979e-01
9.3112e-01
9.3577e-01
9.3231e-01
9.4049e-01
9.1357e-01
9.2346e-01
9.2774e-01
9.2377e-01
9.2210e-01
9.1321e-01
9.0837e-01
9.2001e-01
9.4078e-01
9.3605e-01
9.0788e-01
9.1552e-01
9.3230e-01
9.3265e-01
9.2548e-01
9.3747e-01
9.2105e-01
9.2191e-01
9.2736e-01
9.3447e-01
9.3108e-01
9.3250e-01
9.2854e-01
9.4382e-01
9.3824e-01
9.3164e-01
9.1878e-01
9.4428e-01
9.3235e-01
9.3241e-01
9.3159e-01
9.3342e-01
9.4023e-01
9.2096e-01
9.3922e-01
9.4909e-01
9.3940e-01
9.1937e-01
9.3083e-01
9.3003e-01
9.2964e-01
9.3142e-01
9.3078e-01
9.3965e-01
9.3444e-01
9.2412e-01
9.2366e-01
9.3172e-01
9.2394e-01
9.2128e-01
9.3467e-01
9.3292e-01
9.1367e-01
9.3955e-01
9.2260e-01
9.2992e-01
9.3086e-01
9.3913e-01
9.2482e-01
9.1764e-01
9.2986e-01
9.4087e-01
9.3982e-01
9.2608e-01
9.2749e-01
9.3723e-01
9.2075e-01
9.3382e-01
9.2140e-01
9.4637e-01
9.2527e-01
9.2178e-01
9.3633e-01
9.3328e-01
9.5070e-01
9.2967e-01
9.3569e-01
9.2008e-01
9.3164e-01
9.2709e-01
9.1414e-01
9.1827e-01
9.2449e-01
9.4805e-01
9.3078e-01
9.4683e-01
9.3208e-01
9.4056e-01
9.3880e-01
9.2305e-01
9.2717e-01
9.2717e-01
9.2045e-01
9.3097e-01
9.3935e-01
9.3053e-01
9.3677e-01
9.3100e-01
9.3641e-01
9.2720e-01
9.4141e-01
9.3267e-01
9.2245e-01
9.4448e-01
9.4963e-01
9.1432e-01
9.2890e-01
9.0868e-01
9.2522e-01
9.2870e-01
9.2565e-01
9.4267e-01
9.3140e-01
9.2699e-01
9.4394e-01
9.3868e-01
9.3067e-01
9.3051e-01
9.2965e-01
9.3243e-01
9.1166e-01
9.3677e-01
9.2556e-01
9.2016e-01
9.2106e-01
9.5038e-01
9.3192e-01
9.3721e-01
9.3631e-01
9.2537e-01
9.1941e-01
9.2479e-01
9.2724e-01
9.3900e-01
9.3482e-01
9.2741e-01
9.0999e-01
9.3761e-01
9.2166e-01
9.3650e-01
9.3676e-01
9.3092e-01
9.2888e-01
9.2966e-01
9.3843e-01
9.1585e-01
9.1602e-01
9.3593e-01
9.2539e-01
9.2884e-01
9.4024e-01
9.3230e-01
9.1967e-01
9.2447e-01
9.4500e-01
9.3011e-01
9.3988e-01
9.0627e-01
9.1681e-01
9.2209e-01
9.3079e-01
9.3839e-01
9.2849e-01
9.4232e-01
9.4248e-01
9.3158e-01
9.3056e-01
9.4775e-01
9.1536e-01
9.3078e-01
9.4249e-01
9.1401e-01
9.5316e-01
9.3676e-01
9.2767e-01
9.4700e-01
9.3255e-01
9.3933e-01
9.4575e-01
9.4373e-01
9.3320e-01
9.3097e-01
9.2850e-01
9.3721e-01
9.1882e-01
9.1635e-01
9.2719e-01
9.2076e-01
9.3000e-01
9.4683e-01
9.2311e-01
9.3689e-01
9.2748e-01
9.2480e-01
9.1540e-01
9.2465e-01
9.2606e-01
9.2757e-01
9.3156e-01
9.2937e-01
9.2574e-01
9.2672e-01
9.3196e-01
9.3612e-01
9.3846e-01
9.3817e-01
9.2878e-01
9.2186e-01
9.3078e-01
9.2766e-01
9.2657e-01
9.2741e-01
9.2820e-01
9.2388e-01
9.2526e-01
9.2469e-01
9.3962e-01
9.3096e-01
9.2662e-01
9.4041e-01
9.2832e-01
9.1868e-01
9.2907e-01
9.3064e-01
9.2698e-01
9.2545e-01
9.3599e-01
9.3907e-01
9.2229e-01
9.3245e-01
9.2650e-01
9.2601e-01
9.3639e-01
9.3976e-01
9.2568e-01
9.3249e-01
9.3810e-01
9.3881e-01
9.3817e-01
9.3289e-01
9.3231e-01
9.3859e-01
9.3192e-01
9.3837e-01
9.2905e-01
9.4274e-01
9.3008e-01
9.3785e-01
9.2350e-01
9.2272e-01
9.3501e-01
9.3506e-01
9.4875e-01
9.3281e-01
9.0368e-01
9.1999e-01
9.2011e-01
9.4053e-01
9.3013e-01
9.3390e-01
9.2907e-01
9.1269e-01
9.1927e-01
9.3291e-01
9.1542e-01
9.2167e-01
9.3416e-01
9.3285e-01
9.2992e-01
9.3806e-01
9.3740e-01
9.3360e-01
9.2135e-01
9.3084e-01
9.4095e-01
9.2227e-01
9.3415e-01
9.2814e-01
9.3095e-01
9.4312e-01
9.1568e-01
9.2214e-01
9.3416e-01
9.3711e-01
9.2954e-01
9.3932e-01
9.3675e-01
9.3334e-01
9.4287e-01
9.4093e-01
9.2514e-01
9.3392e-01
9.3206e-01
9.4274e-01
9.2136e-01
9.3592e-01
9.2902e-01
9.2865e-01
9.1744e-01
9.2619e-01
9.2926e-01
9.2391e-01
9.2295e-01
9.2889e-01
9.2604e-01
9.2638e-01
9.4103e-01
9.0947e-01
9.3113e-01
9.4285e-01
9.2192e-01
9.3163e-01
9.3101e-01
9.2997e-01
9.3710e-01
9.3526e-01
9.3067e-01
9.3079e-01
9.3683e-01
9.3170e-01
9.3865e-01
9.3323e-01
9.4398e-01
9.2940e-01
9.2516e-01
9.2324e-01
9.3031e-01
9.2004e-01
9.3700e-01
9.2749e-01
9.3192e-01
9.3404e-01
9.3793e-01
9.2789e-01
9.3767e-01
9.2262e-01
9.2319e-01
9.3481e-01
9.3419e-01
9.3019e-01
9.4233e-01
9.2676e-01
9.2075e-01
9.2956e-01
9.2293e-01
9.2267e-01
9.4692e-01
9.1956e-01
9.0807e-01
9.3676e-01
9.3251e-01
9.2761e-01
9.3249e-01
9.2519e-01
9.2799e-01
9.3230e-01
9.3440e-01
9.2065e-01
9.4030e-01
9.3520e-01
9.3765e-01
9.3125e-01
9.3338e-01
9.2213e-01
9.4138e-01
9.3375e-01
9.3252e-01
9.3578e-01
9.2212e-01
9.2905e-01
9.3402e-01
9.2634e-01
9.2373e-01
9.2538e-01
9.3110e-01
9.3164e-01
9.3843e-01
9.2409e-01
9.3575e-01
9.4502e-01
9.3594e-01
9.4484e-01
9.4307e-01
9.2323e-01
9.3414e-01
9.3093e-01
9.3716e-01
9.3567e-01
9.4424e-01
9.2895e-01
9.2722e-01
9.4913e-01
9.3930e-01
9.1718e-01
