9.3861e-01
9.3443e-01
9.3306e-01
9.3409e-01
9.3451e-01
9.3476e-01
9.3274e-01
9.3379e-01
9.3543e-01
9.3491e-01
9.3522e-01
9.3369e-01
9.3646e-01
9.3314e-01
9.3517e-01
9.3674e-01
9.3264e-01
9.3294e-01
9.3484e-01
9.3365e-01
9.3440e-01
9.3422e-01
9.3593e-01
9.3319e-01
9.3877e-01
9.3573e-01
9.3522e-01
9.3256e-01
9.3408e-01
9.3921e-01
9.3526e-01
9.3742e-01
9.3933e-01
9.3526e-01
9.2987e-01
9.3731e-01
9.3671e-01
9.3449e-01
9.3431e-01
9.3502e-01
9.3846e-01
9.3520e-01
9.3859e-01
9.3550e-01
9.2897e-01
9.3497e-01
9.3324e-01
9.3796e-01
9.3466e-01
9.3223e-01
9.3629e-01
9.3425e-01
9.3649e-01
9.3777e-01
9.3130e-01
9.3443e-01
9.3384e-01
9.3431e-01
9.3452e-01
9.3610e-01
9.3286e-01
9.3897e-01
9.3948e-01
9.3803e-01
9.3646e-01
9.2997e-01
9.3397e-01
9.3475e-01
9.3334e-01
9.3305e-01
9.3187e-01
9.3626e-01
9.3628e-01
9.4093e-01
9.3182e-01
9.3653e-01
9.3322e-01
9.4002e-01
9.3935e-01
9.3774e-01
9.3092e-01
9.3401e-01
9.3919e-01
9.3497e-01
9.2996e-01
9.3606e-01
9.4254e-01
9.3104e-01
9.3864e-01
9.3621e-01
9.3809e-01
9.4313e-01
9.3691e-01
9.3378e-01
9.3277e-01
9.3441e-01
9.3643e-01
9.3389e-01
9.3144e-01
9.3210e-01
9.3013e-01
9.3265e-01
9.3171e-01
9.3522e-01
9.3743e-01
9.3620e-01
9.3460e-01
9.3511e-01
9.3515e-01
9.3936e-01
9.3837e-01
9.3734e-01
9.3924e-01
9.3773e-01
9.3848e-01
9.4120e-01
9.3711e-01
9.3893e-01
9.3954e-01
9.3470e-01
9.3548e-01
9.3158e-01
9.3060e-01
9.4094e-01
9.3759e-01
9.3435e-01
9.3477e-01
9.2936e-01
9.3111e-01
9.3259e-01
9.3954e-01
9.3631e-01
9.3150e-01
9.3861e-01
9.3451e-01
9.3793e-01
9.3727e-01
9.3823e-01
9.3487e-01
9.3526e-01
9.3569e-01
9.3311e-01
9.3398e-01
9.3484e-01
9.3694e-01
9.3672e-01
9.3084e-01
9.3504e-01
9.3776e-01
9.3459e-01
9.4107e-01
9.3778e-01
9.3784e-01
9.3541e-01
9.4411e-01
9.3607e-01
9.3921e-01
9.3687e-01
9.3586e-01
9.3607e-01
9.3537e-01
9.3748e-01
9.3282e-01
9.3354e-01
9.4003e-01
9.3994e-01
9.3203e-01
9.3732e-01
9.3619e-01
9.3546e-01
9.3480e-01
9.3830e-01
9.2924e-01
9.3798e-01
9.4163e-01
9.3474e-01
9.3645e-01
9.3494e-01
9.3302e-01
9.3547e-01
9.3421e-01
9.3656e-01
9.3467e-01
9.4094e-01
9.3569e-01
9.3634e-01
9.3133e-01
9.3667e-01
9.4003e-01
9.3913e-01
9.3883e-01
9.3414e-01
9.4126e-01
9.3466e-01
9.2778e-01
9.3497e-01
9.3763e-01
9.2170e-01
9.3728e-01
9.3127e-01
9.3502e-01
9.3646e-01
9.3438e-01
9.3198e-01
9.3588e-01
9.3694e-01
9.2629e-01
9.3324e-01
9.3918e-01
9.3174e-01
9.3885e-01
9.3994e-01
9.3788e-01
9.3230e-01
9.3878e-01
9.3512e-01
9.3610e-01
9.3637e-01
9.4012e-01
9.3530e-01
9.3520e-01
9.3728e-01
9.3179e-01
9.3384e-01
9.3422e-01
9.3501e-01
9.4160e-01
9.3784e-01
9.3694e-01
9.3823e-01
9.3959e-01
9.3536e-01
9.4090e-01
9.3440e-01
9.3430e-01
9.4037e-01
9.2883e-01
9.3583e-01
9.3372e-01
9.3580e-01
9.3140e-01
9.3778e-01
9.3464e-01
9.2799e-01
9.3700e-01
9.3320e-01
9.3896e-01
9.4045e-01
9.3697e-01
9.3768e-01
9.3528e-01
9.3770e-01
9.3442e-01
9.3832e-01
9.4001e-01
9.4003e-01
9.3917e-01
9.3463e-01
9.3861e-01
9.3570e-01
9.3887e-01
9.3538e-01
9.3363e-01
9.3744e-01
9.3611e-01
9.3402e-01
9.3423e-01
9.3447e-01
9.3362e-01
9.3748e-01
9.3474e-01
9.3393e-01
9.4037e-01
9.3773e-01
9.3479e-01
9.3647e-01
9.3589e-01
9.3483e-01
9.3640e-01
9.3666e-01
9.3437e-01
9.3823e-01
9.3590e-01
9.3450e-01
9.3779e-01
9.3540e-01
9.3294e-01
9.3783e-01
9.3705e-01
9.3378e-01
9.3348e-01
9.3392e-01
9.3470e-01
9.3396e-01
9.3884e-01
9.3806e-01
9.3289e-01
9.3983e-01
9.3418e-01
9.3876e-01
9.4008e-01
9.4105e-01
9.3477e-01
9.3694e-01
9.3624e-01
9.4076e-01
9.3558e-01
9.3410e-01
9.4454e-01
9.3173e-01
9.3682e-01
9.3939e-01
9.3323e-01
9.3763e-01
9.3181e-01
9.3416e-01
9.3667e-01
9.3119e-01
9.3344e-01
9.3478e-01
9.3730e-01
9.4076e-01
9.3817e-01
9.3662e-01
9.3926e-01
9.2993e-01
9.3439e-01
9.3369e-01
9.3075e-01
9.3489e-01
9.3445e-01
9.3470e-01
9.3345e-01
9.3301e-01
9.3712e-01
9.3010e-01
9.3479e-01
9.3788e-01
9.3560e-01
9.3695e-01
9.3528e-01
9.4066e-01
9.3812e-01
9.3326e-01
9.3250e-01
9.3451e-01
9.3527e-01
9.3139e-01
9.3223e-01
9.3295e-01
9.3940e-01
9.3742e-01
9.3473e-01
9.3560e-01
9.3624e-01
9.3955e-01
9.3588e-01
9.3519e-01
9.3658e-01
9.3418e-01
9.3503e-01
9.3830e-01
9.3576e-01
9.3522e-01
9.3803e-01
9.3264e-01
9.3702e-01
9.3908e-01
9.2920e-01
9.3585e-01
9.4058e-01
9.3533e-01
9.3206e-01
9.3834e-01
9.3693e-01
9.4091e-01
9.3520e-01
9.3329e-01
9.3603e-01
9.3837e-01
9.3456e-01
9.3443e-01
9.3171e-01
9.3353e-01
9.3272e-01
9.3664e-01
9.3774e-01
9.3184e-01
9.4043e-01
9.3621e-01
9.3091e-01
9.3460e-01
9.3188e-01
9.3111e-01
9.3826e-01
9.3643e-01
9.3947e-01
9.3430e-01
9.3617e-01
9.3381e-01
9.3696e-01
9.3599e-01
9.3692e-01
9.3553e-01
9.3245e-01
9.3313e-01
9.3726e-01
9.3633e-01
9.3881e-01
9.3158e-01
9.3593e-01
9.4351e-01
9.3754e-01
9.3077e-01
9.3893e-01
9.3636e-01
9.3295e-01
9.3783e-01
9.3653e-01
9.3520e-01
9.3221e-01
9.3728e-01
9.3887e-01
9.3383e-01
9.3860e-01
9.3133e-01
9.3843e-01
9.3976e-01
9.3380e-01
9.4146e-01
9.3755e-01
9.3798e-01
9.2975e-01
9.3208e-01
9.3736e-01
9.3494e-01
9.3586e-01
9.3736e-01
9.3459e-01
9.3145e-01
9.3274e-01
9.3394e-01
9.3420e-01
9.3329e-01
9.3643e-01
9.3493e-01
9.3479e-01
9.3564e-01
9.3552e-01
9.4262e-01
9.3614e-01
9.3260e-01
9.3778e-01
9.3515e-01
9.3632e-01
9.3509e-01
9.4175e-01
9.3179e-01
9.3415e-01
9.3700e-01
9.3225e-01
9.3417e-01
9.3863e-01
9.3624e-01
9.3922e-01
9.3805e-01
9.3308e-01
9.3615e-01
9.3488e-01
9.2931e-01
9.3522e-01
9.3724e-01
9.3323e-01
9.3099e-01
9.3227e-01
9.3693e-01
9.3799e-01
9.4127e-01
9.3841e-01
9.3740e-01
9.3589e-01
9.3358e-01
9.3683e-01
9.3273e-01
9.3432e-01
9.3520e-01
9.3568e-01
9.3238e-01
9.3564e-01
9.3714e-01
9.3438e-01
9.3900e-01
9.3563e-01
9.3413e-01
9.3895e-01
9.3503e-01
9.3515e-01
9.3341e-01
9.3508e-01
9.3740e-01
9.3156e-01
9.3367e-01
9.3680e-01
9.3862e-01
9.3624e-01
9.3378e-01
9.3952e-01
9.3246e-01
9.3695e-01
9.4199e-01
9.2933e-01
9.3706e-01
9.3599e-01
9.3718e-01
9.3367e-01
9.3574e-01
9.3555e-01
9.3888e-01
9.3819e-01
9.3302e-01
9.3523e-01
9.3414e-01
9.3687e-01
9.2679e-01
9.3704e-01
9.3537e-01
9.3191e-01
9.3422e-01
9.3502e-01
9.3703e-01
9.3579e-01
9.3559e-01
9.3601e-01
9.3805e-01
9.3183e-01
9.2855e-01
9.3640e-01
9.3839e-01
9.3629e-01
9.3573e-01
9.3856e-01
9.3529e-01
9.3672e-01
9.3291e-01
9.3802e-01
9.4003e-01
9.3527e-01
9.3958e-01
9.3265e-01
9.3358e-01
9.3944e-01
9.3802e-01
9.3951e-01
9.3281e-01
9.3664e-01
9.3734e-01
9.3509e-01
9.3182e-01
9.3544e-01
9.4157e-01
9.3414e-01
9.3774e-01
9.3507e-01
9.3895e-01
9.3371e-01
9.4230e-01
9.3392e-01
9.2929e-01
9.3577e-01
9.3786e-01
9.3705e-01
9.3530e-01
9.3882e-01
9.3407e-01
9.3616e-01
9.3198e-01
9.3733e-01
9.3251e-01
9.3155e-01
9.3759e-01
9.3820e-01
9.3406e-01
9.3465e-01
9.3712e-01
9.3158e-01
9.3356e-01
9.3763e-01
9.3375e-01
9.3863e-01
9.3582e-01
9.3569e-01
9.3608e-01
9.3401e-01
9.3435e-01
9.3835e-01
9.4010e-01
9.3221e-01
9.2836e-01
9.3228e-01
9.3103e-01
9.3352e-01
9.3640e-01
9.3600e-01
9.3650e-01
9.3601e-01
9.3599e-01
9.3599e-01
9.3077e-01
9.3382e-01
9.3553e-01
9.3792e-01
9.3500e-01
9.3223e-01
9.3333e-01
9.4183e-01
9.2896e-01
9.3206e-01
9.4193e-01
9.3610e-01
9.3525e-01
9.4052e-01
9.3846e-01
9.3763e-01
9.3664e-01
9.3616e-01
9.3887e-01
9.3687e-01
9.3427e-01
9.3671e-01
9.3020e-01
9.3354e-01
9.3404e-01
9.3713e-01
9.3354e-01
9.3651e-01
9.3343e-01
9.3250e-01
9.3636e-01
9.3055e-01
9.3521e-01
9.3465e-01
9.3939e-01
9.3153e-01
9.3314e-01
9.3481e-01
9.3210e-01
9.3558e-01
9.3443e-01
9.3552e-01
9.3750e-01
9.3484e-01
9.3643e-01
9.3791e-01
9.3199e-01
9.3717e-01
9.3681e-01
9.3135e-01
9.3463e-01
9.3902e-01
9.3554e-01
9.3033e-01
9.3708e-01
9.4044e-01
9.3754e-01
9.3852e-01
9.3070e-01
9.3277e-01
9.3726e-01
9.3841e-01
9.3450e-01
9.3436e-01
9.3750e-01
9.3550e-01
9.3815e-01
9.3756e-01
9.2855e-01
9.3296e-01
9.3678e-01
9.2994e-01
9.3117e-01
9.3755e-01
9.3345e-01
9.3582e-01
9.3805e-01
9.3011e-01
9.3406e-01
9.3120e-01
9.3718e-01
9.3334e-01
9.3662e-01
9.3226e-01
9.3335e-01
9.3906e-01
9.3270e-01
9.3633e-01
9.3593e-01
9.3645e-01
9.4622e-01
9.3670e-01
9.3269e-01
9.3573e-01
9.4277e-01
9.3635e-01
9.2883e-01
9.3377e-01
9.3565e-01
9.4206e-01
9.3985e-01
9.3693e-01
9.3814e-01
9.3206e-01
9.3073e-01
9.3569e-01
9.3451e-01
9.3356e-01
9.3719e-01
9.3321e-01
9.4145e-01
9.3510e-01
9.3205e-01
9.3039e-01
9.2983e-01
9.3329e-01
9.3725e-01
9.3363e-01
9.2912e-01
9.3284e-01
9.3911e-01
9.3027e-01
9.3220e-01
9.3952e-01
9.3374e-01
9.3515e-01
9.3417e-01
9.3057e-01
9.3392e-01
9.3322e-01
9.3601e-01
9.3600e-01
9.3031e-01
9.3481e-01
9.3400e-01
9.3667e-01
9.3577e-01
9.3472e-01
9.3451e-01
9.3654e-01
9.4046e-01
9.3158e-01
9.3464e-01
9.3036e-01
9.3333e-01
9.3122e-01
9.3332e-01
9.3696e-01
9.3659e-01
9.3212e-01
9.3409e-01
9.3612e-01
9.4128e-01
9.3355e-01
9.3457e-01
9.2971e-01
9.4530e-01
9.3299e-01
9.3572e-01
9.3325e-01
9.3263e-01
9.3566e-01
9.4099e-01
9.3401e-01
9.3147e-01
9.3145e-01
9.3177e-01
9.3245e-01
9.3517e-01
9.3738e-01
9.3595e-01
9.3699e-01
9.3398e-01
9.3229e-01
9.3642e-01
9.3798e-01
9.3413e-01
9.3488e-01
9.3825e-01
9.3505e-01
9.3878e-01
9.3308e-01
9.3557e-01
9.3570e-01
9.3586e-01
9.3760e-01
9.3725e-01
9.3288e-01
9.3410e-01
9.3042e-01
9.3122e-01
9.3079e-01
9.3435e-01
9.3640e-01
9.3702e-01
9.3322e-01
9.3147e-01
9.3745e-01
9.3694e-01
9.3579e-01
9.3072e-01
9.3942e-01
9.3114e-01
9.3155e-01
9.4064e-01
9.3228e-01
9.3420e-01
9.3911e-01
9.3182e-01
9.3941e-01
9.3370e-01
9.3678e-01
9.3572e-01
9.3860e-01
9.3050e-01
9.3517e-01
9.3640e-01
9.3032e-01
9.3601e-01
9.2690e-01
9.3899e-01
9.2974e-01
9.3139e-01
9.3548e-01
9.3962e-01
9.3451e-01
9.3548e-01
9.3418e-01
9.3860e-01
9.3394e-01
9.3331e-01
9.3626e-01
9.3935e-01
9.3865e-01
9.4209e-01
9.3532e-01
9.3634e-01
9.4053e-01
9.3414e-01
9.3356e-01
9.3810e-01
9.4005e-01
9.3566e-01
9.3575e-01
9.3789e-01
9.2869e-01
9.3358e-01
9.3607e-01
9.3653e-01
9.3796e-01
9.3638e-01
9.3273e-01
9.3940e-01
9.3558e-01
9.3175e-01
9.3712e-01
9.3477e-01
9.3459e-01
9.3508e-01
9.3789e-01
9.3677e-01
9.3639e-01
9.3762e-01
9.3907e-01
9.3903e-01
9.3157e-01
9.3999e-01
9.3595e-01
9.2882e-01
9.4007e-01
9.3571e-01
9.3660e-01
9.3750e-01
9.3736e-01
9.3086e-01
9.3659e-01
9.3208e-01
9.3522e-01
9.3267e-01
9.3532e-01
9.3047e-01
9.3481e-01
9.4074e-01
9.3541e-01
9.3908e-01
9.3156e-01
9.3473e-01
9.3456e-01
9.3472e-01
9.3126e-01
9.4065e-01
9.3062e-01
9.3488e-01
9.3667e-01
9.3124e-01
9.3523e-01
9.3508e-01
9.3659e-01
9.3902e-01
9.3693e-01
9.3997e-01
9.3567e-01
9.3544e-01
9.3874e-01
9.3339e-01
9.3300e-01
9.3827e-01
9.3537e-01
9.3402e-01
9.3395e-01
9.3640e-01
9.3657e-01
9.3494e-01
9.3872e-01
9.3350e-01
9.3138e-01
9.3144e-01
9.3142e-01
9.3981e-01
9.3488e-01
9.3540e-01
9.3857e-01
9.3702e-01
9.3791e-01
9.3829e-01
9.3364e-01
9.3536e-01
9.3061e-01
9.3534e-01
9.3900e-01
9.3474e-01
9.3492e-01
9.3496e-01
9.3945e-01
9.3549e-01
9.4688e-01
9.3851e-01
9.3595e-01
9.3536e-01
9.3316e-01
9.3704e-01
9.3442e-01
9.3908e-01
9.3420e-01
9.3556e-01
9.3465e-01
9.3346e-01
9.3711e-01
9.3739e-01
9.3597e-01
9.3954e-01
9.3493e-01
9.3365e-01
9.3505e-01
9.3786e-01
9.3858e-01
9.3705e-01
9.3853e-01
9.3296e-01
9.3472e-01
9.3366e-01
9.3759e-01
9.3740e-01
9.3813e-01
9.3141e-01
9.3354e-01
9.3027e-01
9.3553e-01
9.3516e-01
9.3279e-01
9.3685e-01
9.3564e-01
9.3452e-01
9.4061e-01
9.3688e-01
9.3275e-01
9.3074e-01
9.3449e-01
9.3653e-01
9.3505e-01
9.3831e-01
9.2754e-01
9.3564e-01
9.3485e-01
9.3539e-01
9.4175e-01
9.3679e-01
9.3577e-01
9.3375e-01
9.3722e-01
9.3420e-01
9.3593e-01
9.3839e-01
