9.2973e-01
9.3411e-01
9.3989e-01
9.1005e-01
9.1757e-01
9.2281e-01
9.3448e-01
9.1739e-01
9.2512e-01
9.2880e-01
9.3607e-01
9.2344e-01
9.3855e-01
9.4177e-01
9.2776e-01
9.2248e-01
9.4456e-01
9.2596e-01
9.2250e-01
9.3139e-01
9.2124e-01
9.1965e-01
9.2450e-01
9.3400e-01
9.3579e-01
9.3560e-01
9.2839e-01
9.3629e-01
9.2859e-01
9.2872e-01
9.2700e-01
9.2217e-01
9.3596e-01
9.3240e-01
9.2419e-01
9.3253e-01
9.3224e-01
9.3488e-01
9.2184e-01
9.3423e-01
9.3591e-01
9.2858e-01
9.2250e-01
9.3533e-01
9.2888e-01
9.2492e-01
9.1758e-01
9.1605e-01
9.3691e-01
9.3914e-01
9.4365e-01
9.2199e-01
9.3005e-01
9.2030e-01
9.1950e-01
9.4832e-01
9.3880e-01
9.2386e-01
9.2881e-01
9.2550e-01
9.3302e-01
9.3572e-01
9.1993e-01
9.2322e-01
9.2529e-01
9.2439e-01
9.3866e-01
9.2241e-01
9.2794e-01
9.1253e-01
9.4056e-01
9.3642e-01
9.2800e-01
9.2875e-01
9.1679e-01
9.3341e-01
9.3055e-01
9.3065e-01
9.2050e-01
9.2838e-01
9.2953e-01
9.2591e-01
9.0699e-01
9.3217e-01
9.2839e-01
9.3488e-01
9.3812e-01
9.2616e-01
9.4028e-01
9.2056e-01
9.3501e-01
9.2313e-01
9.2357e-01
9.3376e-01
9.3688e-01
9.2994e-01
9.2846e-01
9.2564e-01
9.2531e-01
9.2331e-01
9.3604e-01
9.2610e-01
9.2621e-01
9.2101e-01
9.1784e-01
9.2304e-01
9.1655e-01
9.3150e-01
9.2929e-01
9.2040e-01
9.3155e-01
9.3779e-01
9.2050e-01
9.2784e-01
9.3362e-01
9.2974e-01
9.2795e-01
9.3951e-01
9.3864e-01
9.3226e-01
9.2821e-01
9.3645e-01
9.4120e-01
9.2384e-01
9.3465e-01
9.4047e-01
9.3432e-01
9.3441e-01
9.2354e-01
9.3042e-01
9.2814e-01
9.2034e-01
9.4082e-01
9.3830e-01
9.2194e-01
9.2834e-01
9.1583e-01
9.2128e-01
9.2238e-01
9.3314e-01
9.2597e-01
9.3132e-01
9.3312e-01
9.3647e-01
9.3741e-01
9.2140e-01
9.1929e-01
9.1819e-01
9.3433e-01
9.2731e-01
9.2544e-01
9.3729e-01
9.1726e-01
9.3175e-01
9.1794e-01
9.2404e-01
9.2148e-01
9.3479e-01
9.2563e-01
9.3681e-01
9.1590e-01
9.2620e-01
9.1160e-01
9.3843e-01
9.3452e-01
9.3078e-01
9.3183e-01
9.3040e-01
9.1684e-01
9.2246e-01
9.2488e-01
9.1743e-01
9.2719e-01
9.2965e-01
9.3951e-01
9.2293e-01
9.3218e-01
9.2863e-01
9.3235e-01
9.2158e-01
9.2307e-01
9.3910e-01
9.0961e-01
9.1069e-01
9.2529e-01
9.3580e-01
9.3062e-01
9.2546e-01
9.2865e-01
9.3517e-01
9.2757e-01
9.1641e-01
9.1376e-01
9.2120e-01
9.2407e-01
9.2770e-01
9.4595e-01
9.2461e-01
9.3344e-01
9.2891e-01
9.2841e-01
9.3802e-01
9.2875e-01
9.4762e-01
9.2529e-01
9.1964e-01
9.1514e-01
9.2642e-01
9.3845e-01
9.2824e-01
9.2992e-01
9.3276e-01
9.2912e-01
9.3537e-01
9.2056e-01
9.3885e-01
9.1960e-01
9.3391e-01
9.2629e-01
9.3423e-01
9.2876e-01
9.3201e-01
9.2033e-01
9.2989e-01
9.3752e-01
9.2863e-01
9.2128e-01
9.4058e-01
9.3565e-01
9.2583e-01
9.4266e-01
9.3276e-01
9.2401e-01
9.2250e-01
9.1545e-01
9.3076e-01
9.1482e-01
9.4523e-01
9.2885e-01
9.0896e-01
9.2552e-01
9.3221e-01
9.2250e-01
9.3615e-01
9.3586e-01
9.3002e-01
9.2741e-01
9.1723e-01
9.3243e-01
9.3076e-01
9.3401e-01
9.3034e-01
9.4566e-01
9.2418e-01
9.1473e-01
9.4419e-01
9.1744e-01
9.3457e-01
9.1578e-01
9.1479e-01
9.4689e-01
9.3772e-01
9.2646e-01
9.3382e-01
9.3434e-01
9.2180e-01
9.2876e-01
9.3348e-01
9.3994e-01
9.2977e-01
9.2578e-01
9.1908e-01
9.2639e-01
9.2070e-01
9.2640e-01
9.3101e-01
9.1541e-01
9.2373e-01
9.2160e-01
9.2460e-01
9.4202e-01
9.2627e-01
9.3378e-01
9.3084e-01
9.2850e-01
9.2403e-01
9.2546e-01
9.1839e-01
9.2829e-01
9.3194e-01
9.2417e-01
9.2708e-01
9.2415e-01
9.2272e-01
9.2487e-01
9.1529e-01
9.2728e-01
9.2840e-01
9.3774e-01
9.2632e-01
9.4176e-01
9.1538e-01
9.1121e-01
9.2082e-01
9.0247e-01
9.3100e-01
9.3776e-01
9.2778e-01
9.2294e-01
9.2619e-01
9.3957e-01
9.3773e-01
9.2694e-01
9.3177e-01
9.3492e-01
9.2007e-01
9.2484e-01
9.2517e-01
9.2372e-01
9.4038e-01
9.2199e-01
9.3522e-01
9.1810e-01
9.2199e-01
9.2717e-01
9.4544e-01
9.1775e-01
9.3055e-01
9.2802e-01
9.1345e-01
9.4264e-01
9.3380e-01
9.1545e-01
9.2784e-01
9.4063e-01
9.0801e-01
9.1180e-01
9.2924e-01
9.2073e-01
9.2887e-01
9.2140e-01
9.2418e-01
9.1825e-01
9.3465e-01
9.1801e-01
9.2803e-01
9.2554e-01
9.3559e-01
9.2733e-01
9.2481e-01
9.3368e-01
9.3034e-01
9.2805e-01
9.2626e-01
9.4024e-01
9.3306e-01
9.3161e-01
9.4034e-01
9.2632e-01
9.1930e-01
9.3783e-01
9.2836e-01
9.4785e-01
9.3593e-01
9.1447e-01
9.2749e-01
9.2652e-01
9.3055e-01
9.3744e-01
9.3749e-01
9.4100e-01
9.2094e-01
9.1346e-01
9.3504e-01
9.3325e-01
9.1841e-01
9.2846e-01
9.3058e-01
9.2689e-01
9.4161e-01
9.3449e-01
9.3214e-01
9.1286e-01
9.2915e-01
9.2870e-01
9.2968e-01
9.2962e-01
9.1662e-01
9.2265e-01
9.2525e-01
9.1789e-01
9.3657e-01
9.2089e-01
9.3396e-01
9.2716e-01
9.3303e-01
9.3519e-01
9.3655e-01
9.2683e-01
9.2997e-01
9.2926e-01
9.3687e-01
9.1437e-01
9.2023e-01
9.2282e-01
9.2962e-01
9.1966e-01
9.2361e-01
9.2932e-01
9.3107e-01
9.3474e-01
9.3706e-01
9.2227e-01
9.3411e-01
9.4505e-01
9.4426e-01
9.4489e-01
9.3486e-01
9.2763e-01
9.0467e-01
9.3459e-01
9.3351e-01
9.1250e-01
9.3665e-01
9.2272e-01
9.2563e-01
9.2290e-01
9.2926e-01
9.3481e-01
9.3938e-01
9.3744e-01
9.4269e-01
9.2994e-01
9.3184e-01
9.3354e-01
9.2106e-01
9.3879e-01
9.2589e-01
9.3336e-01
9.2443e-01
9.3482e-01
9.3611e-01
9.2932e-01
9.3479e-01
9.3335e-01
9.2417e-01
9.2601e-01
9.1471e-01
9.2354e-01
9.2002e-01
9.3281e-01
9.2959e-01
9.3629e-01
9.3624e-01
9.4578e-01
9.2575e-01
9.2211e-01
9.3236e-01
9.2454e-01
9.3854e-01
9.3094e-01
9.4335e-01
9.2317e-01
9.2816e-01
9.1046e-01
9.3374e-01
9.1986e-01
9.5231e-01
9.1044e-01
9.1971e-01
9.2555e-01
9.2312e-01
9.3645e-01
9.3654e-01
9.4789e-01
9.3229e-01
9.3527e-01
9.2542e-01
9.2018e-01
9.3422e-01
9.2373e-01
9.3222e-01
9.0954e-01
9.1428e-01
9.2012e-01
9.3056e-01
9.2094e-01
9.1914e-01
9.3300e-01
9.3513e-01
9.3351e-01
9.2588e-01
9.3628e-01
9.2900e-01
9.3047e-01
9.3015e-01
9.1831e-01
9.3965e-01
9.3368e-01
9.3304e-01
9.2519e-01
9.2281e-01
9.3588e-01
9.3782e-01
9.2970e-01
9.2289e-01
9.2173e-01
9.2560e-01
9.3033e-01
9.3101e-01
9.1757e-01
9.3124e-01
9.1422e-01
9.2615e-01
9.4565e-01
9.1764e-01
9.4201e-01
9.2456e-01
9.3337e-01
9.3910e-01
9.1988e-01
9.3686e-01
9.3450e-01
9.3039e-01
9.2192e-01
9.2509e-01
9.2624e-01
9.2931e-01
9.1797e-01
9.3472e-01
9.2907e-01
9.3244e-01
9.2411e-01
9.2906e-01
9.2938e-01
9.0946e-01
9.2918e-01
9.3230e-01
9.3054e-01
9.4398e-01
9.2549e-01
9.3495e-01
9.2664e-01
9.4839e-01
9.4415e-01
9.3979e-01
9.2789e-01
9.2388e-01
9.3256e-01
9.3526e-01
9.3145e-01
9.3258e-01
9.2648e-01
9.2651e-01
9.3220e-01
9.1618e-01
9.3188e-01
9.2539e-01
9.3074e-01
9.4376e-01
9.3287e-01
9.1619e-01
9.3373e-01
9.3473e-01
9.3107e-01
9.2638e-01
9.3054e-01
9.3036e-01
9.3074e-01
9.3685e-01
9.1861e-01
9.3100e-01
9.3344e-01
9.3566e-01
9.2607e-01
9.2660e-01
9.1098e-01
9.1474e-01
9.3920e-01
9.2457e-01
9.2906e-01
9.2833e-01
9.3186e-01
9.3859e-01
9.3593e-01
8.9924e-01
9.3373e-01
9.2438e-01
9.3605e-01
9.2139e-01
9.2774e-01
9.2525e-01
9.2661e-01
9.3059e-01
9.2710e-01
9.2978e-01
9.1786e-01
9.2228e-01
9.1984e-01
9.3763e-01
9.1617e-01
9.1842e-01
9.4646e-01
9.3420e-01
9.3130e-01
9.2894e-01
9.2993e-01
9.2897e-01
9.3039e-01
9.2862e-01
9.2541e-01
9.3448e-01
9.1451e-01
9.3509e-01
9.3853e-01
9.2651e-01
9.1889e-01
9.3495e-01
9.2778e-01
9.2211e-01
9.3784e-01
9.2020e-01
9.0936e-01
9.2664e-01
9.3078e-01
9.2975e-01
9.4210e-01
9.2672e-01
9.2168e-01
9.1627e-01
9.2834e-01
9.3327e-01
9.1605e-01
9.2988e-01
9.3082e-01
9.3026e-01
9.1663e-01
9.2208e-01
9.3128e-01
9.2592e-01
9.1969e-01
9.2401e-01
9.3027e-01
9.4069e-01
9.2188e-01
9.2847e-01
9.3425e-01
9.3612e-01
9.2667e-01
9.4355e-01
9.3673e-01
9.2599e-01
9.3594e-01
9.3528e-01
9.2787e-01
9.2155e-01
9.2726e-01
9.3504e-01
9.0414e-01
9.4002e-01
9.1527e-01
9.3274e-01
9.4027e-01
9.4390e-01
9.2267e-01
9.4104e-01
9.3101e-01
9.4149e-01
9.1538e-01
9.2959e-01
9.3446e-01
9.3753e-01
9.4950e-01
9.2551e-01
9.2253e-01
9.3067e-01
9.2806e-01
9.2746e-01
9.1602e-01
9.2680e-01
9.4421e-01
9.2469e-01
9.2710e-01
9.2111e-01
9.3538e-01
9.2956e-01
8.9834e-01
9.1942e-01
9.3007e-01
9.2773e-01
9.2363e-01
9.3958e-01
9.2994e-01
9.2786e-01
9.4229e-01
9.0784e-01
9.2549e-01
9.3783e-01
9.1799e-01
9.2077e-01
9.2565e-01
9.3790e-01
9.3946e-01
9.4380e-01
9.2522e-01
9.3208e-01
9.2693e-01
9.3381e-01
9.1634e-01
9.2893e-01
9.4679e-01
9.2470e-01
9.2556e-01
9.1961e-01
9.2780e-01
9.3955e-01
9.3580e-01
9.3859e-01
9.3414e-01
9.1965e-01
9.3379e-01
9.3430e-01
9.2948e-01
9.3125e-01
9.2291e-01
9.2929e-01
9.2064e-01
9.3507e-01
9.3160e-01
9.1999e-01
9.2450e-01
9.2899e-01
9.2626e-01
9.3187e-01
9.5111e-01
9.2731e-01
9.2039e-01
9.3188e-01
9.6074e-01
9.2737e-01
9.3567e-01
9.2689e-01
9.1237e-01
9.4794e-01
9.2031e-01
9.3511e-01
9.3745e-01
9.2522e-01
9.2899e-01
9.3009e-01
9.3511e-01
9.2469e-01
9.1962e-01
9.3649e-01
9.3373e-01
9.3565e-01
9.2590e-01
9.3182e-01
9.2126e-01
9.2139e-01
9.4483e-01
9.2094e-01
9.2883e-01
9.2812e-01
9.2426e-01
9.2741e-01
9.3290e-01
9.1470e-01
9.3762e-01
9.3399e-01
9.3435e-01
9.3148e-01
9.2872e-01
9.3371e-01
9.2328e-01
9.2926e-01
9.3613e-01
9.2523e-01
9.4928e-01
9.2722e-01
9.2281e-01
9.3255e-01
9.3381e-01
9.3664e-01
9.2006e-01
9.2963e-01
9.2758e-01
9.2478e-01
9.2055e-01
9.3156e-01
9.2546e-01
9.0917e-01
9.1932e-01
9.2176e-01
9.3090e-01
9.4196e-01
9.2555e-01
9.2721e-01
9.1306e-01
9.3776e-01
9.2961e-01
9.2771e-01
9.3815e-01
9.2171e-01
9.1993e-01
9.2039e-01
9.3337e-01
9.1210e-01
9.3084e-01
9.1865e-01
9.3472e-01
9.2326e-01
9.2257e-01
9.3087e-01
9.1875e-01
9.2659e-01
9.2234e-01
9.2864e-01
9.3814e-01
9.2267e-01
9.2259e-01
9.2379e-01
9.2089e-01
9.2573e-01
9.2340e-01
9.3807e-01
9.3592e-01
9.2842e-01
9.2322e-01
9.2802e-01
9.2111e-01
9.1703e-01
9.1522e-01
9.3068e-01
9.1551e-01
9.2634e-01
9.4469e-01
9.2990e-01
9.3737e-01
9.4371e-01
9.3085e-01
9.3482e-01
9.2082e-01
9.3718e-01
9.2636e-01
9.1249e-01
9.2490e-01
9.2761e-01
9.2745e-01
9.3439e-01
9.3202e-01
9.3381e-01
9.2620e-01
9.4333e-01
9.2617e-01
9.1093e-01
9.3531e-01
9.2946e-01
9.4533e-01
9.3031e-01
9.2462e-01
9.3054e-01
9.1848e-01
9.4202e-01
9.1953e-01
9.3017e-01
9.2978e-01
9.1680e-01
9.1686e-01
9.2375e-01
9.1240e-01
9.3041e-01
9.2546e-01
9.2617e-01
9.3313e-01
9.3372e-01
9.2821e-01
9.2689e-01
9.2251e-01
9.0920e-01
9.4437e-01
9.2811e-01
9.3528e-01
9.3205e-01
9.1373e-01
9.6108e-01
9.2227e-01
9.1891e-01
9.2407e-01
9.3415e-01
9.2580e-01
9.3578e-01
9.3836e-01
9.3158e-01
9.3171e-01
9.3930e-01
9.1940e-01
9.2645e-01
9.2967e-01
9.4445e-01
9.4405e-01
9.2673e-01
9.2932e-01
9.2935e-01
9.3251e-01
9.2744e-01
9.4182e-01
9.2684e-01
9.2055e-01
9.2396e-01
9.2980e-01
9.1690e-01
9.2432e-01
9.2326e-01
9.2266e-01
9.3747e-01
9.2586e-01
9.3102e-01
9.3064e-01
9.2362e-01
9.3373e-01
9.3422e-01
9.3754e-01
9.2901e-01
9.4633e-01
9.2301e-01
9.4048e-01
9.2663e-01
9.3188e-01
9.2233e-01
9.3581e-01
9.1828e-01
9.2801e-01
9.2697e-01
9.4029e-01
9.2811e-01
9.4340e-01
9.3710e-01
9.1925e-01
9.2412e-01
9.3886e-01
9.2685e-01
9.2401e-01
9.3015e-01
9.3661e-01
9.3888e-01
9.3193e-01
9.2476e-01
9.3113e-01
9.3309e-01
9.2877e-01
9.3313e-01
9.2536e-01
9.2173e-01
9.3534e-01
9.2997e-01
9.2826e-01
9.2702e-01
9.3517e-01
9.3026e-01
9.2577e-01
9.2972e-01
9.2837e-01
9.4234e-01
9.4258e-01
9.3883e-01
9.3639e-01
9.3897e-01
9.2303e-01
9.2236e-01
9.4102e-01
9.3851e-01
9.3295e-01
9.3176e-01
9.2841e-01
9.2633e-01
9.1336e-01
9.1777e-01
9.3331e-01
9.2415e-01
9.2764e-01
9.2139e-01
9.1041e-01
9.2817e-01
9.3800e-01
9.3800e-01
9.3139e-01
9.3672e-01
9.3046e-01
9.2917e-01
9.2989e-01
9.3533e-01
9.3435e-01
9.3852e-01
9.3080e-01
9.1799e-01
9.3010e-01
9.2948e-01
9.4922e-01
9.3088e-01
