9.4209e-01
9.4110e-01
9.3756e-01
9.3631e-01
9.3617e-01
9.3842e-01
9.3865e-01
9.3604e-01
9.4242e-01
9.3625e-01
9.4220e-01
9.4359e-01
9.4034e-01
9.4184e-01
9.4238e-01
9.4084e-01
9.3899e-01
9.4375e-01
9.4143e-01
9.4083e-01
9.4230e-01
9.4319e-01
9.4103e-01
9.3971e-01
9.4640e-01
9.4152e-01
9.3621e-01
9.4453e-01
9.4371e-01
9.4011e-01
9.3484e-01
9.3739e-01
9.3630e-01
9.3925e-01
9.3953e-01
9.3912e-01
9.3802e-01
9.4009e-01
9.3385e-01
9.4360e-01
9.3767e-01
9.4157e-01
9.3753e-01
9.3815e-01
9.4296e-01
9.4283e-01
9.3765e-01
9.4318e-01
9.4412e-01
9.3500e-01
9.3899e-01
9.4329e-01
9.4126e-01
9.4089e-01
9.3793e-01
9.4359e-01
9.4532e-01
9.4443e-01
9.3558e-01
9.4160e-01
9.3952e-01
9.4058e-01
9.3843e-01
9.4098e-01
9.3652e-01
9.3468e-01
9.3638e-01
9.4492e-01
9.3596e-01
9.4007e-01
9.4101e-01
9.3436e-01
9.4115e-01
9.3658e-01
9.4315e-01
9.3918e-01
9.4141e-01
9.4561e-01
9.3954e-01
9.4046e-01
9.3669e-01
9.3674e-01
9.4030e-01
9.3644e-01
9.4166e-01
9.3616e-01
9.3968e-01
9.3766e-01
9.3377e-01
9.3819e-01
9.3828e-01
9.4528e-01
9.3943e-01
9.3743e-01
9.3520e-01
9.4394e-01
9.3473e-01
9.3904e-01
9.4381e-01
9.4475e-01
9.3753e-01
9.3857e-01
9.3778e-01
9.4116e-01
9.4210e-01
9.4130e-01
9.3609e-01
9.4078e-01
9.3785e-01
9.3926e-01
9.4173e-01
9.3774e-01
9.4022e-01
9.3458e-01
9.4357e-01
9.4035e-01
9.3966e-01
9.4311e-01
9.4061e-01
9.3902e-01
9.3896e-01
9.3827e-01
9.3801e-01
9.3647e-01
9.3975e-01
9.3765e-01
9.3784e-01
9.3916e-01
9.3559e-01
9.4085e-01
9.4147e-01
9.4087e-01
9.3610e-01
9.4272e-01
9.3812e-01
9.3907e-01
9.4294e-01
9.3875e-01
9.3637e-01
9.3863e-01
9.4105e-01
9.4514e-01
9.3828e-01
9.4058e-01
9.3788e-01
9.4284e-01
9.4127e-01
9.4046e-01
9.3786e-01
9.4119e-01
9.3931e-01
9.3984e-01
9.4378e-01
9.3770e-01
9.3852e-01
9.4082e-01
9.4082e-01
9.4243e-01
9.4587e-01
9.4348e-01
9.4089e-01
9.3883e-01
9.3845e-01
9.3775e-01
9.3937e-01
9.4147e-01
9.3868e-01
9.4052e-01
9.3926e-01
9.4147e-01
9.3829e-01
9.4064e-01
9.3896e-01
9.4534e-01
9.4436e-01
9.3797e-01
9.3900e-01
9.4193e-01
9.3820e-01
9.4158e-01
9.3410e-01
9.3752e-01
9.3490e-01
9.4180e-01
9.3877e-01
9.3868e-01
9.3887e-01
9.3637e-01
9.3674e-01
9.4209e-01
9.4371e-01
9.3564e-01
9.3627e-01
9.4041e-01
9.3871e-01
9.4340e-01
9.3810e-01
9.3954e-01
9.4161e-01
9.3032e-01
9.4038e-01
9.3738e-01
9.4214e-01
9.3421e-01
9.4279e-01
9.3915e-01
9.3933e-01
9.4346e-01
9.4216e-01
9.3858e-01
9.3956e-01
9.3943e-01
9.3738e-01
9.3808e-01
9.3958e-01
9.3653e-01
9.3770e-01
9.4252e-01
9.4134e-01
9.3927e-01
9.3731e-01
9.4073e-01
9.4130e-01
9.4343e-01
9.3732e-01
9.4036e-01
9.3856e-01
9.3965e-01
9.3698e-01
9.3559e-01
9.3655e-01
9.4231e-01
9.4213e-01
9.3594e-01
9.3707e-01
9.3943e-01
9.4402e-01
9.3760e-01
9.3919e-01
9.4042e-01
9.3935e-01
9.4352e-01
9.3778e-01
9.4204e-01
9.3804e-01
9.3758e-01
9.3760e-01
9.4315e-01
9.4044e-01
9.4155e-01
9.3686e-01
9.4545e-01
9.3956e-01
9.3918e-01
9.3937e-01
9.3229e-01
9.4010e-01
9.3776e-01
9.4190e-01
9.3576e-01
9.3981e-01
9.3797e-01
9.4035e-01
9.4083e-01
9.4182e-01
9.4155e-01
9.4305e-01
9.3820e-01
9.3956e-01
9.4326e-01
9.3889e-01
9.4089e-01
9.3763e-01
9.3744e-01
9.4458e-01
9.3519e-01
9.4204e-01
9.4169e-01
9.3525e-01
9.3927e-01
9.3432e-01
9.3799e-01
9.3945e-01
9.3823e-01
9.4056e-01
9.4019e-01
9.4081e-01
9.4067e-01
9.3637e-01
9.3884e-01
9.3771e-01
9.4210e-01
9.4155e-01
9.3984e-01
9.4288e-01
9.3975e-01
9.4035e-01
9.3981e-01
9.4245e-01
9.3934e-01
9.4488e-01
9.4208e-01
9.3519e-01
9.4326e-01
9.4310e-01
9.4285e-01
9.3900e-01
9.3755e-01
9.3857e-01
9.4058e-01
9.3869e-01
9.4329e-01
9.4163e-01
9.3926e-01
9.3874e-01
9.3774e-01
9.4388e-01
9.3907e-01
9.3816e-01
9.3888e-01
9.4155e-01
9.3752e-01
9.4385e-01
9.4060e-01
9.4021e-01
9.3951e-01
9.4136e-01
9.3831e-01
9.3913e-01
9.3593e-01
9.3639e-01
9.3894e-01
9.3883e-01
9.4215e-01
9.4563e-01
9.3822e-01
9.3984e-01
9.4173e-01
9.3903e-01
9.3982e-01
9.3943e-01
9.3596e-01
9.3874e-01
9.3938e-01
9.4438e-01
9.3575e-01
9.3990e-01
9.3824e-01
9.4159e-01
9.4070e-01
9.3670e-01
9.4200e-01
9.4053e-01
9.4412e-01
9.4292e-01
9.3740e-01
9.4094e-01
9.3558e-01
9.3999e-01
9.3895e-01
9.3939e-01
9.4030e-01
9.3822e-01
9.3720e-01
9.3577e-01
9.3055e-01
9.3811e-01
9.4031e-01
9.3956e-01
9.3856e-01
9.4391e-01
9.3720e-01
9.4412e-01
9.3953e-01
9.4448e-01
9.4099e-01
9.4157e-01
9.3847e-01
9.3983e-01
9.3916e-01
9.3983e-01
9.4041e-01
9.4236e-01
9.4161e-01
9.3932e-01
9.4135e-01
9.4036e-01
9.4188e-01
9.3906e-01
9.4516e-01
9.4185e-01
9.3555e-01
9.4408e-01
9.3920e-01
9.3828e-01
9.3857e-01
9.3218e-01
9.4350e-01
9.4084e-01
9.3615e-01
9.4017e-01
9.3749e-01
9.3661e-01
9.4326e-01
9.4134e-01
9.3852e-01
9.4327e-01
9.3470e-01
9.4180e-01
9.4506e-01
9.3844e-01
9.4257e-01
9.3900e-01
9.4073e-01
9.4173e-01
9.4304e-01
9.3857e-01
9.4191e-01
9.4030e-01
9.3945e-01
9.3655e-01
9.4413e-01
9.3775e-01
9.3760e-01
9.4235e-01
9.4260e-01
9.3609e-01
9.3955e-01
9.4173e-01
9.3917e-01
9.3926e-01
9.3784e-01
9.3715e-01
9.4110e-01
9.4065e-01
9.3960e-01
9.4370e-01
9.4121e-01
9.4166e-01
9.3984e-01
9.3684e-01
9.4289e-01
9.3795e-01
9.3763e-01
9.3527e-01
9.4031e-01
9.4220e-01
9.3730e-01
9.4210e-01
9.3991e-01
9.4425e-01
9.3921e-01
9.3645e-01
9.3888e-01
9.3492e-01
9.4236e-01
9.4627e-01
9.4291e-01
9.4521e-01
9.3979e-01
9.3886e-01
9.4196e-01
9.4356e-01
9.4232e-01
9.4215e-01
9.3653e-01
9.3819e-01
9.3886e-01
9.3972e-01
9.4286e-01
9.3423e-01
9.3657e-01
9.4067e-01
9.3778e-01
9.3998e-01
9.4223e-01
9.3626e-01
9.3815e-01
9.4129e-01
9.3936e-01
9.3708e-01
9.4563e-01
9.3858e-01
9.4508e-01
9.3666e-01
9.3923e-01
9.3819e-01
9.3810e-01
9.4082e-01
9.3857e-01
9.3898e-01
9.4109e-01
9.3963e-01
9.3982e-01
9.3979e-01
9.4451e-01
9.3894e-01
9.4347e-01
9.4422e-01
9.3709e-01
9.4092e-01
9.3627e-01
9.4004e-01
9.4020e-01
9.3570e-01
9.3516e-01
9.3594e-01
9.4079e-01
9.4044e-01
9.4227e-01
9.3964e-01
9.4009e-01
9.3714e-01
9.3793e-01
9.4036e-01
9.3873e-01
9.3859e-01
9.3905e-01
9.4029e-01
9.4550e-01
9.3943e-01
9.4110e-01
9.4334e-01
9.4000e-01
9.4282e-01
9.4107e-01
9.3961e-01
9.4151e-01
9.4160e-01
9.4064e-01
9.4309e-01
9.4068e-01
9.4378e-01
9.3591e-01
9.3678e-01
9.3979e-01
9.3921e-01
9.3591e-01
9.3542e-01
9.3697e-01
9.4209e-01
9.3957e-01
9.3713e-01
9.3907e-01
9.4037e-01
9.3892e-01
9.3855e-01
9.3413e-01
9.4445e-01
9.4139e-01
9.3723e-01
9.3800e-01
9.3992e-01
9.3979e-01
9.3841e-01
9.4405e-01
9.3891e-01
9.4076e-01
9.4513e-01
9.4160e-01
9.4013e-01
9.3406e-01
9.4123e-01
9.3557e-01
9.4035e-01
9.4007e-01
9.3600e-01
9.4026e-01
9.4319e-01
9.4422e-01
9.3991e-01
9.3686e-01
9.4023e-01
9.3995e-01
9.4037e-01
9.3871e-01
9.3543e-01
9.3948e-01
9.3607e-01
9.4248e-01
9.3910e-01
9.3801e-01
9.4052e-01
9.3885e-01
9.3906e-01
9.3847e-01
9.4393e-01
9.4272e-01
9.4363e-01
9.4439e-01
9.3561e-01
9.3639e-01
9.3933e-01
9.4096e-01
9.3923e-01
9.3982e-01
9.3755e-01
9.3927e-01
9.4021e-01
9.4110e-01
9.4211e-01
9.4065e-01
9.4206e-01
9.3978e-01
9.3972e-01
9.3989e-01
9.4007e-01
9.4087e-01
9.3889e-01
9.4160e-01
9.3689e-01
9.3335e-01
9.4070e-01
9.4038e-01
9.3870e-01
9.3683e-01
9.3460e-01
9.3827e-01
9.3773e-01
9.4045e-01
9.3932e-01
9.4491e-01
9.3855e-01
9.3906e-01
9.3679e-01
9.3571e-01
9.4320e-01
9.3744e-01
9.4173e-01
9.3410e-01
9.4077e-01
9.3594e-01
9.3623e-01
9.3706e-01
9.3957e-01
9.4090e-01
9.4114e-01
9.3977e-01
9.4003e-01
9.3633e-01
9.3584e-01
9.4359e-01
9.3504e-01
9.4002e-01
9.4104e-01
9.3984e-01
9.3903e-01
9.4168e-01
9.4345e-01
9.3704e-01
9.4034e-01
9.4111e-01
9.4011e-01
9.4117e-01
9.3944e-01
9.3616e-01
9.4152e-01
9.4114e-01
9.4093e-01
9.3986e-01
9.4449e-01
9.3894e-01
9.4017e-01
9.4005e-01
9.3999e-01
9.3871e-01
9.3718e-01
9.4230e-01
9.4456e-01
9.3873e-01
9.4079e-01
9.4005e-01
9.3910e-01
9.4017e-01
9.3469e-01
9.4381e-01
9.3777e-01
9.3896e-01
9.4069e-01
9.4025e-01
9.3806e-01
9.4146e-01
9.3968e-01
9.3950e-01
9.4201e-01
9.4188e-01
9.4091e-01
9.3938e-01
9.4041e-01
9.3969e-01
9.4069e-01
9.4360e-01
9.4004e-01
9.4193e-01
9.4012e-01
9.3991e-01
9.3836e-01
9.4048e-01
9.3952e-01
9.4101e-01
9.3879e-01
9.3816e-01
9.3837e-01
9.4076e-01
9.4052e-01
9.4044e-01
9.4066e-01
9.4116e-01
9.3784e-01
9.3881e-01
9.3805e-01
9.3527e-01
9.4194e-01
9.4226e-01
9.3887e-01
9.4370e-01
9.3965e-01
9.3632e-01
9.4163e-01
9.4217e-01
9.4246e-01
9.4371e-01
9.3741e-01
9.3800e-01
9.3717e-01
9.4089e-01
9.4146e-01
9.4139e-01
9.4141e-01
9.3601e-01
9.4375e-01
9.4008e-01
9.3955e-01
9.4145e-01
9.4343e-01
9.4061e-01
9.4258e-01
9.3907e-01
9.3690e-01
9.3921e-01
9.3782e-01
9.4153e-01
9.4177e-01
9.3542e-01
9.3829e-01
9.3947e-01
9.3817e-01
9.4080e-01
9.3903e-01
9.3866e-01
9.3542e-01
9.3867e-01
9.3960e-01
9.4048e-01
9.3998e-01
9.4130e-01
9.4198e-01
9.3912e-01
9.4130e-01
9.4083e-01
9.4357e-01
9.3851e-01
9.3996e-01
9.3851e-01
9.4134e-01
9.3489e-01
9.3466e-01
9.3745e-01
9.3799e-01
9.3911e-01
9.3711e-01
9.3804e-01
9.3685e-01
9.3902e-01
9.4042e-01
9.3622e-01
9.4321e-01
9.4240e-01
9.3279e-01
9.3876e-01
9.3709e-01
9.3807e-01
9.4158e-01
9.4073e-01
9.4445e-01
9.4141e-01
9.3672e-01
9.3971e-01
9.3997e-01
9.3953e-01
9.3914e-01
9.4006e-01
9.3531e-01
9.3826e-01
9.3986e-01
9.3436e-01
9.3896e-01
9.4336e-01
9.4016e-01
9.3990e-01
9.3599e-01
9.4134e-01
9.3333e-01
9.4143e-01
9.4004e-01
9.4350e-01
9.3918e-01
9.4179e-01
9.3673e-01
9.3908e-01
9.4163e-01
9.4176e-01
9.4131e-01
9.3931e-01
9.3922e-01
9.4313e-01
9.3872e-01
9.4294e-01
9.3949e-01
9.3797e-01
9.4126e-01
9.3714e-01
9.4078e-01
9.3986e-01
9.4181e-01
9.4167e-01
9.4019e-01
9.3346e-01
9.4355e-01
9.3888e-01
9.3817e-01
9.3991e-01
9.4109e-01
9.3613e-01
9.3906e-01
9.3983e-01
9.3855e-01
9.4087e-01
9.4193e-01
9.3673e-01
9.3866e-01
9.4344e-01
9.4261e-01
9.4325e-01
9.4160e-01
9.4049e-01
9.4316e-01
9.4207e-01
9.3660e-01
9.3512e-01
9.4105e-01
9.4377e-01
9.3970e-01
9.3691e-01
9.3842e-01
9.3677e-01
9.3516e-01
9.3834e-01
9.4178e-01
9.3749e-01
9.3795e-01
9.4011e-01
9.4267e-01
9.4303e-01
9.3787e-01
9.4132e-01
9.4477e-01
9.3783e-01
9.4238e-01
9.4073e-01
9.4023e-01
9.3751e-01
9.4009e-01
9.3855e-01
9.3919e-01
9.4414e-01
9.4074e-01
9.3759e-01
9.3375e-01
9.3750e-01
9.3897e-01
9.3958e-01
9.3911e-01
9.4653e-01
9.3919e-01
9.4521e-01
9.4221e-01
9.4159e-01
9.3922e-01
9.3920e-01
9.3935e-01
9.3966e-01
9.4202e-01
9.3957e-01
9.3728e-01
9.4351e-01
9.3798e-01
9.4206e-01
9.4045e-01
9.3865e-01
9.3678e-01
9.4047e-01
9.4019e-01
9.3911e-01
9.3838e-01
9.3364e-01
9.4414e-01
9.4185e-01
9.3745e-01
9.4243e-01
9.3898e-01
9.3635e-01
9.4054e-01
9.4182e-01
9.3883e-01
9.3609e-01
9.4258e-01
9.3867e-01
9.3613e-01
9.4264e-01
9.4126e-01
9.3785e-01
9.3736e-01
9.3534e-01
9.3873e-01
9.3797e-01
9.3807e-01
9.3945e-01
9.3835e-01
9.3831e-01
9.4024e-01
9.4224e-01
9.3964e-01
9.4156e-01
9.4043e-01
9.3975e-01
9.3701e-01
9.4175e-01
9.3960e-01
9.4088e-01
9.4164e-01
9.4334e-01
9.4193e-01
9.4274e-01
9.3191e-01
9.3900e-01
9.4222e-01
9.4044e-01
9.4109e-01
9.4271e-01
9.4011e-01
9.3817e-01
9.3745e-01
9.4069e-01
9.4293e-01
9.3482e-01
9.4112e-01
9.4196e-01
9.4340e-01
9.4156e-01
9.4088e-01
9.3914e-01
9.3898e-01
9.4322e-01
9.4066e-01
9.3697e-01
9.3717e-01
9.4295e-01
9.4243e-01
9.4257e-01
9.4012e-01
9.3805e-01
9.4065e-01
9.3877e-01
9.3923e-01
9.4035e-01
9.3722e-01
9.4084e-01
9.4047e-01
9.4038e-01
9.3868e-01
9.4199e-01
9.4191e-01
9.3718e-01
9.3122e-01
9.3817e-01
9.4081e-01
9.3921e-01
9.3626e-01
9.3546e-01
9.3979e-01
9.3952e-01
9.4367e-01
9.3916e-01
9.4149e-01
9.4097e-01
9.4349e-01
9.4075e-01
9.3976e-01
9.4222e-01
