9.4112e-01
9.1599e-01
9.2052e-01
9.1436e-01
9.3252e-01
9.2517e-01
9.1162e-01
9.2078e-01
9.2692e-01
9.0908e-01
9.2119e-01
9.2535e-01
9.1800e-01
9.1963e-01
9.1000e-01
9.2131e-01
9.0848e-01
9.2462e-01
9.2296e-01
9.1067e-01
9.2123e-01
9.2680e-01
9.3678e-01
9.1507e-01
9.2004e-01
9.2307e-01
9.0253e-01
9.2131e-01
9.2274e-01
9.3278e-01
9.1555e-01
9.2637e-01
9.0396e-01
9.2539e-01
9.2967e-01
9.2303e-01
9.2118e-01
9.1132e-01
9.2777e-01
9.2829e-01
9.3091e-01
9.0688e-01
9.4894e-01
9.2881e-01
8.9681e-01
9.2958e-01
9.2074e-01
9.2557e-01
9.0957e-01
9.2437e-01
9.1489e-01
9.1453e-01
9.4890e-01
9.2916e-01
9.0126e-01
9.1323e-01
9.1634e-01
9.2399e-01
9.0990e-01
9.2272e-01
9.0399e-01
9.3696e-01
9.4201e-01
9.2716e-01
9.1655e-01
9.2240e-01
9.4184e-01
9.3723e-01
9.1178e-01
9.3499e-01
9.1608e-01
9.2280e-01
9.2236e-01
9.2754e-01
9.2009e-01
9.1424e-01
9.3094e-01
9.2463e-01
9.2439e-01
9.1596e-01
9.1300e-01
9.0870e-01
9.2880e-01
9.0495e-01
9.2524e-01
9.0876e-01
9.1667e-01
9.2530e-01
9.0911e-01
9.1862e-01
9.2372e-01
9.2282e-01
9.2430e-01
9.2817e-01
9.2377e-01
9.2262e-01
9.2434e-01
9.2607e-01
9.2429e-01
9.2881e-01
9.1490e-01
9.1339e-01
9.2809e-01
9.0785e-01
9.3131e-01
9.2473e-01
9.2001e-01
9.1850e-01
9.2517e-01
9.0788e-01
9.0598e-01
9.3300e-01
9.1288e-01
9.1874e-01
9.2053e-01
9.2108e-01
9.2111e-01
9.2431e-01
9.0813e-01
9.0442e-01
9.1261e-01
9.1633e-01
9.4164e-01
9.1663e-01
9.1482e-01
8.8782e-01
9.1783e-01
9.2695e-01
9.1926e-01
9.3186e-01
9.2456e-01
9.3140e-01
9.0290e-01
9.1027e-01
9.0368e-01
9.2130e-01
9.0484e-01
9.1620e-01
9.3623e-01
9.1815e-01
9.1816e-01
9.1748e-01
8.9697e-01
9.0891e-01
9.1152e-01
9.2851e-01
9.0976e-01
9.0943e-01
8.9248e-01
9.1785e-01
9.1540e-01
9.2423e-01
8.9809e-01
9.4438e-01
9.2059e-01
9.3062e-01
9.1103e-01
9.2734e-01
9.1950e-01
9.0911e-01
9.2486e-01
8.9316e-01
9.1146e-01
8.9408e-01
9.0141e-01
9.4103e-01
9.1097e-01
9.0606e-01
9.3365e-01
9.2342e-01
9.1917e-01
9.1000e-01
9.3902e-01
9.2562e-01
9.1032e-01
9.1364e-01
9.1848e-01
9.1991e-01
9.4393e-01
9.1390e-01
9.1212e-01
9.2440e-01
9.2111e-01
9.2169e-01
9.2935e-01
9.1417e-01
9.0762e-01
9.1902e-01
9.2718e-01
9.1274e-01
8.9538e-01
9.3036e-01
9.4688e-01
9.1406e-01
9.1493e-01
9.2131e-01
9.1960e-01
9.1444e-01
9.2366e-01
9.3856e-01
9.2066e-01
9.1966e-01
9.1267e-01
9.1754e-01
9.2814e-01
9.0780e-01
9.1911e-01
9.3063e-01
9.2701e-01
9.2233e-01
9.0381e-01
9.1978e-01
9.2027e-01
9.3454e-01
9.3468e-01
9.1352e-01
9.1849e-01
9.2126e-01
9.2895e-01
9.0794e-01
9.4607e-01
9.2081e-01
9.2561e-01
9.1961e-01
9.0146e-01
9.2328e-01
9.1926e-01
9.2124e-01
9.1680e-01
9.3645e-01
9.1812e-01
9.2436e-01
9.3337e-01
9.0490e-01
9.2970e-01
9.2165e-01
9.1739e-01
9.5128e-01
9.1931e-01
9.2598e-01
9.1376e-01
9.1771e-01
9.1568e-01
9.3100e-01
9.2887e-01
9.2283e-01
9.1226e-01
9.1518e-01
9.3680e-01
9.2003e-01
9.2179e-01
9.4882e-01
9.1000e-01
9.2043e-01
9.1778e-01
9.0797e-01
9.1978e-01
9.3197e-01
9.1891e-01
9.1637e-01
9.2054e-01
9.2545e-01
9.1726e-01
9.5340e-01
9.3186e-01
9.1400e-01
9.1574e-01
9.3646e-01
9.0794e-01
9.2482e-01
9.2170e-01
9.3716e-01
9.4756e-01
9.0508e-01
9.1080e-01
9.1513e-01
9.1467e-01
9.0178e-01
9.1501e-01
9.1516e-01
9.2368e-01
9.0391e-01
9.1138e-01
9.1557e-01
9.2441e-01
9.2754e-01
9.1835e-01
9.1660e-01
9.2672e-01
9.1760e-01
9.2080e-01
9.1822e-01
9.2273e-01
9.2982e-01
9.2321e-01
9.1513e-01
9.2655e-01
8.9885e-01
9.2235e-01
9.2110e-01
9.1954e-01
9.2225e-01
9.2662e-01
9.1709e-01
9.2369e-01
9.1946e-01
9.3047e-01
9.3401e-01
9.1137e-01
9.3253e-01
9.2000e-01
9.2915e-01
9.0634e-01
9.1659e-01
9.3361e-01
9.1687e-01
9.3532e-01
9.2258e-01
9.1317e-01
9.3460e-01
9.1532e-01
9.1749e-01
9.2033e-01
9.2683e-01
9.1558e-01
9.1551e-01
9.2383e-01
9.1757e-01
9.2923e-01
9.3304e-01
9.2219e-01
9.4579e-01
9.2970e-01
9.2844e-01
9.2019e-01
8.9802e-01
9.1761e-01
9.2353e-01
9.0663e-01
9.0339e-01
9.2105e-01
9.1156e-01
9.1663e-01
9.4451e-01
9.3700e-01
9.2443e-01
9.1521e-01
9.1268e-01
9.3578e-01
9.1990e-01
9.0726e-01
9.2061e-01
9.3771e-01
9.4225e-01
9.3074e-01
9.3302e-01
9.1738e-01
9.1881e-01
9.2513e-01
9.3070e-01
9.3963e-01
9.0218e-01
9.5072e-01
9.2830e-01
9.3133e-01
9.1942e-01
9.3323e-01
9.1637e-01
9.0167e-01
9.4271e-01
9.1144e-01
9.2757e-01
9.0116e-01
9.2820e-01
9.2207e-01
9.1507e-01
9.2790e-01
9.1653e-01
9.1265e-01
9.2162e-01
9.1560e-01
9.2192e-01
9.1357e-01
9.3017e-01
9.3460e-01
8.9487e-01
9.2826e-01
9.2192e-01
9.2080e-01
9.3322e-01
9.2526e-01
9.2302e-01
9.2772e-01
9.2788e-01
9.2309e-01
9.1961e-01
9.1950e-01
9.1853e-01
9.3580e-01
9.1931e-01
9.2207e-01
9.1697e-01
9.1880e-01
9.3056e-01
8.8605e-01
9.1287e-01
9.1286e-01
9.1823e-01
9.0140e-01
9.1249e-01
9.1373e-01
9.1606e-01
9.1029e-01
9.1727e-01
9.2603e-01
9.3650e-01
9.0184e-01
9.1800e-01
9.2487e-01
9.1492e-01
9.2394e-01
9.0943e-01
9.1736e-01
9.0307e-01
9.0064e-01
9.3926e-01
9.1665e-01
9.0907e-01
9.1380e-01
9.3341e-01
9.2937e-01
9.3191e-01
9.3951e-01
9.2842e-01
9.3810e-01
9.1249e-01
9.2023e-01
9.2407e-01
9.1518e-01
9.3890e-01
9.2655e-01
9.4644e-01
9.0626e-01
9.2101e-01
9.3270e-01
9.3243e-01
8.9910e-01
9.1873e-01
9.1817e-01
9.1133e-01
9.2838e-01
9.2201e-01
9.2804e-01
9.2072e-01
8.9962e-01
9.1019e-01
9.2569e-01
9.0045e-01
9.1912e-01
9.3371e-01
9.3558e-01
9.1305e-01
9.1309e-01
9.2162e-01
9.2999e-01
9.1149e-01
9.1332e-01
9.1234e-01
9.2516e-01
9.2599e-01
9.1602e-01
9.1447e-01
9.2328e-01
9.2728e-01
9.1835e-01
9.2992e-01
9.0810e-01
9.2004e-01
9.2973e-01
8.8621e-01
9.2821e-01
9.2310e-01
9.0939e-01
9.1793e-01
9.1731e-01
9.0518e-01
9.0184e-01
9.1280e-01
9.2877e-01
9.3523e-01
9.2399e-01
9.3360e-01
9.4374e-01
9.2202e-01
9.1093e-01
9.2058e-01
9.2238e-01
9.3145e-01
9.4420e-01
9.1461e-01
9.2355e-01
9.2140e-01
9.1748e-01
9.1249e-01
9.1852e-01
9.0919e-01
9.1072e-01
9.1757e-01
9.3456e-01
9.2599e-01
9.2488e-01
9.0439e-01
9.2820e-01
9.0269e-01
9.3714e-01
9.2715e-01
9.1310e-01
9.2484e-01
9.0543e-01
9.2870e-01
9.2055e-01
9.1516e-01
9.2367e-01
9.1046e-01
9.0834e-01
9.2467e-01
9.1345e-01
9.4202e-01
9.5084e-01
9.2404e-01
9.2105e-01
9.2096e-01
9.3044e-01
9.3772e-01
9.2102e-01
9.2268e-01
9.0950e-01
9.0165e-01
9.2860e-01
9.1637e-01
9.2499e-01
9.1568e-01
9.0892e-01
9.0157e-01
9.0603e-01
9.2624e-01
9.4171e-01
9.1562e-01
9.0910e-01
9.0846e-01
8.9877e-01
9.2401e-01
9.1882e-01
9.2041e-01
9.2008e-01
9.1437e-01
9.2079e-01
9.3338e-01
9.1414e-01
8.9211e-01
9.0533e-01
9.0855e-01
9.4485e-01
9.3086e-01
9.0883e-01
9.4156e-01
9.3154e-01
9.2583e-01
9.2252e-01
9.2535e-01
9.2757e-01
9.2851e-01
9.0391e-01
9.2578e-01
9.1017e-01
9.1601e-01
9.1116e-01
9.1523e-01
9.2365e-01
9.2659e-01
9.1745e-01
9.3014e-01
9.1992e-01
9.2460e-01
9.2606e-01
9.3433e-01
9.2409e-01
9.2069e-01
9.2044e-01
9.2645e-01
9.3730e-01
9.2721e-01
9.1491e-01
9.1395e-01
9.3764e-01
9.2488e-01
9.1098e-01
9.2477e-01
9.0690e-01
9.1376e-01
9.1234e-01
9.2207e-01
9.2782e-01
9.1987e-01
9.1866e-01
9.0866e-01
9.2506e-01
9.2002e-01
9.4986e-01
9.2849e-01
9.1204e-01
9.1901e-01
9.3431e-01
9.1898e-01
9.2243e-01
9.2693e-01
9.2764e-01
9.2216e-01
9.1390e-01
9.1608e-01
9.3228e-01
9.1385e-01
9.2849e-01
9.1400e-01
9.1395e-01
9.2177e-01
9.1968e-01
9.1754e-01
9.1313e-01
9.3855e-01
9.1389e-01
9.2020e-01
9.3412e-01
9.2759e-01
9.2247e-01
9.1810e-01
9.3133e-01
9.2610e-01
8.9577e-01
9.0839e-01
9.2616e-01
9.1679e-01
9.2574e-01
9.2164e-01
9.2452e-01
9.1682e-01
9.2300e-01
9.1936e-01
9.1480e-01
9.2855e-01
9.3509e-01
9.1885e-01
9.1978e-01
9.3195e-01
9.2784e-01
9.4742e-01
9.4060e-01
9.3781e-01
9.1389e-01
9.1393e-01
9.1237e-01
9.2486e-01
9.1242e-01
9.2676e-01
9.2462e-01
9.1379e-01
9.0667e-01
9.2360e-01
9.1344e-01
9.2319e-01
9.4162e-01
9.1338e-01
9.3804e-01
9.2802e-01
9.2003e-01
9.2510e-01
9.1188e-01
9.0892e-01
9.2331e-01
9.0445e-01
9.0420e-01
9.1348e-01
9.5071e-01
9.0808e-01
9.3276e-01
9.1516e-01
9.2485e-01
9.1273e-01
9.2662e-01
9.1190e-01
9.2659e-01
9.0829e-01
9.1636e-01
9.2713e-01
9.0396e-01
9.2284e-01
9.2479e-01
9.1809e-01
9.1819e-01
9.0779e-01
9.3192e-01
9.0806e-01
9.2581e-01
9.1265e-01
9.3013e-01
8.9941e-01
9.0881e-01
9.2802e-01
9.1741e-01
9.2521e-01
9.2418e-01
9.2107e-01
9.3585e-01
9.1587e-01
9.2429e-01
9.3875e-01
9.1579e-01
9.0376e-01
9.2171e-01
9.1638e-01
9.3291e-01
9.2266e-01
9.1201e-01
9.1081e-01
9.1199e-01
9.2399e-01
9.1879e-01
9.1119e-01
9.1089e-01
8.9850e-01
8.9940e-01
9.1590e-01
9.0977e-01
9.2430e-01
9.3242e-01
9.2180e-01
9.1158e-01
9.1017e-01
9.1073e-01
9.1336e-01
9.1274e-01
9.1174e-01
9.1517e-01
9.0725e-01
9.1885e-01
9.2528e-01
9.2007e-01
9.2180e-01
9.1513e-01
9.1393e-01
9.0185e-01
9.1589e-01
9.2257e-01
9.0548e-01
9.2954e-01
9.3157e-01
9.2189e-01
9.2491e-01
9.2486e-01
9.2895e-01
9.3454e-01
9.1240e-01
9.1363e-01
9.0428e-01
9.0959e-01
9.2769e-01
9.2738e-01
9.0353e-01
9.1803e-01
9.1847e-01
9.2226e-01
9.2614e-01
9.0274e-01
9.3225e-01
9.3075e-01
9.1084e-01
9.1140e-01
8.9966e-01
8.9506e-01
9.2174e-01
9.1012e-01
9.1156e-01
9.1406e-01
9.1845e-01
9.1960e-01
9.1161e-01
9.3736e-01
9.1759e-01
9.0557e-01
9.1390e-01
9.3756e-01
9.2238e-01
9.4384e-01
9.1341e-01
9.1907e-01
9.1710e-01
9.3496e-01
9.3213e-01
9.1173e-01
9.2201e-01
9.3551e-01
9.2614e-01
9.3635e-01
9.1714e-01
9.3319e-01
9.0771e-01
9.1606e-01
9.2563e-01
9.3829e-01
9.0474e-01
9.2073e-01
9.0187e-01
9.2608e-01
9.0159e-01
9.0760e-01
9.1232e-01
9.1284e-01
9.2169e-01
9.0412e-01
9.1536e-01
9.3746e-01
9.1093e-01
9.1339e-01
9.2669e-01
9.0583e-01
9.2905e-01
9.3138e-01
9.2608e-01
9.2094e-01
9.0248e-01
9.1887e-01
9.1903e-01
9.1466e-01
9.3885e-01
9.5139e-01
9.2653e-01
9.2523e-01
9.0599e-01
9.1062e-01
9.3338e-01
9.1367e-01
9.0369e-01
9.2630e-01
9.2409e-01
9.2870e-01
9.2173e-01
9.2366e-01
9.0545e-01
9.3401e-01
9.2339e-01
9.0907e-01
9.3485e-01
9.2174e-01
9.2243e-01
9.3568e-01
9.3225e-01
9.3846e-01
9.1973e-01
9.2054e-01
9.1759e-01
9.2426e-01
9.2485e-01
9.1905e-01
9.3529e-01
9.2930e-01
9.1983e-01
8.9741e-01
9.0941e-01
9.2470e-01
9.1901e-01
9.3878e-01
9.0888e-01
9.1418e-01
9.1519e-01
9.1218e-01
9.2124e-01
9.1303e-01
9.2423e-01
9.2391e-01
9.0599e-01
9.0654e-01
9.3271e-01
9.2610e-01
9.1230e-01
9.1051e-01
9.2600e-01
8.9998e-01
9.2161e-01
9.0145e-01
9.2201e-01
9.1683e-01
9.2008e-01
9.2192e-01
9.1045e-01
9.3979e-01
9.2843e-01
9.1228e-01
9.0308e-01
9.1914e-01
9.1900e-01
9.3790e-01
9.3476e-01
9.2115e-01
9.1872e-01
9.3015e-01
9.1091e-01
9.1152e-01
9.0528e-01
9.4313e-01
8.9610e-01
9.3400e-01
9.2946e-01
9.1681e-01
9.1541e-01
9.0156e-01
9.3576e-01
9.1797e-01
9.2956e-01
9.1437e-01
9.3378e-01
9.3735e-01
9.1878e-01
9.3369e-01
9.0887e-01
9.2710e-01
9.2614e-01
9.2731e-01
9.2296e-01
9.3564e-01
9.1893e-01
9.1735e-01
9.0877e-01
9.3678e-01
9.1700e-01
9.3654e-01
9.2059e-01
9.3412e-01
9.1189e-01
9.2710e-01
9.1204e-01
9.1383e-01
9.2699e-01
9.2137e-01
9.1407e-01
9.1773e-01
9.0548e-01
9.2728e-01
9.2155e-01
9.2310e-01
9.1208e-01
9.1734e-01
9.3358e-01
9.3157e-01
9.1590e-01
9.1597e-01
9.3179e-01
9.2813e-01
9.0573e-01
9.2396e-01
9.2364e-01
9.2036e-01
9.0981e-01
9.2808e-01
9.1758e-01
9.0611e-01
9.1361e-01
9.1434e-01
9.2505e-01
9.4255e-01
9.2409e-01
9.1369e-01
9.0667e-01
9.2144e-01
9.2282e-01
9.1095e-01
9.2241e-01
9.2411e-01
9.2057e-01
9.1693e-01
9.2934e-01
9.2298e-01
9.1881e-01
9.2451e-01
9.1896e-01
9.0157e-01
9.0668e-01
9.2854e-01
9.4336e-01
9.0005e-01
9.1719e-01
9.2828e-01
9.0384e-01
9.2935e-01
9.3054e-01
9.1567e-01
9.1584e-01
9.2772e-01
9.5227e-01
9.1260e-01
9.2016e-01
