9.3591e-01
9.4200e-01
9.3102e-01
9.3938e-01
9.3278e-01
9.5392e-01
9.2901e-01
9.3751e-01
9.3879e-01
9.2857e-01
9.3058e-01
9.3162e-01
9.3266e-01
9.4954e-01
9.2416e-01
9.3241e-01
9.4050e-01
9.2937e-01
9.4944e-01
9.3686e-01
9.2987e-01
9.3923e-01
9.3834e-01
9.3843e-01
9.3186e-01
9.2164e-01
9.3703e-01
9.2907e-01
9.4047e-01
9.3329e-01
9.4504e-01
9.2524e-01
9.4092e-01
9.3121e-01
9.3436e-01
9.2741e-01
9.4415e-01
9.3724e-01
9.3902e-01
9.3858e-01
9.3561e-01
9.3021e-01
9.3412e-01
9.2426e-01
9.3272e-01
9.3824e-01
9.3082e-01
9.3172e-01
9.3475e-01
9.3463e-01
9.3726e-01
9.3429e-01
9.4120e-01
9.3462e-01
9.3810e-01
9.4063e-01
9.3778e-01
9.3517e-01
9.2967e-01
9.3779e-01
9.2967e-01
9.3632e-01
9.4716e-01
9.3774e-01
9.2659e-01
9.3177e-01
9.3757e-01
9.4716e-01
9.3789e-01
9.3401e-01
9.3674e-01
9.2878e-01
9.4121e-01
9.3923e-01
9.4630e-01
9.2108e-01
9.4337e-01
9.2724e-01
9.3623e-01
9.4595e-01
9.3848e-01
9.4133e-01
9.3061e-01
9.3706e-01
9.2837e-01
9.3553e-01
9.2792e-01
9.3570e-01
9.4282e-01
9.3936e-01
9.3791e-01
9.3690e-01
9.5571e-01
9.3576e-01
9.2707e-01
9.4518e-01
9.5104e-01
9.1847e-01
9.3622e-01
9.3433e-01
9.3603e-01
9.2729e-01
9.3178e-01
9.3878e-01
9.3561e-01
9.4079e-01
9.3528e-01
9.4410e-01
9.2858e-01
9.2820e-01
9.3063e-01
9.4527e-01
9.3795e-01
9.2834e-01
9.4371e-01
9.3722e-01
9.3243e-01
9.3816e-01
9.3424e-01
9.3066e-01
9.4250e-01
9.3751e-01
9.3859e-01
9.3933e-01
9.3559e-01
9.4201e-01
9.3715e-01
9.2408e-01
9.4338e-01
9.2411e-01
9.4033e-01
9.2451e-01
9.4704e-01
9.4153e-01
9.5097e-01
9.3432e-01
9.2543e-01
9.3474e-01
9.3598e-01
9.5160e-01
9.3183e-01
9.3460e-01
9.3581e-01
9.3360e-01
9.3074e-01
9.3487e-01
9.3293e-01
9.3427e-01
9.2951e-01
9.4508e-01
9.3332e-01
9.3925e-01
9.4901e-01
9.3526e-01
9.4081e-01
9.4133e-01
9.4421e-01
9.3487e-01
9.3297e-01
9.2450e-01
9.3571e-01
9.3168e-01
9.2734e-01
9.3303e-01
9.2929e-01
9.3184e-01
9.4336e-01
9.3875e-01
9.3092e-01
9.2739e-01
9.3628e-01
9.2826e-01
9.3568e-01
9.4710e-01
9.4055e-01
9.2993e-01
9.3100e-01
9.3775e-01
9.2716e-01
9.3692e-01
9.3504e-01
9.3010e-01
9.2870e-01
9.4814e-01
9.4261e-01
9.3227e-01
9.3794e-01
9.3372e-01
9.4725e-01
9.5068e-01
9.5211e-01
9.3715e-01
9.4642e-01
9.3558e-01
9.5261e-01
9.3362e-01
9.3688e-01
9.4438e-01
9.3702e-01
9.3917e-01
9.3445e-01
9.3597e-01
9.4054e-01
9.3171e-01
9.4246e-01
9.4147e-01
9.5083e-01
9.3844e-01
9.2394e-01
9.4437e-01
9.4315e-01
9.3387e-01
9.4403e-01
9.4153e-01
9.2657e-01
9.2971e-01
9.4077e-01
9.4969e-01
9.4432e-01
9.3966e-01
9.3394e-01
9.5049e-01
9.4798e-01
9.4392e-01
9.3263e-01
9.2740e-01
9.4326e-01
9.3206e-01
9.2769e-01
9.2926e-01
9.3436e-01
9.2744e-01
9.2944e-01
9.2737e-01
9.4733e-01
9.3465e-01
9.4519e-01
9.4643e-01
9.2670e-01
9.3873e-01
9.3527e-01
9.4731e-01
9.4196e-01
9.3911e-01
9.2969e-01
9.3161e-01
9.3415e-01
9.2523e-01
9.4845e-01
9.3486e-01
9.3838e-01
9.3421e-01
9.2642e-01
9.4491e-01
9.1969e-01
9.2906e-01
9.4343e-01
9.3094e-01
9.2982e-01
9.3735e-01
9.3057e-01
9.2675e-01
9.4229e-01
9.4065e-01
9.2563e-01
9.2845e-01
9.3173e-01
9.3481e-01
9.2753e-01
9.2629e-01
9.3516e-01
9.4035e-01
9.2751e-01
9.3557e-01
9.2598e-01
9.3870e-01
9.4379e-01
9.4761e-01
9.3462e-01
9.3753e-01
9.3871e-01
9.2704e-01
9.3296e-01
9.4107e-01
9.3737e-01
9.4266e-01
9.3430e-01
9.2877e-01
9.4196e-01
9.3641e-01
9.2745e-01
9.3674e-01
9.3825e-01
9.2222e-01
9.3391e-01
9.3496e-01
9.3937e-01
9.4778e-01
9.5138e-01
9.2316e-01
9.4021e-01
9.4294e-01
9.3416e-01
9.3422e-01
9.3615e-01
9.3627e-01
9.2700e-01
9.2998e-01
9.3123e-01
9.2361e-01
9.3525e-01
9.5036e-01
9.2847e-01
9.1751e-01
9.4474e-01
9.3031e-01
9.3551e-01
9.3588e-01
9.3109e-01
9.3842e-01
9.2568e-01
9.4400e-01
9.2715e-01
9.2934e-01
9.3893e-01
9.2827e-01
9.3288e-01
9.3366e-01
9.4592e-01
9.3502e-01
9.4092e-01
9.2959e-01
9.2339e-01
9.4662e-01
9.3884e-01
9.2333e-01
9.3125e-01
9.4444e-01
9.4802e-01
9.3634e-01
9.4058e-01
9.3424e-01
9.2789e-01
9.2583e-01
9.4201e-01
9.3180e-01
9.5056e-01
9.3912e-01
9.3659e-01
9.4206e-01
9.3277e-01
9.4232e-01
9.2781e-01
9.3446e-01
9.4848e-01
9.3455e-01
9.2549e-01
9.3942e-01
9.3754e-01
9.2916e-01
9.4525e-01
9.2349e-01
9.3563e-01
9.3874e-01
9.4545e-01
9.3452e-01
9.3407e-01
9.4762e-01
9.3631e-01
9.3955e-01
9.3340e-01
9.4171e-01
9.4694e-01
9.3218e-01
9.4636e-01
9.3316e-01
9.4750e-01
9.3392e-01
9.3368e-01
9.3278e-01
9.2803e-01
9.4034e-01
9.4552e-01
9.5105e-01
9.3879e-01
9.4099e-01
9.2906e-01
9.2201e-01
9.3950e-01
9.3090e-01
9.2217e-01
9.3006e-01
9.3328e-01
9.3581e-01
9.3975e-01
9.1796e-01
9.3508e-01
9.2722e-01
9.3602e-01
9.3185e-01
9.2908e-01
9.4375e-01
9.4369e-01
9.3145e-01
9.4041e-01
9.2773e-01
9.2667e-01
9.3401e-01
9.4060e-01
9.3263e-01
9.3092e-01
9.3948e-01
9.3593e-01
9.2779e-01
9.4408e-01
9.4311e-01
9.4020e-01
9.3312e-01
9.3059e-01
9.4062e-01
9.3802e-01
9.3157e-01
9.6312e-01
9.4139e-01
9.2819e-01
9.4541e-01
9.3912e-01
9.4285e-01
9.3831e-01
9.3760e-01
9.2892e-01
9.2811e-01
9.3184e-01
9.2678e-01
9.3481e-01
9.2760e-01
9.1481e-01
9.3599e-01
9.4467e-01
9.4559e-01
9.5054e-01
9.3507e-01
9.4101e-01
9.3347e-01
9.2064e-01
9.3666e-01
9.4719e-01
9.3974e-01
9.4077e-01
9.3963e-01
9.4301e-01
9.3639e-01
9.2972e-01
9.3950e-01
9.3823e-01
9.3899e-01
9.2768e-01
9.5025e-01
9.3789e-01
9.2356e-01
9.3865e-01
9.3466e-01
9.3259e-01
9.3815e-01
9.4705e-01
9.2239e-01
9.2374e-01
9.4175e-01
9.3953e-01
9.3643e-01
9.3809e-01
9.3542e-01
9.3827e-01
9.4276e-01
9.2831e-01
9.3732e-01
9.3754e-01
9.3698e-01
9.3100e-01
9.2695e-01
9.4138e-01
9.3427e-01
9.3684e-01
9.2560e-01
9.3888e-01
9.3136e-01
9.4374e-01
9.2782e-01
9.2101e-01
9.3988e-01
9.5179e-01
9.3021e-01
9.3720e-01
9.3443e-01
9.2484e-01
9.4211e-01
9.3394e-01
9.3748e-01
9.2990e-01
9.2811e-01
9.3767e-01
9.1997e-01
9.3231e-01
9.4173e-01
9.3299e-01
9.3303e-01
9.4422e-01
9.3008e-01
9.4136e-01
9.3489e-01
9.4538e-01
9.2964e-01
9.3152e-01
9.3268e-01
9.2865e-01
9.3546e-01
9.3050e-01
9.4314e-01
9.3655e-01
9.3256e-01
9.3561e-01
9.3669e-01
9.3707e-01
9.3413e-01
9.3274e-01
9.4129e-01
9.4496e-01
9.2987e-01
9.2430e-01
9.4230e-01
9.3251e-01
9.4504e-01
9.3657e-01
9.4107e-01
9.3451e-01
9.3132e-01
9.3480e-01
9.3884e-01
9.3943e-01
9.3521e-01
9.4144e-01
9.4289e-01
9.2806e-01
9.3419e-01
9.4265e-01
9.4178e-01
9.3728e-01
9.3582e-01
9.2231e-01
9.4148e-01
9.3397e-01
9.3389e-01
9.4375e-01
9.2603e-01
9.3111e-01
9.3830e-01
9.3394e-01
9.3045e-01
9.3780e-01
9.3382e-01
9.4723e-01
9.3644e-01
9.4166e-01
9.4219e-01
9.3464e-01
9.4349e-01
9.4749e-01
9.2946e-01
9.4350e-01
9.3381e-01
9.3053e-01
9.4292e-01
9.2495e-01
9.3167e-01
9.3521e-01
9.4437e-01
9.3149e-01
9.3764e-01
9.3010e-01
9.3381e-01
9.3440e-01
9.3840e-01
9.4173e-01
9.2675e-01
9.3175e-01
9.3945e-01
9.4189e-01
9.2338e-01
9.3672e-01
9.4018e-01
9.3949e-01
9.3006e-01
9.3920e-01
9.4225e-01
9.2883e-01
9.4057e-01
9.4234e-01
9.3556e-01
9.4739e-01
9.3469e-01
9.3823e-01
9.2592e-01
9.3884e-01
9.3022e-01
9.1981e-01
9.3255e-01
9.3199e-01
9.4292e-01
9.3400e-01
9.3949e-01
9.3595e-01
9.2309e-01
9.2907e-01
9.4305e-01
9.2055e-01
9.2302e-01
9.3568e-01
9.3803e-01
9.3094e-01
9.2933e-01
9.3136e-01
9.2595e-01
9.3366e-01
9.4104e-01
9.3185e-01
9.4080e-01
9.3380e-01
9.3073e-01
9.2928e-01
9.4092e-01
9.3531e-01
9.2483e-01
9.5651e-01
9.2981e-01
9.4717e-01
9.4308e-01
9.3200e-01
9.4238e-01
9.4526e-01
9.3445e-01
9.4004e-01
9.4954e-01
9.4347e-01
9.3214e-01
9.4241e-01
9.3011e-01
9.2714e-01
9.4609e-01
9.3114e-01
9.3883e-01
9.2878e-01
9.3661e-01
9.3280e-01
9.4197e-01
9.4422e-01
9.4128e-01
9.2689e-01
9.4587e-01
9.4465e-01
9.2958e-01
9.3694e-01
9.2980e-01
9.3288e-01
9.2762e-01
9.3410e-01
9.3873e-01
9.3208e-01
9.3259e-01
9.2333e-01
9.2802e-01
9.3643e-01
9.2923e-01
9.3377e-01
9.2636e-01
9.2596e-01
9.2783e-01
9.4757e-01
9.3276e-01
9.2475e-01
9.3494e-01
9.4893e-01
9.3659e-01
9.3081e-01
9.4135e-01
9.4570e-01
9.4172e-01
9.4687e-01
9.2784e-01
9.3164e-01
9.3216e-01
9.4061e-01
9.3326e-01
9.3391e-01
9.4111e-01
9.3287e-01
9.2840e-01
9.4052e-01
9.4419e-01
9.3110e-01
9.2791e-01
9.2945e-01
9.3573e-01
9.2847e-01
9.3065e-01
9.3834e-01
9.4280e-01
9.3424e-01
9.4004e-01
9.4556e-01
9.4538e-01
9.3417e-01
9.4838e-01
9.3688e-01
9.4426e-01
9.4297e-01
9.4018e-01
9.3875e-01
9.3147e-01
9.3916e-01
9.3478e-01
9.2980e-01
9.4120e-01
9.3381e-01
9.3172e-01
9.3939e-01
9.4375e-01
9.5129e-01
9.3756e-01
9.3822e-01
9.4506e-01
9.2261e-01
9.3608e-01
9.3694e-01
9.2046e-01
9.4202e-01
9.3518e-01
9.3190e-01
9.4708e-01
9.3421e-01
9.1781e-01
9.3248e-01
9.3130e-01
9.2900e-01
9.4502e-01
9.3225e-01
9.3878e-01
9.4410e-01
9.3708e-01
9.5214e-01
9.2567e-01
9.3226e-01
9.3164e-01
9.2195e-01
9.4226e-01
9.1820e-01
9.4640e-01
9.2768e-01
9.4050e-01
9.2947e-01
9.3733e-01
9.2401e-01
9.3281e-01
9.3144e-01
9.5162e-01
9.2482e-01
9.3492e-01
9.3420e-01
9.2361e-01
9.4408e-01
9.4059e-01
9.4248e-01
9.3697e-01
9.3328e-01
9.3600e-01
9.3600e-01
9.3381e-01
9.2801e-01
9.3350e-01
9.3384e-01
9.3617e-01
9.3628e-01
9.3134e-01
9.4112e-01
9.3294e-01
9.2645e-01
9.3389e-01
9.3812e-01
9.3873e-01
9.4589e-01
9.3924e-01
9.3321e-01
9.2726e-01
9.3169e-01
9.2954e-01
9.3965e-01
9.3037e-01
9.3218e-01
9.2974e-01
9.3480e-01
9.3516e-01
9.2710e-01
9.1705e-01
9.2141e-01
9.4736e-01
9.3813e-01
9.4194e-01
9.4182e-01
9.4538e-01
9.4378e-01
9.3855e-01
9.3368e-01
9.3079e-01
9.3594e-01
9.4415e-01
9.4326e-01
9.3637e-01
9.4144e-01
9.2519e-01
9.3842e-01
9.2327e-01
9.3910e-01
9.3008e-01
9.3692e-01
9.4861e-01
9.4545e-01
9.4074e-01
9.3075e-01
9.2764e-01
9.3443e-01
9.3734e-01
9.3860e-01
9.4501e-01
9.2951e-01
9.2859e-01
9.3414e-01
9.3175e-01
9.1835e-01
9.3777e-01
9.3752e-01
9.3012e-01
9.3925e-01
9.4014e-01
9.4721e-01
9.3741e-01
9.4356e-01
9.3672e-01
9.3226e-01
9.3567e-01
9.2468e-01
9.3568e-01
9.2406e-01
9.3699e-01
9.3611e-01
9.3569e-01
9.2627e-01
9.2999e-01
9.4103e-01
9.3387e-01
9.3084e-01
9.4124e-01
9.2706e-01
9.2661e-01
9.3457e-01
9.3475e-01
9.3752e-01
9.3509e-01
9.2220e-01
9.2999e-01
9.3463e-01
9.3589e-01
9.3624e-01
9.4204e-01
9.3132e-01
9.3023e-01
9.4302e-01
9.3403e-01
9.3760e-01
9.2713e-01
9.3483e-01
9.3550e-01
9.4297e-01
9.2464e-01
9.4481e-01
9.2438e-01
9.3452e-01
9.4261e-01
9.3566e-01
9.2991e-01
9.4070e-01
9.4301e-01
9.3144e-01
9.4292e-01
9.2142e-01
9.3171e-01
9.1647e-01
9.4058e-01
9.3770e-01
9.3123e-01
9.2971e-01
9.2265e-01
9.3437e-01
9.3932e-01
9.3435e-01
9.4156e-01
9.2529e-01
9.3568e-01
9.3976e-01
9.4129e-01
9.3786e-01
9.4603e-01
9.3752e-01
9.2577e-01
9.3627e-01
9.3362e-01
9.4114e-01
9.3441e-01
9.2822e-01
9.2926e-01
9.2234e-01
9.2456e-01
9.3355e-01
9.3364e-01
9.3400e-01
9.2826e-01
9.3272e-01
9.2395e-01
9.2360e-01
9.3864e-01
9.2804e-01
9.3725e-01
9.5519e-01
9.3545e-01
9.3675e-01
9.3277e-01
9.3762e-01
9.3595e-01
9.4374e-01
9.2793e-01
9.3593e-01
9.4420e-01
9.2435e-01
9.3125e-01
9.3208e-01
9.2827e-01
9.2980e-01
9.3394e-01
9.4156e-01
9.3741e-01
9.2946e-01
9.3232e-01
9.4136e-01
9.3418e-01
9.3253e-01
9.3586e-01
9.3891e-01
9.2903e-01
9.3038e-01
9.3288e-01
9.4403e-01
9.3886e-01
9.3144e-01
9.4010e-01
9.3655e-01
9.3675e-01
9.5362e-01
9.3831e-01
9.3105e-01
9.3592e-01
9.2602e-01
9.4277e-01
9.4129e-01
9.3405e-01
9.3548e-01
9.3631e-01
9.4347e-01
9.3558e-01
9.2837e-01
9.3451e-01
9.2220e-01
9.3844e-01
9.3361e-01
9.3645e-01
9.4074e-01
9.2948e-01
9.3093e-01
9.1958e-01
9.3132e-01
9.3563e-01
9.2997e-01
9.3302e-01
9.3704e-01
9.3256e-01
9.3561e-01
9.3910e-01
9.4261e-01
9.3643e-01
9.3449e-01
9.3790e-01
9.3963e-01
9.3528e-01
