9.3371e-01
9.3257e-01
9.3304e-01
9.2905e-01
9.3447e-01
9.2767e-01
9.3388e-01
9.3186e-01
9.3709e-01
9.3004e-01
9.2914e-01
9.3263e-01
9.3565e-01
9.2894e-01
9.3217e-01
9.3359e-01
9.3028e-01
9.3343e-01
9.2532e-01
9.2890e-01
9.2870e-01
9.3680e-01
9.2802e-01
9.3574e-01
9.3120e-01
9.2976e-01
9.3070e-01
9.3462e-01
9.3529e-01
9.2849e-01
9.3477e-01
9.3043e-01
9.3110e-01
9.2992e-01
9.3004e-01
9.4010e-01
9.3042e-01
9.3941e-01
9.3030e-01
9.3869e-01
9.2774e-01
9.3166e-01
9.3263e-01
9.3203e-01
9.2820e-01
9.2861e-01
9.2576e-01
9.2419e-01
9.3117e-01
9.3480e-01
9.4098e-01
9.3722e-01
9.3028e-01
9.3461e-01
9.3104e-01
9.3547e-01
9.2392e-01
9.3589e-01
9.3350e-01
9.3159e-01
9.3760e-01
9.3479e-01
9.3534e-01
9.3406e-01
9.2982e-01
9.2646e-01
9.3706e-01
9.3169e-01
9.3770e-01
9.3602e-01
9.3857e-01
9.3010e-01
9.3365e-01
9.2696e-01
9.3562e-01
9.2742e-01
9.3893e-01
9.2627e-01
9.3785e-01
9.3305e-01
9.3030e-01
9.3959e-01
9.3453e-01
9.2830e-01
9.3520e-01
9.3824e-01
9.3392e-01
9.3418e-01
9.3113e-01
9.3442e-01
9.3637e-01
9.3551e-01
9.3289e-01
9.3580e-01
9.2884e-01
9.3220e-01
9.3722e-01
9.3420e-01
9.3066e-01
9.2992e-01
9.3340e-01
9.3322e-01
9.3287e-01
9.3339e-01
9.3226e-01
9.2751e-01
9.3521e-01
9.2981e-01
9.3765e-01
9.3466e-01
9.3082e-01
9.2731e-01
9.2951e-01
9.3260e-01
9.3441e-01
9.3184e-01
9.3828e-01
9.2731e-01
9.3240e-01
9.3460e-01
9.2555e-01
9.3143e-01
9.3386e-01
9.2686e-01
9.2229e-01
9.3400e-01
9.3605e-01
9.3476e-01
9.3058e-01
9.3408e-01
9.3621e-01
9.3109e-01
9.3478e-01
9.3273e-01
9.2617e-01
9.2703e-01
9.3111e-01
9.3251e-01
9.3281e-01
9.3057e-01
9.3223e-01
9.3255e-01
9.3060e-01
9.2897e-01
9.3195e-01
9.2644e-01
9.3145e-01
9.2736e-01
9.3269e-01
9.3284e-01
9.2986e-01
9.3358e-01
9.3110e-01
9.2812e-01
9.2977e-01
9.3131e-01
9.3810e-01
9.2498e-01
9.4019e-01
9.2806e-01
9.3356e-01
9.2600e-01
9.3396e-01
9.2588e-01
9.3068e-01
9.3526e-01
9.3432e-01
9.3375e-01
9.4114e-01
9.2962e-01
9.3678e-01
9.3206e-01
9.3223e-01
9.3118e-01
9.3002e-01
9.2557e-01
9.3327e-01
9.3556e-01
9.3642e-01
9.2793e-01
9.3466e-01
9.3098e-01
9.2948e-01
9.2759e-01
9.3317e-01
9.3549e-01
9.3600e-01
9.3413e-01
9.3263e-01
9.4058e-01
9.3456e-01
9.3429e-01
9.2512e-01
9.3267e-01
9.3292e-01
9.3406e-01
9.4009e-01
9.3044e-01
9.2640e-01
9.3517e-01
9.2911e-01
9.2731e-01
9.2990e-01
9.3174e-01
9.2951e-01
9.3502e-01
9.3626e-01
9.3382e-01
9.2893e-01
9.3061e-01
9.3680e-01
9.2649e-01
9.2982e-01
9.2756e-01
9.3656e-01
9.2944e-01
9.3296e-01
9.3405e-01
9.3092e-01
9.3656e-01
9.3172e-01
9.2426e-01
9.3056e-01
9.2448e-01
9.2689e-01
9.3035e-01
9.3526e-01
9.3691e-01
9.3051e-01
9.3242e-01
9.3866e-01
9.2598e-01
9.3278e-01
9.2846e-01
9.3211e-01
9.3040e-01
9.3356e-01
9.3128e-01
9.2598e-01
9.2942e-01
9.2259e-01
9.3307e-01
9.3503e-01
9.3481e-01
9.3113e-01
9.3562e-01
9.3073e-01
9.2789e-01
9.3531e-01
9.3488e-01
9.3288e-01
9.3199e-01
9.3542e-01
9.2883e-01
9.3059e-01
9.2915e-01
9.3246e-01
9.3809e-01
9.2870e-01
9.2730e-01
9.3686e-01
9.3009e-01
9.3749e-01
9.3646e-01
9.3138e-01
9.3944e-01
9.3427e-01
9.3693e-01
9.4020e-01
9.3097e-01
9.2988e-01
9.2735e-01
9.2719e-01
9.2915e-01
9.2730e-01
9.2985e-01
9.3497e-01
9.3081e-01
9.3178e-01
9.3475e-01
9.3295e-01
9.3953e-01
9.3399e-01
9.2914e-01
9.2999e-01
9.2924e-01
9.3654e-01
9.3497e-01
9.2809e-01
9.3261e-01
9.3043e-01
9.3275e-01
9.2823e-01
9.3699e-01
9.2585e-01
9.3392e-01
9.3963e-01
9.3144e-01
9.3238e-01
9.2947e-01
9.3033e-01
9.3930e-01
9.3030e-01
9.3394e-01
9.2833e-01
9.2700e-01
9.2892e-01
9.3052e-01
9.3016e-01
9.3765e-01
9.2684e-01
9.3227e-01
9.3215e-01
9.2619e-01
9.2976e-01
9.3511e-01
9.3218e-01
9.3013e-01
9.3363e-01
9.3026e-01
9.3267e-01
9.3583e-01
9.3198e-01
9.3564e-01
9.3115e-01
9.3159e-01
9.3537e-01
9.3267e-01
9.3013e-01
9.3537e-01
9.3124e-01
9.3283e-01
9.3254e-01
9.3538e-01
9.3164e-01
9.4059e-01
9.3113e-01
9.3317e-01
9.3266e-01
9.4049e-01
9.2150e-01
9.3166e-01
9.3186e-01
9.3441e-01
9.2815e-01
9.2642e-01
9.3029e-01
9.3234e-01
9.3608e-01
9.3443e-01
9.2817e-01
9.3024e-01
9.3192e-01
9.3811e-01
9.3211e-01
9.2972e-01
9.3120e-01
9.3160e-01
9.3228e-01
9.3330e-01
9.4274e-01
9.2487e-01
9.3753e-01
9.3206e-01
9.2926e-01
9.3377e-01
9.3010e-01
9.3173e-01
9.3497e-01
9.3123e-01
9.3096e-01
9.3828e-01
9.2932e-01
9.2930e-01
9.2882e-01
9.3318e-01
9.3262e-01
9.3148e-01
9.3047e-01
9.3069e-01
9.4095e-01
9.3036e-01
9.3259e-01
9.3037e-01
9.3402e-01
9.2907e-01
9.2918e-01
9.3275e-01
9.3042e-01
9.3441e-01
9.2802e-01
9.2823e-01
9.3155e-01
9.2907e-01
9.3464e-01
9.3175e-01
9.3742e-01
9.3160e-01
9.3824e-01
9.3057e-01
9.3087e-01
9.2929e-01
9.2771e-01
9.2921e-01
9.2512e-01
9.3818e-01
9.3499e-01
9.3828e-01
9.3183e-01
9.2645e-01
9.3186e-01
9.3233e-01
9.3457e-01
9.3060e-01
9.3082e-01
9.3009e-01
9.3317e-01
9.3061e-01
9.3292e-01
9.3275e-01
9.2956e-01
9.2880e-01
9.2884e-01
9.3292e-01
9.3550e-01
9.3644e-01
9.3098e-01
9.3436e-01
9.3497e-01
9.3262e-01
9.3030e-01
9.3763e-01
9.3134e-01
9.3548e-01
9.3485e-01
9.3310e-01
9.3443e-01
9.3243e-01
9.2837e-01
9.3405e-01
9.3191e-01
9.2687e-01
9.3026e-01
9.3207e-01
9.2557e-01
9.3149e-01
9.3164e-01
9.3158e-01
9.3445e-01
9.3212e-01
9.3764e-01
9.3298e-01
9.3498e-01
9.3497e-01
9.3240e-01
9.2993e-01
9.3805e-01
9.3225e-01
9.2968e-01
9.3266e-01
9.3592e-01
9.3486e-01
9.3279e-01
9.3470e-01
9.2674e-01
9.3477e-01
9.2694e-01
9.3024e-01
9.3330e-01
9.3399e-01
9.2911e-01
9.3381e-01
9.3114e-01
9.2610e-01
9.3471e-01
9.3617e-01
9.3205e-01
9.3368e-01
9.3118e-01
9.3051e-01
9.2923e-01
9.2449e-01
9.2817e-01
9.3524e-01
9.3767e-01
9.3318e-01
9.3572e-01
9.2835e-01
9.3463e-01
9.3143e-01
9.3051e-01
9.3104e-01
9.2995e-01
9.4129e-01
9.3646e-01
9.2970e-01
9.3215e-01
9.3393e-01
9.3543e-01
9.3427e-01
9.2697e-01
9.3155e-01
9.2581e-01
9.2823e-01
9.3591e-01
9.3083e-01
9.3034e-01
9.2563e-01
9.3311e-01
9.2613e-01
9.3132e-01
9.3506e-01
9.3261e-01
9.3478e-01
9.3158e-01
9.3328e-01
9.2658e-01
9.2981e-01
9.2659e-01
9.3045e-01
9.3735e-01
9.3675e-01
9.3549e-01
9.3120e-01
9.3210e-01
9.3645e-01
9.3332e-01
9.3087e-01
9.2884e-01
9.3824e-01
9.2741e-01
9.2886e-01
9.3136e-01
9.2740e-01
9.3201e-01
9.3383e-01
9.2924e-01
9.3083e-01
9.4093e-01
9.2450e-01
9.3308e-01
9.3179e-01
9.3043e-01
9.2955e-01
9.3378e-01
9.3526e-01
9.2902e-01
9.3410e-01
9.3141e-01
9.3203e-01
9.2915e-01
9.3092e-01
9.3400e-01
9.2393e-01
9.2791e-01
9.3116e-01
9.3774e-01
9.3160e-01
9.3121e-01
9.3147e-01
9.3346e-01
9.4081e-01
9.3616e-01
9.3061e-01
9.2933e-01
9.3207e-01
9.3687e-01
9.3106e-01
9.2470e-01
9.2840e-01
9.3756e-01
9.3358e-01
9.4010e-01
9.2754e-01
9.3707e-01
9.2746e-01
9.3555e-01
9.3140e-01
9.3224e-01
9.2860e-01
9.2394e-01
9.3209e-01
9.3813e-01
9.3263e-01
9.3405e-01
9.3094e-01
9.3156e-01
9.2588e-01
9.2972e-01
9.3269e-01
9.3221e-01
9.2505e-01
9.2902e-01
9.3827e-01
9.2788e-01
9.3104e-01
9.2675e-01
9.3623e-01
9.2676e-01
9.3468e-01
9.3901e-01
9.2778e-01
9.2737e-01
9.3373e-01
9.3250e-01
9.3266e-01
9.3901e-01
9.2663e-01
9.3078e-01
9.3753e-01
9.3590e-01
9.2786e-01
9.3152e-01
9.3581e-01
9.3627e-01
9.3121e-01
9.3347e-01
9.3967e-01
9.3179e-01
9.3380e-01
9.2842e-01
9.3054e-01
9.3378e-01
9.3109e-01
9.3752e-01
9.3319e-01
9.3301e-01
9.2414e-01
9.3277e-01
9.3003e-01
9.3042e-01
9.3238e-01
9.3238e-01
9.3938e-01
9.2878e-01
9.3225e-01
9.2655e-01
9.3503e-01
9.3618e-01
9.3715e-01
9.2708e-01
9.3240e-01
9.3118e-01
9.2831e-01
9.2904e-01
9.2713e-01
9.3538e-01
9.2995e-01
9.2777e-01
9.3047e-01
9.3494e-01
9.3779e-01
9.3253e-01
9.3893e-01
9.3894e-01
9.4015e-01
9.2846e-01
9.3066e-01
9.3168e-01
9.2833e-01
9.3805e-01
9.3414e-01
9.3560e-01
9.2729e-01
9.2968e-01
9.4050e-01
9.3109e-01
9.4196e-01
9.3904e-01
9.3432e-01
9.3469e-01
9.3007e-01
9.3177e-01
9.3590e-01
9.2969e-01
9.3226e-01
9.2802e-01
9.3310e-01
9.3863e-01
9.2878e-01
9.2680e-01
9.3494e-01
9.2398e-01
9.3556e-01
9.3188e-01
9.2816e-01
9.3024e-01
9.2644e-01
9.2649e-01
9.3114e-01
9.3060e-01
9.3324e-01
9.2862e-01
9.3479e-01
9.3310e-01
9.3264e-01
9.2927e-01
9.2419e-01
9.2877e-01
9.2932e-01
9.2990e-01
9.3195e-01
9.3674e-01
9.3289e-01
9.3362e-01
9.3076e-01
9.3254e-01
9.3985e-01
9.3639e-01
9.3243e-01
9.3711e-01
9.3625e-01
9.3902e-01
9.3065e-01
9.2694e-01
9.3968e-01
9.2975e-01
9.3084e-01
9.3172e-01
9.3119e-01
9.3386e-01
9.3059e-01
9.2485e-01
9.3247e-01
9.2902e-01
9.3530e-01
9.3395e-01
9.3134e-01
9.3886e-01
9.2877e-01
9.3021e-01
9.3319e-01
9.3807e-01
9.3292e-01
9.3358e-01
9.2658e-01
9.3457e-01
9.2423e-01
9.3231e-01
9.2813e-01
9.2967e-01
9.2808e-01
9.2996e-01
9.2668e-01
9.4149e-01
9.3328e-01
9.2754e-01
9.2913e-01
9.3907e-01
9.3566e-01
9.3201e-01
9.2936e-01
9.3262e-01
9.3188e-01
9.3488e-01
9.2971e-01
9.3334e-01
9.3658e-01
9.3012e-01
9.3472e-01
9.3221e-01
9.3259e-01
9.3296e-01
9.3216e-01
9.3690e-01
9.3282e-01
9.3326e-01
9.2937e-01
9.3820e-01
9.3137e-01
9.2935e-01
9.3173e-01
9.3026e-01
9.3167e-01
9.3078e-01
9.3365e-01
9.3489e-01
9.3104e-01
9.3792e-01
9.3313e-01
9.2787e-01
9.2778e-01
9.3398e-01
9.2733e-01
9.2845e-01
9.3342e-01
9.3121e-01
9.3151e-01
9.3603e-01
9.3075e-01
9.3435e-01
9.2919e-01
9.3028e-01
9.3516e-01
9.3161e-01
9.3191e-01
9.3211e-01
9.3393e-01
9.3596e-01
9.3589e-01
9.2932e-01
9.3039e-01
9.3499e-01
9.3498e-01
9.3406e-01
9.3656e-01
9.3732e-01
9.3162e-01
9.3357e-01
9.2947e-01
9.2960e-01
9.2945e-01
9.2845e-01
9.3669e-01
9.2726e-01
9.4034e-01
9.3510e-01
9.3392e-01
9.3388e-01
9.3427e-01
9.3367e-01
9.2989e-01
9.3530e-01
9.3252e-01
9.2851e-01
9.3729e-01
9.2739e-01
9.3999e-01
9.3420e-01
9.2711e-01
9.3179e-01
9.3160e-01
9.3100e-01
9.3416e-01
9.2977e-01
9.2606e-01
9.3575e-01
9.3306e-01
9.3395e-01
9.3664e-01
9.2748e-01
9.4106e-01
9.2776e-01
9.3418e-01
9.2969e-01
9.2521e-01
9.2797e-01
9.3610e-01
9.2907e-01
9.2350e-01
9.3638e-01
9.3625e-01
9.3966e-01
9.3939e-01
9.3307e-01
9.3180e-01
9.3363e-01
9.3676e-01
9.3424e-01
9.2949e-01
9.3908e-01
9.3190e-01
9.3315e-01
9.3143e-01
9.4032e-01
9.3574e-01
9.2894e-01
9.2729e-01
9.3443e-01
9.3211e-01
9.3243e-01
9.2831e-01
9.3845e-01
9.3487e-01
9.3076e-01
9.3266e-01
9.3299e-01
9.3016e-01
9.3566e-01
9.3723e-01
9.2851e-01
9.3119e-01
9.3422e-01
9.2948e-01
9.3174e-01
9.3514e-01
9.3281e-01
9.2575e-01
9.3837e-01
9.3996e-01
9.3620e-01
9.3184e-01
9.4048e-01
9.3217e-01
9.3126e-01
9.2993e-01
9.3083e-01
9.3181e-01
9.2914e-01
9.3349e-01
9.3134e-01
9.3147e-01
9.3738e-01
9.3393e-01
9.3564e-01
9.2958e-01
9.3411e-01
9.2902e-01
9.3554e-01
9.3667e-01
9.3132e-01
9.2954e-01
9.3364e-01
9.3377e-01
9.3112e-01
9.3573e-01
9.3050e-01
9.3524e-01
9.3538e-01
9.2616e-01
9.3539e-01
9.3173e-01
9.3164e-01
9.3434e-01
9.3220e-01
9.3319e-01
9.2659e-01
9.3074e-01
9.3085e-01
9.3289e-01
9.2792e-01
9.3463e-01
9.3189e-01
9.3342e-01
9.3907e-01
9.3307e-01
9.3138e-01
9.2930e-01
9.2990e-01
9.3223e-01
9.3411e-01
9.2969e-01
9.3548e-01
9.3277e-01
9.3545e-01
9.3597e-01
9.3415e-01
9.3779e-01
9.2891e-01
9.2705e-01
9.3093e-01
9.3126e-01
9.3308e-01
9.3194e-01
9.3084e-01
9.3065e-01
9.4078e-01
9.3585e-01
9.3156e-01
9.3603e-01
9.2802e-01
9.3179e-01
9.3801e-01
9.2968e-01
9.3262e-01
9.2893e-01
9.3215e-01
9.3016e-01
9.3207e-01
9.2769e-01
9.3545e-01
9.3079e-01
9.3000e-01
9.3071e-01
9.3271e-01
9.3342e-01
9.2947e-01
9.3056e-01
9.3421e-01
9.2973e-01
9.3436e-01
9.2722e-01
9.2840e-01
9.3951e-01
9.3571e-01
9.2773e-01
9.3244e-01
9.2908e-01
9.3624e-01
9.4147e-01
9.3011e-01
9.3084e-01
9.3396e-01
9.3415e-01
9.2850e-01
9.3196e-01
9.3029e-01
9.4156e-01
9.2953e-01
9.3530e-01
