9.3834e-01
9.3801e-01
9.3565e-01
9.3750e-01
9.4005e-01
9.3974e-01
9.3947e-01
9.3686e-01
9.4036e-01
9.3328e-01
9.3566e-01
9.3772e-01
9.4110e-01
9.3595e-01
9.3791e-01
9.3685e-01
9.3937e-01
9.4060e-01
9.3085e-01
9.3708e-01
9.3408e-01
9.3704e-01
9.3505e-01
9.4487e-01
9.4293e-01
9.3452e-01
9.3893e-01
9.3725e-01
9.3902e-01
9.3864e-01
9.4050e-01
9.3377e-01
9.3899e-01
9.3801e-01
9.4231e-01
9.4291e-01
9.4147e-01
9.4083e-01
9.3659e-01
9.4574e-01
9.3794e-01
9.4067e-01
9.4155e-01
9.3812e-01
9.3765e-01
9.3284e-01
9.4395e-01
9.3917e-01
9.3920e-01
9.4230e-01
9.3704e-01
9.3635e-01
9.4062e-01
9.3278e-01
9.4188e-01
9.3587e-01
9.4030e-01
9.4375e-01
9.3945e-01
9.4159e-01
9.3944e-01
9.4259e-01
9.4018e-01
9.4240e-01
9.3410e-01
9.3795e-01
9.4033e-01
9.4370e-01
9.3575e-01
9.3983e-01
9.3398e-01
9.4195e-01
9.3654e-01
9.3601e-01
9.3741e-01
9.3803e-01
9.2892e-01
9.4056e-01
9.3656e-01
9.4167e-01
9.4140e-01
9.3550e-01
9.3810e-01
9.4250e-01
9.3849e-01
9.3870e-01
9.4078e-01
9.4079e-01
9.3454e-01
9.3707e-01
9.4525e-01
9.3381e-01
9.4051e-01
9.3952e-01
9.3716e-01
9.4217e-01
9.4167e-01
9.3633e-01
9.4311e-01
9.3907e-01
9.3818e-01
9.3582e-01
9.3571e-01
9.3865e-01
9.3974e-01
9.3559e-01
9.3674e-01
9.3702e-01
9.3947e-01
9.4250e-01
9.3694e-01
9.3490e-01
9.3589e-01
9.3754e-01
9.4202e-01
9.4125e-01
9.4411e-01
9.3608e-01
9.4240e-01
9.4069e-01
9.4049e-01
9.3688e-01
9.3978e-01
9.3891e-01
9.3443e-01
9.3799e-01
9.3389e-01
9.3922e-01
9.4305e-01
9.3867e-01
9.3230e-01
9.3104e-01
9.3739e-01
9.4152e-01
9.4332e-01
9.4142e-01
9.3798e-01
9.4148e-01
9.4059e-01
9.3998e-01
9.4162e-01
9.3485e-01
9.3787e-01
9.4067e-01
9.4165e-01
9.3544e-01
9.4586e-01
9.4399e-01
9.4265e-01
9.3879e-01
9.3803e-01
9.4129e-01
9.3807e-01
9.4487e-01
9.3946e-01
9.4353e-01
9.4197e-01
9.3607e-01
9.4841e-01
9.4176e-01
9.3815e-01
9.4173e-01
9.4076e-01
9.3682e-01
9.4092e-01
9.3592e-01
9.3546e-01
9.3594e-01
9.3707e-01
9.3945e-01
9.3837e-01
9.4016e-01
9.3756e-01
9.3905e-01
9.3752e-01
9.4225e-01
9.3687e-01
9.4030e-01
9.3783e-01
9.4377e-01
9.3759e-01
9.4619e-01
9.3411e-01
9.4315e-01
9.3924e-01
9.3858e-01
9.3983e-01
9.4199e-01
9.4384e-01
9.3592e-01
9.3970e-01
9.3748e-01
9.3332e-01
9.4352e-01
9.3841e-01
9.3772e-01
9.4047e-01
9.3471e-01
9.3149e-01
9.4239e-01
9.3873e-01
9.3561e-01
9.4521e-01
9.3791e-01
9.3834e-01
9.4159e-01
9.3897e-01
9.3539e-01
9.3117e-01
9.3446e-01
9.3933e-01
9.3409e-01
9.3488e-01
9.3760e-01
9.4002e-01
9.4624e-01
9.3561e-01
9.4678e-01
9.3992e-01
9.3966e-01
9.3921e-01
9.4072e-01
9.3957e-01
9.3748e-01
9.3868e-01
9.3617e-01
9.3790e-01
9.3683e-01
9.4167e-01
9.4005e-01
9.4263e-01
9.4080e-01
9.4251e-01
9.3667e-01
9.3976e-01
9.4760e-01
9.3390e-01
9.3721e-01
9.3881e-01
9.3761e-01
9.4369e-01
9.4227e-01
9.3850e-01
9.3546e-01
9.3773e-01
9.3807e-01
9.3301e-01
9.4341e-01
9.3889e-01
9.3723e-01
9.4677e-01
9.3901e-01
9.3436e-01
9.3256e-01
9.4249e-01
9.3574e-01
9.3693e-01
9.3977e-01
9.3848e-01
9.4108e-01
9.3625e-01
9.3658e-01
9.3990e-01
9.4199e-01
9.3532e-01
9.3957e-01
9.3639e-01
9.3775e-01
9.3876e-01
9.3466e-01
9.3884e-01
9.3311e-01
9.4106e-01
9.3669e-01
9.3388e-01
9.3703e-01
9.3963e-01
9.3411e-01
9.3720e-01
9.3536e-01
9.3866e-01
9.3743e-01
9.3439e-01
9.3741e-01
9.4599e-01
9.4086e-01
9.3771e-01
9.3862e-01
9.3798e-01
9.3755e-01
9.3620e-01
9.4128e-01
9.3298e-01
9.3658e-01
9.4035e-01
9.3582e-01
9.3509e-01
9.3812e-01
9.4300e-01
9.3497e-01
9.4343e-01
9.3966e-01
9.3640e-01
9.4262e-01
9.4287e-01
9.4434e-01
9.4136e-01
9.3422e-01
9.4559e-01
9.3477e-01
9.3914e-01
9.4269e-01
9.3914e-01
9.3559e-01
9.4158e-01
9.3684e-01
9.4089e-01
9.3851e-01
9.3796e-01
9.3725e-01
9.3512e-01
9.3952e-01
9.3927e-01
9.4592e-01
9.4399e-01
9.4499e-01
9.3659e-01
9.3577e-01
9.3318e-01
9.3723e-01
9.4151e-01
9.3584e-01
9.3631e-01
9.4212e-01
9.4044e-01
9.3675e-01
9.3680e-01
9.3997e-01
9.4226e-01
9.4341e-01
9.3984e-01
9.3598e-01
9.3843e-01
9.3710e-01
9.3882e-01
9.3683e-01
9.4040e-01
9.3900e-01
9.3833e-01
9.3710e-01
9.4262e-01
9.4310e-01
9.3668e-01
9.3855e-01
9.3822e-01
9.3887e-01
9.4027e-01
9.4248e-01
9.4445e-01
9.3846e-01
9.4226e-01
9.4582e-01
9.3713e-01
9.3834e-01
9.3700e-01
9.3890e-01
9.3845e-01
9.3662e-01
9.4305e-01
9.3631e-01
9.4150e-01
9.3818e-01
9.3954e-01
9.3458e-01
9.3748e-01
9.3429e-01
9.4096e-01
9.4043e-01
9.3917e-01
9.3598e-01
9.3811e-01
9.3822e-01
9.3739e-01
9.4046e-01
9.3260e-01
9.4319e-01
9.3343e-01
9.4168e-01
9.3960e-01
9.3960e-01
9.3907e-01
9.4797e-01
9.4295e-01
9.3681e-01
9.3998e-01
9.3820e-01
9.3771e-01
9.3808e-01
9.3746e-01
9.4157e-01
9.3538e-01
9.4232e-01
9.3549e-01
9.4166e-01
9.3753e-01
9.4299e-01
9.3768e-01
9.3500e-01
9.4164e-01
9.3987e-01
9.3455e-01
9.4232e-01
9.3273e-01
9.4251e-01
9.4206e-01
9.3381e-01
9.3826e-01
9.4293e-01
9.3687e-01
9.3295e-01
9.3718e-01
9.4043e-01
9.4197e-01
9.3951e-01
9.4282e-01
9.3991e-01
9.3772e-01
9.3626e-01
9.4203e-01
9.4320e-01
9.3307e-01
9.4556e-01
9.4391e-01
9.4255e-01
9.3524e-01
9.3950e-01
9.3488e-01
9.4214e-01
9.3756e-01
9.4248e-01
9.4036e-01
9.3934e-01
9.3461e-01
9.3756e-01
9.3719e-01
9.3739e-01
9.3752e-01
9.3913e-01
9.3503e-01
9.3362e-01
9.4179e-01
9.3553e-01
9.3921e-01
9.3540e-01
9.3824e-01
9.3622e-01
9.3859e-01
9.3862e-01
9.4208e-01
9.3788e-01
9.3532e-01
9.3680e-01
9.4208e-01
9.3818e-01
9.3580e-01
9.4407e-01
9.4353e-01
9.3964e-01
9.3627e-01
9.3844e-01
9.3850e-01
9.3752e-01
9.3544e-01
9.4229e-01
9.4030e-01
9.3488e-01
9.3311e-01
9.3999e-01
9.4485e-01
9.4285e-01
9.3877e-01
9.3658e-01
9.3764e-01
9.3743e-01
9.4043e-01
9.3825e-01
9.3612e-01
9.4111e-01
9.3573e-01
9.4156e-01
9.4062e-01
9.4199e-01
9.4204e-01
9.3821e-01
9.4012e-01
9.2983e-01
9.4394e-01
9.4091e-01
9.3921e-01
9.4205e-01
9.4133e-01
9.4069e-01
9.3989e-01
9.3656e-01
9.3986e-01
9.3791e-01
9.3896e-01
9.3616e-01
9.4265e-01
9.3671e-01
9.4262e-01
9.3460e-01
9.3340e-01
9.3810e-01
9.3495e-01
9.4678e-01
9.3893e-01
9.3984e-01
9.3415e-01
9.3988e-01
9.4012e-01
9.3672e-01
9.4039e-01
9.4251e-01
9.3807e-01
9.3226e-01
9.3735e-01
9.3688e-01
9.3554e-01
9.3921e-01
9.4047e-01
9.4458e-01
9.3730e-01
9.4079e-01
9.4135e-01
9.3893e-01
9.3640e-01
9.3859e-01
9.3852e-01
9.4229e-01
9.4346e-01
9.3639e-01
9.4086e-01
9.4023e-01
9.4071e-01
9.3607e-01
9.3794e-01
9.3663e-01
9.4042e-01
9.4311e-01
9.3800e-01
9.4198e-01
9.3861e-01
9.3531e-01
9.3907e-01
9.3937e-01
9.3674e-01
9.3900e-01
9.3430e-01
9.3528e-01
9.3478e-01
9.4549e-01
9.3725e-01
9.3846e-01
9.4073e-01
9.3804e-01
9.3778e-01
9.4394e-01
9.3974e-01
9.3444e-01
9.3938e-01
9.4075e-01
9.4132e-01
9.3951e-01
9.4684e-01
9.3939e-01
9.4125e-01
9.3560e-01
9.4060e-01
9.3769e-01
9.3928e-01
9.3534e-01
9.3728e-01
9.4135e-01
9.4199e-01
9.4359e-01
9.4172e-01
9.4010e-01
9.4043e-01
9.4707e-01
9.3770e-01
9.3783e-01
9.3849e-01
9.3656e-01
9.3572e-01
9.3786e-01
9.4022e-01
9.3628e-01
9.3950e-01
9.3931e-01
9.3825e-01
9.3283e-01
9.3900e-01
9.3837e-01
9.3847e-01
9.3968e-01
9.3473e-01
9.3915e-01
9.3654e-01
9.3944e-01
9.3482e-01
9.3892e-01
9.3937e-01
9.4146e-01
9.4064e-01
9.4121e-01
9.3467e-01
9.3871e-01
9.3594e-01
9.3996e-01
9.3853e-01
9.3637e-01
9.4093e-01
9.4173e-01
9.3691e-01
9.3743e-01
9.3675e-01
9.4362e-01
9.3996e-01
9.3385e-01
9.4152e-01
9.3971e-01
9.4114e-01
9.3941e-01
9.3797e-01
9.4399e-01
9.4012e-01
9.3156e-01
9.3974e-01
9.3716e-01
9.3813e-01
9.3508e-01
9.3991e-01
9.4120e-01
9.4009e-01
9.3849e-01
9.3623e-01
9.4215e-01
9.3475e-01
9.3912e-01
9.4141e-01
9.4056e-01
9.3746e-01
9.3851e-01
9.3846e-01
9.3695e-01
9.3569e-01
9.3378e-01
9.3821e-01
9.4193e-01
9.3522e-01
9.4028e-01
9.3748e-01
9.4045e-01
9.4063e-01
9.3846e-01
9.3981e-01
9.3778e-01
9.3466e-01
9.4533e-01
9.3842e-01
9.4091e-01
9.3856e-01
9.4231e-01
9.3882e-01
9.3917e-01
9.3807e-01
9.3576e-01
9.3521e-01
9.4074e-01
9.3640e-01
9.3750e-01
9.3327e-01
9.3641e-01
9.3938e-01
9.3405e-01
9.3669e-01
9.3855e-01
9.4075e-01
9.3544e-01
9.3919e-01
9.4022e-01
9.3810e-01
9.4039e-01
9.3857e-01
9.3881e-01
9.3990e-01
9.3851e-01
9.3557e-01
9.3965e-01
9.4280e-01
9.4154e-01
9.3842e-01
9.3601e-01
9.3606e-01
9.3678e-01
9.4088e-01
9.3851e-01
9.4222e-01
9.4089e-01
9.4071e-01
9.3533e-01
9.3598e-01
9.3476e-01
9.3925e-01
9.3857e-01
9.3500e-01
9.4077e-01
9.4075e-01
9.3558e-01
9.3442e-01
9.3679e-01
9.3378e-01
9.3872e-01
9.3988e-01
9.3786e-01
9.3496e-01
9.2969e-01
9.4275e-01
9.3673e-01
9.3995e-01
9.4301e-01
9.4193e-01
9.3828e-01
9.3392e-01
9.3656e-01
9.3588e-01
9.3648e-01
9.4053e-01
9.4131e-01
9.3236e-01
9.3761e-01
9.3670e-01
9.4000e-01
9.4037e-01
9.3551e-01
9.3619e-01
9.4333e-01
9.3976e-01
9.4131e-01
9.3835e-01
9.4057e-01
9.3502e-01
9.3376e-01
9.4240e-01
9.3933e-01
9.3848e-01
9.3218e-01
9.4188e-01
9.4007e-01
9.4333e-01
9.3730e-01
9.4007e-01
9.4096e-01
9.4043e-01
9.3986e-01
9.3687e-01
9.4157e-01
9.3631e-01
9.3815e-01
9.3857e-01
9.3739e-01
9.3441e-01
9.3690e-01
9.4023e-01
9.3841e-01
9.3623e-01
9.3942e-01
9.4175e-01
9.4311e-01
9.3879e-01
9.3651e-01
9.4251e-01
9.4378e-01
9.4060e-01
9.3903e-01
9.3960e-01
9.3998e-01
9.4520e-01
9.3715e-01
9.3963e-01
9.3769e-01
9.4431e-01
9.3899e-01
9.4227e-01
9.3715e-01
9.3597e-01
9.3836e-01
9.3945e-01
9.3295e-01
9.4231e-01
9.4020e-01
9.3833e-01
9.3453e-01
9.3922e-01
9.3806e-01
9.3947e-01
9.3717e-01
9.3663e-01
9.3837e-01
9.3951e-01
9.3724e-01
9.4015e-01
9.4049e-01
9.4137e-01
9.3674e-01
9.4206e-01
9.4018e-01
9.3776e-01
9.3991e-01
9.3475e-01
9.3860e-01
9.3725e-01
9.4135e-01
9.3458e-01
9.3747e-01
9.4074e-01
9.4144e-01
9.4564e-01
9.3784e-01
9.4064e-01
9.3600e-01
9.3687e-01
9.3455e-01
9.4202e-01
9.3345e-01
9.4056e-01
9.3601e-01
9.4265e-01
9.4567e-01
9.4119e-01
9.3718e-01
9.4408e-01
9.3647e-01
9.4023e-01
9.4855e-01
9.3276e-01
9.3437e-01
9.4055e-01
9.3729e-01
9.3673e-01
9.4257e-01
9.3404e-01
9.3398e-01
9.3472e-01
9.3444e-01
9.4333e-01
9.4422e-01
9.4096e-01
9.3837e-01
9.4143e-01
9.4073e-01
9.3501e-01
9.4187e-01
9.3856e-01
9.3600e-01
9.3644e-01
9.3941e-01
9.4001e-01
9.4098e-01
9.4066e-01
9.4416e-01
9.3307e-01
9.3960e-01
9.4406e-01
9.4232e-01
9.4138e-01
9.4362e-01
9.3984e-01
9.3582e-01
9.4285e-01
9.3773e-01
9.3938e-01
9.3960e-01
9.4079e-01
9.4173e-01
9.3650e-01
9.3702e-01
9.3795e-01
9.3981e-01
9.4367e-01
9.4193e-01
9.4135e-01
9.4072e-01
9.4005e-01
9.3243e-01
9.3773e-01
9.3324e-01
9.4344e-01
9.3777e-01
9.3665e-01
9.4090e-01
9.3867e-01
9.4104e-01
9.4192e-01
9.3964e-01
9.3789e-01
9.4372e-01
9.4227e-01
9.3840e-01
9.3934e-01
9.3840e-01
9.3202e-01
9.4063e-01
9.3871e-01
9.3808e-01
9.3936e-01
9.3716e-01
9.3990e-01
9.4151e-01
9.4187e-01
9.3506e-01
9.4073e-01
9.3456e-01
9.3516e-01
9.3943e-01
9.4002e-01
9.3863e-01
9.4200e-01
9.3680e-01
9.3825e-01
9.4246e-01
9.3937e-01
9.4054e-01
9.3769e-01
9.3264e-01
9.3868e-01
9.3888e-01
9.3912e-01
9.3987e-01
9.3845e-01
9.4033e-01
9.4511e-01
9.4073e-01
9.3815e-01
9.3590e-01
9.3578e-01
9.4133e-01
9.3788e-01
9.3849e-01
9.3426e-01
9.3481e-01
9.3728e-01
9.3753e-01
9.3962e-01
9.3530e-01
9.3978e-01
9.3864e-01
9.3751e-01
9.3745e-01
9.3789e-01
9.4086e-01
9.4088e-01
9.4122e-01
9.4022e-01
9.3651e-01
9.3733e-01
9.3949e-01
9.3975e-01
9.4138e-01
9.3645e-01
9.3767e-01
9.4175e-01
9.3258e-01
9.3821e-01
9.4418e-01
9.3571e-01
9.3786e-01
9.3830e-01
9.3798e-01
9.3784e-01
9.4119e-01
9.4032e-01
9.3773e-01
9.4462e-01
9.3678e-01
9.4078e-01
9.3835e-01
9.3735e-01
9.3623e-01
9.3896e-01
9.3229e-01
9.4070e-01
9.4035e-01
9.4045e-01
9.4370e-01
9.4407e-01
9.3494e-01
9.4023e-01
9.4128e-01
