9.3026e-01
9.3874e-01
9.2342e-01
9.4000e-01
9.3168e-01
9.2925e-01
9.3765e-01
9.3831e-01
9.3839e-01
9.3619e-01
9.3789e-01
9.3628e-01
9.3346e-01
9.2282e-01
9.4579e-01
9.3477e-01
9.2933e-01
9.3262e-01
9.3676e-01
9.2534e-01
9.4451e-01
9.3971e-01
9.3392e-01
9.2879e-01
9.3021e-01
9.3589e-01
9.4216e-01
9.3772e-01
9.2846e-01
9.1961e-01
9.3279e-01
9.2984e-01
9.4118e-01
9.3769e-01
9.2067e-01
9.3213e-01
9.3003e-01
9.3911e-01
9.3908e-01
9.3071e-01
9.3668e-01
9.3979e-01
9.2964e-01
9.3390e-01
9.4756e-01
9.3355e-01
9.3753e-01
9.2967e-01
9.3402e-01
9.3223e-01
9.3519e-01
9.3686e-01
9.3686e-01
9.4399e-01
9.2733e-01
9.3696e-01
9.4688e-01
9.3060e-01
9.2884e-01
9.3064e-01
9.3021e-01
9.3645e-01
9.3916e-01
9.3642e-01
9.3019e-01
9.4364e-01
9.2827e-01
9.2991e-01
9.4216e-01
9.4250e-01
9.3022e-01
9.3016e-01
9.3378e-01
9.3498e-01
9.3638e-01
9.2413e-01
9.4816e-01
9.3642e-01
9.3592e-01
9.3044e-01
9.3840e-01
9.2570e-01
9.2691e-01
9.4379e-01
9.2432e-01
9.4960e-01
9.3178e-01
9.4151e-01
9.3538e-01
9.3107e-01
9.2944e-01
9.4290e-01
9.2342e-01
9.3395e-01
9.2754e-01
9.3546e-01
9.4380e-01
9.2343e-01
9.3291e-01
9.2884e-01
9.3468e-01
9.3885e-01
9.3595e-01
9.4051e-01
9.3084e-01
9.4014e-01
9.3639e-01
9.4062e-01
9.3725e-01
9.2637e-01
9.4104e-01
9.3681e-01
9.3680e-01
9.4041e-01
9.4590e-01
9.3965e-01
9.3059e-01
9.3722e-01
9.4384e-01
9.2839e-01
9.3444e-01
9.4546e-01
9.4323e-01
9.3312e-01
9.5018e-01
9.2929e-01
9.2559e-01
9.3541e-01
9.2927e-01
9.3873e-01
9.3519e-01
9.3136e-01
9.2933e-01
9.3424e-01
9.2200e-01
9.3035e-01
9.3001e-01
9.2967e-01
9.3796e-01
9.3713e-01
9.3234e-01
9.2674e-01
9.4032e-01
9.2214e-01
9.3831e-01
9.3508e-01
9.4437e-01
9.2373e-01
9.3531e-01
9.3069e-01
9.4230e-01
9.3133e-01
9.3931e-01
9.3998e-01
9.2546e-01
9.4293e-01
9.3450e-01
9.4219e-01
9.3007e-01
9.2394e-01
9.4281e-01
9.3898e-01
9.3805e-01
9.4479e-01
9.3599e-01
9.3615e-01
9.4388e-01
9.2917e-01
9.3178e-01
9.3856e-01
9.3609e-01
9.2412e-01
9.3078e-01
9.3164e-01
9.3237e-01
9.4289e-01
9.2800e-01
9.3048e-01
9.5180e-01
9.3683e-01
9.4321e-01
9.3766e-01
9.4153e-01
9.2592e-01
9.4594e-01
9.4114e-01
9.2644e-01
9.3370e-01
9.3015e-01
9.2830e-01
9.3436e-01
9.4179e-01
9.5292e-01
9.3341e-01
9.4862e-01
9.3500e-01
9.4091e-01
9.4782e-01
9.4002e-01
9.2790e-01
9.3095e-01
9.2898e-01
9.2017e-01
9.2770e-01
9.3177e-01
9.3014e-01
9.4173e-01
9.4349e-01
9.4204e-01
9.3528e-01
9.3510e-01
9.3512e-01
9.4017e-01
9.4772e-01
9.2478e-01
9.3605e-01
9.2768e-01
9.4495e-01
9.2507e-01
9.3963e-01
9.3452e-01
9.3414e-01
9.3332e-01
9.2437e-01
9.3330e-01
9.3661e-01
9.4312e-01
9.3728e-01
9.4522e-01
9.2700e-01
9.4119e-01
9.3447e-01
9.3781e-01
9.3075e-01
9.3755e-01
9.2906e-01
9.2793e-01
9.3296e-01
9.2630e-01
9.3500e-01
9.3176e-01
9.3341e-01
9.2346e-01
9.4606e-01
9.4265e-01
9.1873e-01
9.3196e-01
9.4110e-01
9.4366e-01
9.3034e-01
9.2294e-01
9.2994e-01
9.3196e-01
9.3205e-01
9.3712e-01
9.2750e-01
9.3554e-01
9.3632e-01
9.3552e-01
9.3602e-01
9.2795e-01
9.3319e-01
9.2738e-01
9.3295e-01
9.3351e-01
9.3401e-01
9.3820e-01
9.4268e-01
9.4133e-01
9.3160e-01
9.3509e-01
9.3183e-01
9.3669e-01
9.3425e-01
9.4766e-01
9.3013e-01
9.4058e-01
9.3699e-01
9.3653e-01
9.3593e-01
9.3115e-01
9.2748e-01
9.2333e-01
9.3245e-01
9.3105e-01
9.3338e-01
9.2898e-01
9.3573e-01
9.3836e-01
9.3030e-01
9.2998e-01
9.3986e-01
9.3376e-01
9.3933e-01
9.3713e-01
9.2886e-01
9.4034e-01
9.3860e-01
9.2121e-01
9.4096e-01
9.1971e-01
9.3315e-01
9.4094e-01
9.3404e-01
9.3597e-01
9.3739e-01
9.4343e-01
9.3213e-01
9.2586e-01
9.3557e-01
9.2864e-01
9.2801e-01
9.2786e-01
9.4593e-01
9.2793e-01
9.3392e-01
9.3055e-01
9.3654e-01
9.3220e-01
9.2726e-01
9.3967e-01
9.2925e-01
9.3915e-01
9.2630e-01
9.3606e-01
9.4045e-01
9.3892e-01
9.3873e-01
9.2686e-01
9.4941e-01
9.3181e-01
9.3527e-01
9.4908e-01
9.3277e-01
9.3352e-01
9.2938e-01
9.4817e-01
9.3330e-01
9.3438e-01
9.4911e-01
9.3175e-01
9.3706e-01
9.4151e-01
9.4469e-01
9.2749e-01
9.3369e-01
9.4033e-01
9.4372e-01
9.2521e-01
9.3776e-01
9.3409e-01
9.2965e-01
9.3743e-01
9.3532e-01
9.4338e-01
9.5206e-01
9.4093e-01
9.3695e-01
9.3283e-01
9.5181e-01
9.4512e-01
9.3217e-01
9.3257e-01
9.3245e-01
9.4259e-01
9.1886e-01
9.3098e-01
9.3804e-01
9.3164e-01
9.3912e-01
9.3858e-01
9.4407e-01
9.4204e-01
9.3140e-01
9.3564e-01
9.4367e-01
9.4576e-01
9.3130e-01
9.3149e-01
9.3005e-01
9.3668e-01
9.3711e-01
9.3351e-01
9.2801e-01
9.3197e-01
9.2724e-01
9.3564e-01
9.2967e-01
9.2762e-01
9.3120e-01
9.2922e-01
9.3527e-01
9.2995e-01
9.3336e-01
9.3848e-01
9.3522e-01
9.4078e-01
9.4219e-01
9.2941e-01
9.3307e-01
9.3204e-01
9.3764e-01
9.2947e-01
9.4591e-01
9.3749e-01
9.3436e-01
9.3148e-01
9.4013e-01
9.3436e-01
9.3272e-01
9.2621e-01
9.1926e-01
9.3957e-01
9.4421e-01
9.2962e-01
9.4465e-01
9.3529e-01
9.2291e-01
9.3802e-01
9.3588e-01
9.4778e-01
9.2712e-01
9.3126e-01
9.3988e-01
9.2817e-01
9.3092e-01
9.2753e-01
9.4669e-01
9.2918e-01
9.2660e-01
9.3546e-01
9.3054e-01
9.4496e-01
9.2966e-01
9.4829e-01
9.3252e-01
9.4539e-01
9.3140e-01
9.3243e-01
9.4217e-01
9.3392e-01
9.3866e-01
9.4089e-01
9.4295e-01
9.3677e-01
9.2958e-01
9.3505e-01
9.3918e-01
9.4329e-01
9.3633e-01
9.4566e-01
9.3687e-01
9.2438e-01
9.3448e-01
9.3724e-01
9.3998e-01
9.3371e-01
9.3355e-01
9.2601e-01
9.3532e-01
9.3950e-01
9.3549e-01
9.2755e-01
9.4157e-01
9.2919e-01
9.2880e-01
9.2921e-01
9.3666e-01
9.2821e-01
9.2324e-01
9.3700e-01
9.3368e-01
9.3403e-01
9.2434e-01
9.4471e-01
9.2304e-01
9.2866e-01
9.3277e-01
9.2550e-01
9.3096e-01
9.3582e-01
9.2547e-01
9.3285e-01
9.3339e-01
9.4864e-01
9.2850e-01
9.3642e-01
9.2848e-01
9.2635e-01
9.3290e-01
9.2872e-01
9.4732e-01
9.2707e-01
9.3328e-01
9.3692e-01
9.2739e-01
9.3803e-01
9.3745e-01
9.2316e-01
9.4373e-01
9.2568e-01
9.3409e-01
9.4331e-01
9.4181e-01
9.3977e-01
9.3382e-01
9.3650e-01
9.3993e-01
9.3193e-01
9.3891e-01
9.2924e-01
9.3375e-01
9.2662e-01
9.3910e-01
9.3214e-01
9.4057e-01
9.4077e-01
9.3118e-01
9.3654e-01
9.3594e-01
9.4715e-01
9.2851e-01
9.2849e-01
9.2954e-01
9.2486e-01
9.3496e-01
9.3384e-01
9.4424e-01
9.2410e-01
9.3292e-01
9.3783e-01
9.4201e-01
9.3113e-01
9.4627e-01
9.3295e-01
9.3220e-01
9.2921e-01
9.4007e-01
9.3211e-01
9.4160e-01
9.3785e-01
9.3809e-01
9.2857e-01
9.2840e-01
9.3337e-01
9.3165e-01
9.3208e-01
9.2993e-01
9.2683e-01
9.3146e-01
9.4375e-01
9.3799e-01
9.4183e-01
9.4393e-01
9.4022e-01
9.2869e-01
9.3292e-01
9.4092e-01
9.4173e-01
9.2450e-01
9.4157e-01
9.3067e-01
9.1685e-01
9.3009e-01
9.3569e-01
9.2456e-01
9.4175e-01
9.2570e-01
9.3571e-01
9.2565e-01
9.3721e-01
9.3415e-01
9.3594e-01
9.2439e-01
9.3352e-01
9.3217e-01
9.3460e-01
9.3617e-01
9.2388e-01
9.2910e-01
9.3581e-01
9.3007e-01
9.3381e-01
9.3583e-01
9.3715e-01
9.3192e-01
9.3737e-01
9.4889e-01
9.3392e-01
9.3442e-01
9.5193e-01
9.4169e-01
9.3336e-01
9.3728e-01
9.3440e-01
9.3299e-01
9.3429e-01
9.3067e-01
9.3842e-01
9.1878e-01
9.3036e-01
9.3211e-01
9.3275e-01
9.3536e-01
9.3449e-01
9.4062e-01
9.2853e-01
9.2138e-01
9.4108e-01
9.2198e-01
9.2764e-01
9.3204e-01
9.2777e-01
9.4741e-01
9.3466e-01
9.4033e-01
9.3703e-01
9.2140e-01
9.2449e-01
9.3651e-01
9.3472e-01
9.4253e-01
9.2636e-01
9.3822e-01
9.3120e-01
9.4218e-01
9.2833e-01
9.2217e-01
9.3816e-01
9.2251e-01
9.2784e-01
9.2362e-01
9.3392e-01
9.4405e-01
9.4819e-01
9.4473e-01
9.3203e-01
9.3581e-01
9.4290e-01
9.3887e-01
9.3063e-01
9.3882e-01
9.2953e-01
9.4048e-01
9.3214e-01
9.4449e-01
9.3062e-01
9.3133e-01
9.3245e-01
9.4268e-01
9.4124e-01
9.4071e-01
9.3606e-01
9.4074e-01
9.3519e-01
9.3504e-01
9.2932e-01
9.3568e-01
9.3503e-01
9.2844e-01
9.4037e-01
9.3866e-01
9.3121e-01
9.3413e-01
9.1907e-01
9.3576e-01
9.3254e-01
9.2282e-01
9.4972e-01
9.1862e-01
9.2932e-01
9.3014e-01
9.4822e-01
9.3737e-01
9.3084e-01
9.3806e-01
9.4299e-01
9.4848e-01
9.3147e-01
9.2788e-01
9.3970e-01
9.4237e-01
9.3416e-01
9.3970e-01
9.3729e-01
9.2731e-01
9.4823e-01
9.3088e-01
9.3328e-01
9.3611e-01
9.2704e-01
9.3413e-01
9.4107e-01
9.4529e-01
9.4468e-01
9.2838e-01
9.2713e-01
9.3865e-01
9.2581e-01
9.3616e-01
9.3981e-01
9.4043e-01
9.3675e-01
9.4109e-01
9.3828e-01
9.3533e-01
9.2738e-01
9.4127e-01
9.5367e-01
9.3605e-01
9.4003e-01
9.3168e-01
9.3916e-01
9.2653e-01
9.3985e-01
9.4323e-01
9.4675e-01
9.2907e-01
9.2603e-01
9.3072e-01
9.3948e-01
9.2844e-01
9.3722e-01
9.3698e-01
9.3105e-01
9.2844e-01
9.3239e-01
9.2019e-01
9.3100e-01
9.4667e-01
9.2559e-01
9.4325e-01
9.4450e-01
9.2467e-01
9.3279e-01
9.3839e-01
9.2110e-01
9.3869e-01
9.2985e-01
9.3669e-01
9.3942e-01
9.3323e-01
9.4035e-01
9.5480e-01
9.3670e-01
9.3773e-01
9.3431e-01
9.3626e-01
9.3293e-01
9.3622e-01
9.3786e-01
9.2106e-01
9.4940e-01
9.2663e-01
9.3830e-01
9.3332e-01
9.3519e-01
9.2040e-01
9.4982e-01
9.3595e-01
9.3543e-01
9.2019e-01
9.3777e-01
9.4077e-01
9.2978e-01
9.3248e-01
9.3869e-01
9.4164e-01
9.2654e-01
9.3018e-01
9.4032e-01
9.1974e-01
9.3744e-01
9.3869e-01
9.4052e-01
9.4074e-01
9.2954e-01
9.4122e-01
9.3179e-01
9.3238e-01
9.2709e-01
9.2962e-01
9.2838e-01
9.4409e-01
9.3165e-01
9.3490e-01
9.3747e-01
9.3958e-01
9.2668e-01
9.3058e-01
9.3450e-01
9.3338e-01
9.3507e-01
9.2395e-01
9.3045e-01
9.3094e-01
9.2475e-01
9.3459e-01
9.2783e-01
9.2241e-01
9.3814e-01
9.4409e-01
9.2878e-01
9.3887e-01
9.3617e-01
9.3475e-01
9.3160e-01
9.3385e-01
9.2923e-01
9.2625e-01
9.3213e-01
9.3013e-01
9.3434e-01
9.2847e-01
9.4863e-01
9.3040e-01
9.1985e-01
9.3827e-01
9.3160e-01
9.3442e-01
9.3573e-01
9.4496e-01
9.4704e-01
9.5581e-01
9.2929e-01
9.4229e-01
9.2934e-01
9.4039e-01
9.4953e-01
9.3102e-01
9.3062e-01
9.1964e-01
9.4182e-01
9.3172e-01
9.2547e-01
9.3301e-01
9.3386e-01
9.2893e-01
9.3626e-01
9.3573e-01
9.4368e-01
9.3117e-01
9.4132e-01
9.3218e-01
9.3290e-01
9.4339e-01
9.3765e-01
9.4318e-01
9.2103e-01
9.3321e-01
9.3160e-01
9.3353e-01
9.3188e-01
9.2565e-01
9.2728e-01
9.3280e-01
9.3451e-01
9.4322e-01
9.2161e-01
9.4149e-01
9.2439e-01
9.3721e-01
9.3632e-01
9.4199e-01
9.3063e-01
9.3318e-01
9.2556e-01
9.4086e-01
9.4100e-01
9.3784e-01
9.1870e-01
9.3350e-01
9.2543e-01
9.3930e-01
9.2799e-01
9.3318e-01
9.3606e-01
9.5789e-01
9.1943e-01
9.2681e-01
9.3651e-01
9.3671e-01
9.2926e-01
9.3681e-01
9.3501e-01
9.3612e-01
9.4651e-01
9.4348e-01
9.3999e-01
9.3034e-01
9.2774e-01
9.3264e-01
9.2889e-01
9.1511e-01
9.3798e-01
9.3946e-01
9.4425e-01
9.3447e-01
9.3059e-01
9.3077e-01
9.4066e-01
9.1968e-01
9.4621e-01
9.3356e-01
9.4333e-01
9.3138e-01
9.3787e-01
9.3925e-01
9.4795e-01
9.3410e-01
9.2434e-01
9.2822e-01
9.2861e-01
9.3655e-01
9.2007e-01
9.2197e-01
9.2930e-01
9.4090e-01
9.2711e-01
9.2826e-01
9.4003e-01
9.3113e-01
9.2451e-01
9.3535e-01
9.3673e-01
9.2825e-01
9.4299e-01
9.2328e-01
9.3497e-01
9.4917e-01
9.2550e-01
9.3488e-01
9.3055e-01
9.2956e-01
9.4272e-01
9.3552e-01
9.3048e-01
9.4335e-01
9.3862e-01
9.3363e-01
9.3998e-01
9.2714e-01
9.2266e-01
9.2913e-01
9.2530e-01
9.4418e-01
9.3898e-01
9.3511e-01
9.3186e-01
9.3784e-01
9.3393e-01
9.3455e-01
9.3460e-01
9.3702e-01
9.2760e-01
9.3159e-01
9.2108e-01
9.3536e-01
9.3800e-01
9.4335e-01
9.2994e-01
9.4572e-01
9.3000e-01
9.4239e-01
9.3763e-01
9.3827e-01
9.2723e-01
9.4299e-01
9.3701e-01
9.5293e-01
9.2781e-01
9.4083e-01
9.2439e-01
9.3082e-01
9.3640e-01
9.3729e-01
9.3617e-01
9.3864e-01
9.3299e-01
9.3674e-01
9.3611e-01
9.3648e-01
9.4181e-01
9.2278e-01
9.4184e-01
9.2490e-01
9.3181e-01
9.3384e-01
9.3042e-01
9.2921e-01
9.5313e-01
9.3973e-01
9.4105e-01
9.3336e-01
9.2551e-01
9.3076e-01
9.3054e-01
9.2432e-01
9.4724e-01
9.3114e-01
