9.3106e-01
9.3215e-01
9.3112e-01
9.3263e-01
9.3405e-01
9.3564e-01
9.3193e-01
9.3692e-01
9.3226e-01
9.3300e-01
9.3568e-01
9.3273e-01
9.3138e-01
9.3445e-01
9.3234e-01
9.4107e-01
9.3543e-01
9.3502e-01
9.3247e-01
9.3549e-01
9.3152e-01
9.3606e-01
9.3203e-01
9.3390e-01
9.3281e-01
9.2943e-01
9.2910e-01
9.3321e-01
9.3083e-01
9.3524e-01
9.3169e-01
9.3350e-01
9.3366e-01
9.3438e-01
9.3415e-01
9.3691e-01
9.3199e-01
9.3658e-01
9.3673e-01
9.3535e-01
9.3372e-01
9.3411e-01
9.3778e-01
9.3738e-01
9.3382e-01
9.3645e-01
9.3560e-01
9.2976e-01
9.3680e-01
9.3471e-01
9.3403e-01
9.3908e-01
9.3411e-01
9.3619e-01
9.3261e-01
9.3451e-01
9.3529e-01
9.3337e-01
9.2377e-01
9.3046e-01
9.3367e-01
9.2743e-01
9.3293e-01
9.3498e-01
9.3151e-01
9.3344e-01
9.3356e-01
9.2638e-01
9.3356e-01
9.3117e-01
9.3791e-01
9.3603e-01
9.3251e-01
9.3270e-01
9.2777e-01
9.3447e-01
9.3614e-01
9.2955e-01
9.3494e-01
9.2982e-01
9.3160e-01
9.3047e-01
9.3022e-01
9.3496e-01
9.3283e-01
9.3463e-01
9.3234e-01
9.3166e-01
9.2960e-01
9.3439e-01
9.3162e-01
9.3432e-01
9.3648e-01
9.3194e-01
9.3110e-01
9.3260e-01
9.3313e-01
9.3594e-01
9.3353e-01
9.3197e-01
9.2945e-01
9.3376e-01
9.3214e-01
9.3367e-01
9.3428e-01
9.3656e-01
9.3504e-01
9.3131e-01
9.3118e-01
9.3383e-01
9.3494e-01
9.3457e-01
9.3349e-01
9.3550e-01
9.2565e-01
9.2929e-01
9.3174e-01
9.2925e-01
9.3106e-01
9.3528e-01
9.3403e-01
9.3436e-01
9.2805e-01
9.3380e-01
9.3225e-01
9.3369e-01
9.3330e-01
9.3555e-01
9.3037e-01
9.3265e-01
9.3303e-01
9.3217e-01
9.3388e-01
9.3165e-01
9.3467e-01
9.3724e-01
9.3016e-01
9.3064e-01
9.3103e-01
9.3534e-01
9.3418e-01
9.3671e-01
9.3298e-01
9.3060e-01
9.3347e-01
9.3846e-01
9.3489e-01
9.3761e-01
9.3167e-01
9.3383e-01
9.3372e-01
9.3324e-01
9.3845e-01
9.3037e-01
9.3244e-01
9.3606e-01
9.2708e-01
9.3414e-01
9.2937e-01
9.3571e-01
9.3322e-01
9.3250e-01
9.3633e-01
9.3355e-01
9.3166e-01
9.3376e-01
9.2744e-01
9.3442e-01
9.3788e-01
9.3308e-01
9.3246e-01
9.3460e-01
9.3630e-01
9.3214e-01
9.3424e-01
9.3144e-01
9.3176e-01
9.3246e-01
9.3193e-01
9.4005e-01
9.3224e-01
9.3131e-01
9.3157e-01
9.3673e-01
9.3803e-01
9.3386e-01
9.2812e-01
9.3622e-01
9.3246e-01
9.3048e-01
9.3622e-01
9.3057e-01
9.3919e-01
9.3106e-01
9.3107e-01
9.2833e-01
9.2716e-01
9.3086e-01
9.3321e-01
9.3318e-01
9.2965e-01
9.3351e-01
9.3274e-01
9.3280e-01
9.3379e-01
9.2997e-01
9.2809e-01
9.3623e-01
9.3008e-01
9.3136e-01
9.3086e-01
9.3381e-01
9.3253e-01
9.3648e-01
9.2963e-01
9.3583e-01
9.3248e-01
9.3475e-01
9.3442e-01
9.3072e-01
9.3290e-01
9.3598e-01
9.3388e-01
9.2958e-01
9.2954e-01
9.3512e-01
9.3948e-01
9.3213e-01
9.2784e-01
9.3458e-01
9.3384e-01
9.3318e-01
9.3089e-01
9.3636e-01
9.3267e-01
9.3627e-01
9.3574e-01
9.3181e-01
9.3344e-01
9.3230e-01
9.3530e-01
9.2726e-01
9.3265e-01
9.3138e-01
9.3316e-01
9.3395e-01
9.3379e-01
9.3333e-01
9.2941e-01
9.3588e-01
9.2603e-01
9.3032e-01
9.2763e-01
9.3499e-01
9.2925e-01
9.3358e-01
9.3402e-01
9.3317e-01
9.3111e-01
9.3569e-01
9.3307e-01
9.3507e-01
9.3258e-01
9.3547e-01
9.3614e-01
9.3523e-01
9.3133e-01
9.3008e-01
9.3184e-01
9.3628e-01
9.3417e-01
9.3538e-01
9.3200e-01
9.3238e-01
9.3356e-01
9.2872e-01
9.3299e-01
9.2862e-01
9.3238e-01
9.3403e-01
9.3546e-01
9.3469e-01
9.3394e-01
9.3195e-01
9.3112e-01
9.3283e-01
9.3319e-01
9.3656e-01
9.3313e-01
9.3503e-01
9.3154e-01
9.2973e-01
9.3121e-01
9.3529e-01
9.3704e-01
9.3587e-01
9.3593e-01
9.3145e-01
9.3234e-01
9.3685e-01
9.3468e-01
9.3153e-01
9.3094e-01
9.3651e-01
9.3021e-01
9.3367e-01
9.3515e-01
9.3389e-01
9.3646e-01
9.2984e-01
9.3539e-01
9.3598e-01
9.3450e-01
9.3124e-01
9.3276e-01
9.3310e-01
9.3105e-01
9.3176e-01
9.3522e-01
9.3695e-01
9.2966e-01
9.3316e-01
9.3245e-01
9.3643e-01
9.2865e-01
9.2989e-01
9.2915e-01
9.3267e-01
9.3442e-01
9.3557e-01
9.3658e-01
9.2913e-01
9.3924e-01
9.3258e-01
9.2821e-01
9.3528e-01
9.3236e-01
9.2769e-01
9.3490e-01
9.3567e-01
9.3373e-01
9.3387e-01
9.3043e-01
9.3531e-01
9.3282e-01
9.3195e-01
9.3168e-01
9.3317e-01
9.3785e-01
9.3425e-01
9.3391e-01
9.3099e-01
9.3427e-01
9.3337e-01
9.3534e-01
9.3475e-01
9.3558e-01
9.3362e-01
9.3426e-01
9.3291e-01
9.2416e-01
9.3103e-01
9.2857e-01
9.3209e-01
9.3609e-01
9.3107e-01
9.3481e-01
9.2785e-01
9.3740e-01
9.3511e-01
9.4003e-01
9.3207e-01
9.3515e-01
9.3283e-01
9.2984e-01
9.3279e-01
9.2957e-01
9.3386e-01
9.3382e-01
9.3608e-01
9.3236e-01
9.3233e-01
9.3451e-01
9.3314e-01
9.3188e-01
9.3999e-01
9.3622e-01
9.3349e-01
9.3700e-01
9.3323e-01
9.3415e-01
9.3225e-01
9.2498e-01
9.3770e-01
9.3014e-01
9.3328e-01
9.2938e-01
9.3339e-01
9.2721e-01
9.3346e-01
9.3490e-01
9.3198e-01
9.3677e-01
9.3137e-01
9.3458e-01
9.3856e-01
9.3290e-01
9.3748e-01
9.3128e-01
9.3464e-01
9.3228e-01
9.3359e-01
9.3038e-01
9.3459e-01
9.3298e-01
9.3558e-01
9.3214e-01
9.3455e-01
9.3056e-01
9.2998e-01
9.3422e-01
9.3043e-01
9.3088e-01
9.3248e-01
9.3553e-01
9.3220e-01
9.3215e-01
9.3281e-01
9.3543e-01
9.3599e-01
9.3290e-01
9.3264e-01
9.3478e-01
9.3387e-01
9.3504e-01
9.3385e-01
9.3090e-01
9.3621e-01
9.3380e-01
9.3036e-01
9.2955e-01
9.3031e-01
9.3839e-01
9.3284e-01
9.3454e-01
9.3095e-01
9.3544e-01
9.3470e-01
9.3001e-01
9.2912e-01
9.3176e-01
9.3596e-01
9.3832e-01
9.3995e-01
9.3736e-01
9.3058e-01
9.3538e-01
9.3322e-01
9.3803e-01
9.3555e-01
9.3162e-01
9.3331e-01
9.3282e-01
9.3226e-01
9.3046e-01
9.3759e-01
9.2841e-01
9.3589e-01
9.3265e-01
9.3426e-01
9.3038e-01
9.3221e-01
9.3086e-01
9.3534e-01
9.3111e-01
9.3205e-01
9.3163e-01
9.3398e-01
9.3424e-01
9.3216e-01
9.3667e-01
9.3140e-01
9.3087e-01
9.3293e-01
9.3366e-01
9.2904e-01
9.3464e-01
9.3403e-01
9.3362e-01
9.3428e-01
9.2949e-01
9.3557e-01
9.3658e-01
9.3168e-01
9.3229e-01
9.3445e-01
9.3222e-01
9.3360e-01
9.3149e-01
9.3490e-01
9.3338e-01
9.3109e-01
9.2863e-01
9.2902e-01
9.3432e-01
9.3690e-01
9.3196e-01
9.3539e-01
9.3104e-01
9.3097e-01
9.2943e-01
9.3182e-01
9.3107e-01
9.3008e-01
9.3330e-01
9.3345e-01
9.4011e-01
9.3085e-01
9.3554e-01
9.3538e-01
9.3285e-01
9.3402e-01
9.3454e-01
9.3141e-01
9.3330e-01
9.3392e-01
9.3337e-01
9.3793e-01
9.3357e-01
9.3426e-01
9.3076e-01
9.2954e-01
9.3357e-01
9.3041e-01
9.3008e-01
9.2847e-01
9.3414e-01
9.2997e-01
9.3231e-01
9.3289e-01
9.3489e-01
9.3151e-01
9.3439e-01
9.3545e-01
9.3204e-01
9.3871e-01
9.3507e-01
9.3019e-01
9.2845e-01
9.2868e-01
9.2952e-01
9.3116e-01
9.3714e-01
9.3123e-01
9.3203e-01
9.3871e-01
9.3091e-01
9.3211e-01
9.3056e-01
9.3397e-01
9.3139e-01
9.3114e-01
9.3174e-01
9.2847e-01
9.3385e-01
9.3215e-01
9.3546e-01
9.3314e-01
9.3351e-01
9.3259e-01
9.3545e-01
9.3454e-01
9.3325e-01
9.2855e-01
9.3392e-01
9.3273e-01
9.3664e-01
9.3257e-01
9.3172e-01
9.3194e-01
9.3781e-01
9.3098e-01
9.3158e-01
9.3663e-01
9.3593e-01
9.3827e-01
9.3724e-01
9.2809e-01
9.3391e-01
9.3590e-01
9.3468e-01
9.3385e-01
9.3285e-01
9.3436e-01
9.2857e-01
9.3487e-01
9.3201e-01
9.3606e-01
9.3399e-01
9.3062e-01
9.2970e-01
9.3572e-01
9.3038e-01
9.3462e-01
9.3489e-01
9.2902e-01
9.3545e-01
9.3141e-01
9.2995e-01
9.3058e-01
9.3339e-01
9.3060e-01
9.3535e-01
9.3200e-01
9.2907e-01
9.3799e-01
9.3456e-01
9.3424e-01
9.3408e-01
9.3627e-01
9.3537e-01
9.3266e-01
9.2568e-01
9.3404e-01
9.3338e-01
9.3372e-01
9.3073e-01
9.2947e-01
9.2908e-01
9.3270e-01
9.3159e-01
9.3197e-01
9.3315e-01
9.3252e-01
9.2867e-01
9.3513e-01
9.3363e-01
9.2757e-01
9.3750e-01
9.3433e-01
9.2897e-01
9.3435e-01
9.3203e-01
9.3273e-01
9.3096e-01
9.3775e-01
9.3528e-01
9.2930e-01
9.3386e-01
9.3473e-01
9.2870e-01
9.3643e-01
9.3040e-01
9.3278e-01
9.3729e-01
9.3009e-01
9.3002e-01
9.3784e-01
9.3267e-01
9.3485e-01
9.2874e-01
9.3511e-01
9.2506e-01
9.2918e-01
9.3201e-01
9.3555e-01
9.3410e-01
9.3372e-01
9.3580e-01
9.3146e-01
9.3423e-01
9.3137e-01
9.2980e-01
9.3258e-01
9.3211e-01
9.3075e-01
9.3442e-01
9.3328e-01
9.3201e-01
9.3726e-01
9.3516e-01
9.3490e-01
9.3205e-01
9.3131e-01
9.3608e-01
9.3205e-01
9.3576e-01
9.3362e-01
9.3743e-01
9.3665e-01
9.3446e-01
9.3911e-01
9.3148e-01
9.3641e-01
9.3068e-01
9.3374e-01
9.2948e-01
9.3189e-01
9.3114e-01
9.3301e-01
9.3063e-01
9.3195e-01
9.3306e-01
9.3252e-01
9.3577e-01
9.3084e-01
9.2882e-01
9.3544e-01
9.3340e-01
9.2968e-01
9.3503e-01
9.3397e-01
9.3430e-01
9.3591e-01
9.3339e-01
9.3303e-01
9.3529e-01
9.3308e-01
9.3880e-01
9.3406e-01
9.3190e-01
9.2637e-01
9.3380e-01
9.3406e-01
9.3488e-01
9.3043e-01
9.3269e-01
9.3168e-01
9.3448e-01
9.3515e-01
9.3426e-01
9.3463e-01
9.3193e-01
9.3364e-01
9.3446e-01
9.2960e-01
9.3494e-01
9.2899e-01
9.3456e-01
9.3217e-01
9.3126e-01
9.2776e-01
9.2991e-01
9.3147e-01
9.3539e-01
9.3179e-01
9.3440e-01
9.3231e-01
9.3213e-01
9.3328e-01
9.3115e-01
9.3657e-01
9.3046e-01
9.3269e-01
9.3291e-01
9.3376e-01
9.3331e-01
9.3061e-01
9.3805e-01
9.3520e-01
9.3396e-01
9.3510e-01
9.3185e-01
9.3029e-01
9.2780e-01
9.3419e-01
9.3459e-01
9.3012e-01
9.3289e-01
9.3600e-01
9.3325e-01
9.2949e-01
9.3776e-01
9.2859e-01
9.3566e-01
9.3402e-01
9.3260e-01
9.2872e-01
9.3696e-01
9.3215e-01
9.3016e-01
9.3628e-01
9.3284e-01
9.3505e-01
9.3407e-01
9.2982e-01
9.2940e-01
9.3326e-01
9.3139e-01
9.3583e-01
9.3242e-01
9.3156e-01
9.3153e-01
9.3135e-01
9.2824e-01
9.3436e-01
9.3278e-01
9.3430e-01
9.3262e-01
9.3407e-01
9.2861e-01
9.3251e-01
9.3521e-01
9.3502e-01
9.3820e-01
9.3263e-01
9.3127e-01
9.3014e-01
9.3169e-01
9.3651e-01
9.3539e-01
9.3218e-01
9.3467e-01
9.3394e-01
9.3331e-01
9.3029e-01
9.3433e-01
9.3564e-01
9.3190e-01
9.3207e-01
9.3646e-01
9.3498e-01
9.2801e-01
9.3734e-01
9.3404e-01
9.3144e-01
9.2785e-01
9.3538e-01
9.3214e-01
9.3090e-01
9.2847e-01
9.3281e-01
9.3335e-01
9.3290e-01
9.3366e-01
9.2800e-01
9.3506e-01
9.3492e-01
9.3194e-01
9.3359e-01
9.3226e-01
9.3850e-01
9.3693e-01
9.3840e-01
9.3823e-01
9.3742e-01
9.3715e-01
9.3178e-01
9.3422e-01
9.3520e-01
9.3286e-01
9.3250e-01
9.2719e-01
9.3110e-01
9.2791e-01
9.3131e-01
9.3205e-01
9.3519e-01
9.3151e-01
9.2988e-01
9.3137e-01
9.3445e-01
9.3257e-01
9.3247e-01
9.3614e-01
9.3602e-01
9.3541e-01
9.3723e-01
9.2707e-01
9.3373e-01
9.3351e-01
9.3556e-01
9.3172e-01
9.3297e-01
9.3691e-01
9.3510e-01
9.3085e-01
9.3064e-01
9.3096e-01
9.2997e-01
9.3119e-01
9.2996e-01
9.3637e-01
9.3547e-01
9.3562e-01
9.3287e-01
9.4008e-01
9.3488e-01
9.3229e-01
9.3427e-01
9.3102e-01
9.3519e-01
9.3241e-01
9.2929e-01
9.3502e-01
9.3334e-01
9.3063e-01
9.3496e-01
9.3402e-01
9.3122e-01
9.3029e-01
9.3505e-01
9.3568e-01
9.3017e-01
9.3174e-01
9.3296e-01
9.3241e-01
9.3213e-01
9.3445e-01
9.3240e-01
9.3748e-01
9.2916e-01
9.2848e-01
9.3265e-01
9.3101e-01
9.3079e-01
9.3346e-01
9.2845e-01
9.3287e-01
9.4009e-01
9.3108e-01
9.3334e-01
9.2812e-01
9.3512e-01
9.3478e-01
9.3011e-01
9.3221e-01
9.3159e-01
9.3402e-01
9.3119e-01
9.3556e-01
9.3459e-01
9.3045e-01
9.3152e-01
9.3478e-01
9.3106e-01
9.3355e-01
9.3428e-01
9.3342e-01
9.3378e-01
9.3398e-01
9.3594e-01
9.3640e-01
9.3181e-01
9.3187e-01
9.3236e-01
9.3019e-01
9.3292e-01
9.3580e-01
9.3560e-01
9.3006e-01
9.3138e-01
9.2857e-01
9.3636e-01
9.3968e-01
9.3429e-01
9.3421e-01
9.3642e-01
9.3596e-01
9.3497e-01
9.3243e-01
9.3389e-01
9.3310e-01
9.3686e-01
9.3332e-01
9.3147e-01
9.3135e-01
9.3621e-01
9.3174e-01
9.3721e-01
9.2786e-01
9.3536e-01
9.3086e-01
9.3029e-01
9.3614e-01
9.3035e-01
9.3430e-01
9.3133e-01
9.3043e-01
9.3163e-01
9.2965e-01
9.3696e-01
9.3493e-01
9.3427e-01
9.2503e-01
9.3271e-01
9.3525e-01
9.2926e-01
9.3018e-01
9.2890e-01
9.3418e-01
9.3013e-01
9.3446e-01
9.3018e-01
9.3569e-01
9.3198e-01
9.3482e-01
9.3247e-01
9.3567e-01
9.3837e-01
