9.2835e-01
9.3887e-01
9.2813e-01
9.3486e-01
9.3726e-01
9.3239e-01
9.4117e-01
9.3643e-01
9.3686e-01
9.3553e-01
9.3584e-01
9.3866e-01
9.3675e-01
9.3723e-01
9.3544e-01
9.3607e-01
9.3176e-01
9.3291e-01
9.3905e-01
9.3363e-01
9.3795e-01
9.3562e-01
9.3184e-01
9.3344e-01
9.3693e-01
9.3494e-01
9.2978e-01
9.3921e-01
9.3448e-01
9.3550e-01
9.3806e-01
9.3286e-01
9.2977e-01
9.3709e-01
9.3150e-01
9.3346e-01
9.4204e-01
9.4297e-01
9.3581e-01
9.3047e-01
9.2932e-01
9.3402e-01
9.3899e-01
9.3297e-01
9.3113e-01
9.3017e-01
9.3888e-01
9.3727e-01
9.3190e-01
9.3841e-01
9.3784e-01
9.3452e-01
9.3879e-01
9.3743e-01
9.3396e-01
9.4161e-01
9.3597e-01
9.3929e-01
9.3881e-01
9.3846e-01
9.3864e-01
9.3504e-01
9.3695e-01
9.3405e-01
9.3668e-01
9.2999e-01
9.3833e-01
9.3879e-01
9.3615e-01
9.3910e-01
9.3711e-01
9.3222e-01
9.4075e-01
9.3295e-01
9.3341e-01
9.3410e-01
9.3557e-01
9.3554e-01
9.3580e-01
9.3495e-01
9.3805e-01
9.3474e-01
9.3922e-01
9.3416e-01
9.4155e-01
9.3252e-01
9.3626e-01
9.3719e-01
9.3476e-01
9.3673e-01
9.3981e-01
9.3369e-01
9.3232e-01
9.3380e-01
9.3121e-01
9.3500e-01
9.3952e-01
9.3977e-01
9.3629e-01
9.3813e-01
9.3878e-01
9.3642e-01
9.4117e-01
9.3720e-01
9.4433e-01
9.3344e-01
9.3246e-01
9.3746e-01
9.3789e-01
9.2773e-01
9.4182e-01
9.3408e-01
9.3413e-01
9.4001e-01
9.3776e-01
9.3498e-01
9.4026e-01
9.3614e-01
9.3424e-01
9.3660e-01
9.4088e-01
9.3091e-01
9.3598e-01
9.3259e-01
9.3486e-01
9.3598e-01
9.3675e-01
9.3338e-01
9.3812e-01
9.3525e-01
9.3651e-01
9.3503e-01
9.3534e-01
9.2920e-01
9.3540e-01
9.3531e-01
9.3562e-01
9.3276e-01
9.3517e-01
9.4065e-01
9.3542e-01
9.3807e-01
9.3640e-01
9.3554e-01
9.3660e-01
9.3424e-01
9.3590e-01
9.3454e-01
9.3172e-01
9.3344e-01
9.3355e-01
9.3648e-01
9.3380e-01
9.3740e-01
9.3416e-01
9.3325e-01
9.3770e-01
9.3568e-01
9.3617e-01
9.3814e-01
9.3491e-01
9.3483e-01
9.3264e-01
9.2985e-01
9.2936e-01
9.4187e-01
9.4086e-01
9.3796e-01
9.3507e-01
9.3764e-01
9.3159e-01
9.3772e-01
9.2588e-01
9.3692e-01
9.4182e-01
9.3965e-01
9.4097e-01
9.3985e-01
9.3908e-01
9.3262e-01
9.3865e-01
9.3626e-01
9.3347e-01
9.3311e-01
9.4099e-01
9.3522e-01
9.3327e-01
9.4020e-01
9.3434e-01
9.3624e-01
9.3569e-01
9.3165e-01
9.3793e-01
9.2455e-01
9.3143e-01
9.3847e-01
9.4356e-01
9.2945e-01
9.3448e-01
9.4248e-01
9.2990e-01
9.3638e-01
9.4015e-01
9.3948e-01
9.3452e-01
9.3455e-01
9.3531e-01
9.3777e-01
9.3201e-01
9.3965e-01
9.3238e-01
9.3639e-01
9.3274e-01
9.3222e-01
9.3192e-01
9.3299e-01
9.3794e-01
9.4145e-01
9.3842e-01
9.3559e-01
9.3211e-01
9.3903e-01
9.4107e-01
9.3500e-01
9.3357e-01
9.3436e-01
9.3592e-01
9.4292e-01
9.2931e-01
9.3458e-01
9.3113e-01
9.3925e-01
9.3777e-01
9.4309e-01
9.3800e-01
9.3877e-01
9.3722e-01
9.3763e-01
9.3527e-01
9.4102e-01
9.3415e-01
9.3788e-01
9.3600e-01
9.3121e-01
9.3990e-01
9.3695e-01
9.3877e-01
9.3465e-01
9.3619e-01
9.2594e-01
9.3847e-01
9.3962e-01
9.3423e-01
9.3686e-01
9.3708e-01
9.4007e-01
9.2854e-01
9.3779e-01
9.3955e-01
9.3903e-01
9.3798e-01
9.3380e-01
9.3391e-01
9.3309e-01
9.3028e-01
9.3516e-01
9.3615e-01
9.3714e-01
9.3251e-01
9.3096e-01
9.3431e-01
9.3965e-01
9.3156e-01
9.3630e-01
9.3756e-01
9.3807e-01
9.3664e-01
9.4145e-01
9.3392e-01
9.3313e-01
9.3924e-01
9.3810e-01
9.3647e-01
9.3015e-01
9.3535e-01
9.3447e-01
9.3512e-01
9.3419e-01
9.3709e-01
9.3277e-01
9.3382e-01
9.3379e-01
9.3788e-01
9.3370e-01
9.3923e-01
9.3043e-01
9.2857e-01
9.3860e-01
9.3558e-01
9.3543e-01
9.3504e-01
9.3707e-01
9.3894e-01
9.3711e-01
9.3167e-01
9.4309e-01
9.3550e-01
9.3778e-01
9.3558e-01
9.3015e-01
9.3992e-01
9.3613e-01
9.3564e-01
9.3543e-01
9.3780e-01
9.3648e-01
9.4065e-01
9.3439e-01
9.3851e-01
9.3388e-01
9.3888e-01
9.3463e-01
9.3382e-01
9.3501e-01
9.3817e-01
9.3511e-01
9.4307e-01
9.3455e-01
9.3506e-01
9.3797e-01
9.3877e-01
9.3610e-01
9.3441e-01
9.3773e-01
9.4192e-01
9.3628e-01
9.3542e-01
9.3534e-01
9.3150e-01
9.3983e-01
9.3226e-01
9.4290e-01
9.3480e-01
9.3392e-01
9.4199e-01
9.3743e-01
9.3283e-01
9.3591e-01
9.3409e-01
9.3747e-01
9.3688e-01
9.3368e-01
9.3588e-01
9.3565e-01
9.3690e-01
9.2990e-01
9.3807e-01
9.3369e-01
9.4177e-01
9.3653e-01
9.3952e-01
9.3377e-01
9.3581e-01
9.3061e-01
9.2999e-01
9.3463e-01
9.3690e-01
9.3073e-01
9.3608e-01
9.3384e-01
9.3083e-01
9.3764e-01
9.3474e-01
9.3611e-01
9.3908e-01
9.3796e-01
9.4305e-01
9.3451e-01
9.2928e-01
9.3790e-01
9.3671e-01
9.3490e-01
9.3658e-01
9.3308e-01
9.3362e-01
9.3832e-01
9.3529e-01
9.3984e-01
9.3584e-01
9.3377e-01
9.3532e-01
9.4112e-01
9.3465e-01
9.3569e-01
9.2830e-01
9.3652e-01
9.3401e-01
9.3777e-01
9.4142e-01
9.3968e-01
9.3697e-01
9.3560e-01
9.3653e-01
9.3954e-01
9.4276e-01
9.3725e-01
9.3741e-01
9.3589e-01
9.4177e-01
9.3455e-01
9.3810e-01
9.3826e-01
9.3992e-01
9.3514e-01
9.3839e-01
9.3448e-01
9.3611e-01
9.3344e-01
9.3915e-01
9.3564e-01
9.3226e-01
9.3603e-01
9.3041e-01
9.3779e-01
9.4485e-01
9.3288e-01
9.3255e-01
9.3056e-01
9.3707e-01
9.3717e-01
9.2763e-01
9.3597e-01
9.3973e-01
9.3081e-01
9.3621e-01
9.3746e-01
9.3665e-01
9.3474e-01
9.3814e-01
9.3810e-01
9.3604e-01
9.3121e-01
9.3887e-01
9.3392e-01
9.3973e-01
9.3890e-01
9.3407e-01
9.3723e-01
9.3356e-01
9.4043e-01
9.3406e-01
9.3341e-01
9.3672e-01
9.3684e-01
9.3218e-01
9.3587e-01
9.3167e-01
9.3194e-01
9.3940e-01
9.3688e-01
9.3965e-01
9.3558e-01
9.3727e-01
9.3993e-01
9.3763e-01
9.3039e-01
9.3835e-01
9.3909e-01
9.3704e-01
9.4038e-01
9.3664e-01
9.3624e-01
9.3913e-01
9.3440e-01
9.3478e-01
9.3884e-01
9.3775e-01
9.4183e-01
9.3965e-01
9.3213e-01
9.3613e-01
9.3195e-01
9.3996e-01
9.3919e-01
9.3459e-01
9.3718e-01
9.4417e-01
9.3524e-01
9.3052e-01
9.3271e-01
9.3157e-01
9.3337e-01
9.3818e-01
9.3045e-01
9.3756e-01
9.3478e-01
9.2795e-01
9.3777e-01
9.3188e-01
9.3350e-01
9.3563e-01
9.3397e-01
9.4085e-01
9.3743e-01
9.3654e-01
9.3652e-01
9.4090e-01
9.3551e-01
9.2864e-01
9.3550e-01
9.3165e-01
9.4025e-01
9.3701e-01
9.3552e-01
9.3549e-01
9.3346e-01
9.3291e-01
9.4068e-01
9.3800e-01
9.3622e-01
9.3453e-01
9.2851e-01
9.3514e-01
9.3730e-01
9.3319e-01
9.3567e-01
9.3919e-01
9.3639e-01
9.3485e-01
9.3696e-01
9.3552e-01
9.3548e-01
9.3900e-01
9.3473e-01
9.3205e-01
9.3582e-01
9.2973e-01
9.3664e-01
9.3345e-01
9.4083e-01
9.3554e-01
9.3448e-01
9.2908e-01
9.3717e-01
9.3781e-01
9.3034e-01
9.3299e-01
9.3285e-01
9.4277e-01
9.3184e-01
9.3522e-01
9.3266e-01
9.4153e-01
9.3660e-01
9.3622e-01
9.3910e-01
9.3355e-01
9.3743e-01
9.3444e-01
9.3784e-01
9.3379e-01
9.3766e-01
9.2807e-01
9.2913e-01
9.4006e-01
9.3204e-01
9.3804e-01
9.3397e-01
9.2985e-01
9.3387e-01
9.3806e-01
9.3516e-01
9.3305e-01
9.4112e-01
9.3393e-01
9.3461e-01
9.3571e-01
9.4063e-01
9.3425e-01
9.3911e-01
9.3603e-01
9.3269e-01
9.3352e-01
9.3355e-01
9.3538e-01
9.3851e-01
9.3730e-01
9.3577e-01
9.3504e-01
9.3438e-01
9.3044e-01
9.3187e-01
9.3671e-01
9.3880e-01
9.4051e-01
9.3336e-01
9.3821e-01
9.3469e-01
9.3361e-01
9.3699e-01
9.3739e-01
9.3618e-01
9.3832e-01
9.3642e-01
9.3947e-01
9.3361e-01
9.3389e-01
9.4120e-01
9.3376e-01
9.3656e-01
9.3637e-01
9.3885e-01
9.3272e-01
9.3793e-01
9.3629e-01
9.3448e-01
9.3539e-01
9.3429e-01
9.3438e-01
9.3373e-01
9.3920e-01
9.3568e-01
9.2956e-01
9.3336e-01
9.3429e-01
9.3229e-01
9.3560e-01
9.3967e-01
9.4135e-01
9.4162e-01
9.3777e-01
9.3868e-01
9.3647e-01
9.3463e-01
9.3555e-01
9.3183e-01
9.3589e-01
9.3986e-01
9.3954e-01
9.3632e-01
9.3148e-01
9.3326e-01
9.3796e-01
9.3588e-01
9.3492e-01
9.3550e-01
9.3592e-01
9.3275e-01
9.3566e-01
9.3755e-01
9.3974e-01
9.4062e-01
9.2964e-01
9.4144e-01
9.3496e-01
9.3548e-01
9.4099e-01
9.3292e-01
9.3563e-01
9.3533e-01
9.3844e-01
9.4174e-01
9.3399e-01
9.3879e-01
9.3768e-01
9.3331e-01
9.3571e-01
9.3306e-01
9.3686e-01
9.3211e-01
9.3592e-01
9.3836e-01
9.3770e-01
9.3648e-01
9.3550e-01
9.2993e-01
9.3650e-01
9.3602e-01
9.3914e-01
9.3080e-01
9.3188e-01
9.3451e-01
9.3635e-01
9.3363e-01
9.3107e-01
9.3274e-01
9.3139e-01
9.3484e-01
9.3142e-01
9.3325e-01
9.3869e-01
9.3373e-01
9.3881e-01
9.3872e-01
9.3596e-01
9.3751e-01
9.3293e-01
9.3538e-01
9.3839e-01
9.3205e-01
9.3748e-01
9.4059e-01
9.3570e-01
9.3610e-01
9.3260e-01
9.3864e-01
9.3429e-01
9.3944e-01
9.3838e-01
9.3682e-01
9.3064e-01
9.3946e-01
9.3195e-01
9.4006e-01
9.3777e-01
9.3215e-01
9.3949e-01
9.3237e-01
9.3775e-01
9.3626e-01
9.3255e-01
9.3701e-01
9.4044e-01
9.3705e-01
9.3773e-01
9.3346e-01
9.3145e-01
9.3336e-01
9.4012e-01
9.3421e-01
9.3651e-01
9.2963e-01
9.3049e-01
9.3442e-01
9.3309e-01
9.3173e-01
9.3143e-01
9.3267e-01
9.3699e-01
9.3195e-01
9.3435e-01
9.3428e-01
9.3325e-01
9.3135e-01
9.3872e-01
9.4283e-01
9.3697e-01
9.3389e-01
9.3733e-01
9.3444e-01
9.4235e-01
9.3798e-01
9.3609e-01
9.3770e-01
9.4125e-01
9.3349e-01
9.3257e-01
9.4028e-01
9.3229e-01
9.3472e-01
9.3915e-01
9.3682e-01
9.3740e-01
9.3696e-01
9.3426e-01
9.3869e-01
9.4099e-01
9.2984e-01
9.3883e-01
9.3640e-01
9.3066e-01
9.3947e-01
9.3855e-01
9.4308e-01
9.3292e-01
9.3938e-01
9.3993e-01
9.2845e-01
9.3393e-01
9.3523e-01
9.3104e-01
9.3122e-01
9.3322e-01
9.3734e-01
9.3136e-01
9.3411e-01
9.3637e-01
9.3941e-01
9.3552e-01
9.3748e-01
9.3620e-01
9.3004e-01
9.3399e-01
9.3066e-01
9.3767e-01
9.4231e-01
9.3417e-01
9.3835e-01
9.3895e-01
9.2970e-01
9.4191e-01
9.3707e-01
9.4137e-01
9.3195e-01
9.3135e-01
9.3695e-01
9.4295e-01
9.2892e-01
9.3999e-01
9.3220e-01
9.3780e-01
9.3438e-01
9.3820e-01
9.2968e-01
9.3897e-01
9.3587e-01
9.3391e-01
9.3961e-01
9.3890e-01
9.3727e-01
9.3579e-01
9.3049e-01
9.3229e-01
9.3553e-01
9.4054e-01
9.3720e-01
9.4670e-01
9.3732e-01
9.3473e-01
9.3807e-01
9.3294e-01
9.3317e-01
9.3308e-01
9.4208e-01
9.3213e-01
9.2736e-01
9.3455e-01
9.3279e-01
9.3364e-01
9.3609e-01
9.3880e-01
9.4029e-01
9.3121e-01
9.3585e-01
9.3428e-01
9.3572e-01
9.3455e-01
9.3842e-01
9.3908e-01
9.3356e-01
9.3742e-01
9.3945e-01
9.3639e-01
9.3009e-01
9.4151e-01
9.4201e-01
9.3809e-01
9.3416e-01
9.3398e-01
9.3769e-01
9.3309e-01
9.3559e-01
9.3500e-01
9.3901e-01
9.3406e-01
9.3216e-01
9.3582e-01
9.3908e-01
9.3497e-01
9.3624e-01
9.3481e-01
9.4191e-01
9.3524e-01
9.4484e-01
9.3819e-01
9.3572e-01
9.3877e-01
9.3931e-01
9.3132e-01
9.3238e-01
9.3581e-01
9.2734e-01
9.4164e-01
9.3452e-01
9.3559e-01
9.3663e-01
9.3337e-01
9.3568e-01
9.3882e-01
9.3825e-01
9.3165e-01
9.3623e-01
9.3213e-01
9.3893e-01
9.3044e-01
9.4103e-01
9.3224e-01
9.3405e-01
9.4046e-01
9.3940e-01
9.3713e-01
9.3655e-01
9.3715e-01
9.3538e-01
9.3889e-01
9.3136e-01
9.3377e-01
9.3593e-01
9.3917e-01
9.3767e-01
9.4130e-01
9.3650e-01
9.3690e-01
9.3545e-01
9.3644e-01
9.3412e-01
9.4172e-01
9.3707e-01
9.3482e-01
9.3565e-01
9.3735e-01
9.3783e-01
9.3112e-01
9.3630e-01
9.3988e-01
9.3515e-01
9.3274e-01
9.3347e-01
9.4078e-01
9.3640e-01
9.3805e-01
9.3613e-01
9.3836e-01
9.4386e-01
9.3512e-01
9.3401e-01
9.3597e-01
9.3421e-01
9.4159e-01
9.3766e-01
9.3587e-01
9.3498e-01
9.3654e-01
9.3583e-01
9.3512e-01
9.3478e-01
9.3012e-01
9.3263e-01
9.3680e-01
9.3698e-01
9.3442e-01
9.3735e-01
9.3668e-01
9.3736e-01
9.3287e-01
9.3499e-01
9.3673e-01
9.3630e-01
9.3272e-01
9.4041e-01
9.4229e-01
9.3776e-01
9.3962e-01
9.3831e-01
9.3509e-01
9.3828e-01
9.3702e-01
9.3406e-01
9.3463e-01
9.3693e-01
9.3180e-01
9.3333e-01
9.3666e-01
9.2957e-01
9.3220e-01
9.3993e-01
9.3400e-01
9.3632e-01
9.4046e-01
9.3265e-01
9.3726e-01
9.3264e-01
9.3406e-01
9.3818e-01
9.3535e-01
9.4030e-01
9.3258e-01
9.3334e-01
9.3887e-01
9.3654e-01
9.3626e-01
9.3454e-01
9.3471e-01
9.3626e-01
9.3617e-01
9.3905e-01
9.4072e-01
9.3596e-01
9.3376e-01
9.4016e-01
