Efficiency Table:
-----------------
           [   0, 0.8][ 0.8, 1.2][ 1.2, 2.1]
[  30,  50] 0.9810429  0.9897720  0.9811518 
[  50,8000] 0.9774669  0.9801500  0.9999997 

Low Errors Table:
-----------------
           [   0, 0.8][ 0.8, 1.2][ 1.2, 2.1]
[  30,  50] 0.0007922  0.0012298  0.0011123 
[  50,8000] 0.0034020  0.0053463  0.0065413 

High Errors Table:
------------------
           [   0, 0.8][ 0.8, 1.2][ 1.2, 2.1]
[  30,  50] 0.0007922  0.0012298  0.0011123 
[  50,8000] 0.0034020  0.0053463  0.0065413 


Efficiency:
-----------
[-3.2, 3.2]
 0.9838643 

Low Errors:
-----------
[-3.2, 3.2]
 0.0006168 

High Errors:
------------
[-3.2, 3.2]
 0.0006168 


