9.2436e-01
9.4386e-01
9.1601e-01
9.4347e-01
9.2930e-01
9.3179e-01
9.1297e-01
9.1799e-01
9.5018e-01
9.1507e-01
9.4246e-01
9.2943e-01
9.4278e-01
9.2862e-01
9.2736e-01
9.6464e-01
9.1853e-01
9.4344e-01
9.3263e-01
9.4103e-01
9.3206e-01
9.2746e-01
9.5344e-01
9.3487e-01
9.1721e-01
9.3034e-01
9.3517e-01
9.2991e-01
9.3412e-01
9.3761e-01
9.3811e-01
9.4265e-01
9.3022e-01
9.2318e-01
9.2897e-01
9.2408e-01
9.1658e-01
9.3021e-01
9.3144e-01
9.2783e-01
9.2542e-01
9.3294e-01
9.2922e-01
9.3709e-01
9.3656e-01
9.3629e-01
9.2382e-01
9.3759e-01
9.3158e-01
9.3459e-01
9.3572e-01
9.4150e-01
9.2950e-01
9.4054e-01
9.1583e-01
9.3778e-01
9.4892e-01
9.4532e-01
9.4996e-01
9.1872e-01
9.3571e-01
9.3657e-01
9.1475e-01
9.1708e-01
9.3295e-01
9.4494e-01
9.3091e-01
9.2788e-01
9.2783e-01
9.2829e-01
9.1820e-01
9.2908e-01
9.4563e-01
9.4161e-01
9.3861e-01
9.2883e-01
9.3602e-01
9.4139e-01
9.2245e-01
9.2664e-01
9.2404e-01
9.2811e-01
9.2343e-01
9.2994e-01
9.5110e-01
9.3775e-01
9.1325e-01
9.1739e-01
9.3775e-01
9.4990e-01
9.3307e-01
9.2342e-01
9.2970e-01
9.3128e-01
9.1981e-01
9.5645e-01
9.4454e-01
9.3678e-01
9.3531e-01
9.5573e-01
9.4930e-01
9.4029e-01
9.3303e-01
9.2481e-01
9.3768e-01
9.4181e-01
9.2744e-01
9.3847e-01
9.3121e-01
9.4331e-01
9.1814e-01
9.4184e-01
9.2644e-01
9.2355e-01
9.5287e-01
9.1983e-01
9.2640e-01
9.2658e-01
9.3726e-01
9.2401e-01
9.3783e-01
9.3138e-01
9.3616e-01
9.2008e-01
9.3699e-01
9.1647e-01
9.3483e-01
9.3821e-01
9.3572e-01
9.3957e-01
9.3740e-01
9.3955e-01
9.3169e-01
9.2596e-01
9.4354e-01
9.1727e-01
9.4852e-01
9.5593e-01
9.4472e-01
9.4714e-01
9.3342e-01
9.2584e-01
9.2724e-01
9.3109e-01
9.3133e-01
9.3167e-01
9.2375e-01
9.3656e-01
9.2015e-01
9.3481e-01
9.2735e-01
9.2715e-01
9.3625e-01
9.3592e-01
9.2754e-01
9.3621e-01
9.3698e-01
9.4399e-01
9.3560e-01
9.4439e-01
9.3142e-01
9.1239e-01
9.2486e-01
9.2736e-01
9.2589e-01
9.3776e-01
9.4970e-01
9.3950e-01
9.3311e-01
9.3819e-01
9.1973e-01
9.2108e-01
9.4125e-01
9.1524e-01
9.4797e-01
9.2720e-01
9.2168e-01
9.3271e-01
9.4662e-01
9.2959e-01
9.2563e-01
9.2508e-01
9.3350e-01
9.5115e-01
9.4212e-01
9.4518e-01
9.4738e-01
9.5186e-01
9.4373e-01
9.3633e-01
9.3400e-01
9.5105e-01
9.1430e-01
9.2803e-01
9.2270e-01
9.4424e-01
9.2190e-01
9.2959e-01
9.5394e-01
9.1766e-01
9.4122e-01
9.4754e-01
9.3752e-01
9.3989e-01
9.2909e-01
9.2742e-01
9.3090e-01
9.3113e-01
9.1533e-01
9.3167e-01
9.6241e-01
9.3494e-01
9.2404e-01
9.3831e-01
9.6202e-01
9.2396e-01
9.1257e-01
9.2420e-01
9.3845e-01
9.1768e-01
9.3168e-01
9.3896e-01
9.2764e-01
9.3021e-01
9.2032e-01
9.1529e-01
9.3713e-01
9.1928e-01
9.2596e-01
9.2231e-01
9.6763e-01
9.2153e-01
9.2163e-01
9.3832e-01
9.1230e-01
9.4602e-01
9.5136e-01
9.1381e-01
9.3655e-01
9.2752e-01
9.3725e-01
9.4582e-01
9.3137e-01
9.3903e-01
9.0634e-01
9.2146e-01
9.3021e-01
9.1366e-01
9.4185e-01
9.1495e-01
9.2011e-01
9.4527e-01
9.4607e-01
9.1657e-01
9.0960e-01
9.3346e-01
9.4225e-01
9.3427e-01
9.4423e-01
9.1376e-01
9.4522e-01
9.5083e-01
9.4944e-01
9.1909e-01
9.5429e-01
9.6050e-01
9.4741e-01
9.3740e-01
9.2924e-01
9.2230e-01
9.2963e-01
9.4968e-01
9.3785e-01
9.2632e-01
9.3427e-01
9.4064e-01
9.3662e-01
9.3061e-01
9.2027e-01
9.4168e-01
9.4933e-01
9.3993e-01
9.3374e-01
9.2723e-01
9.3841e-01
9.3009e-01
9.4220e-01
9.4223e-01
9.3244e-01
9.2723e-01
9.2330e-01
9.7407e-01
9.4747e-01
9.3816e-01
9.2209e-01
9.1864e-01
9.2511e-01
9.3155e-01
9.4476e-01
9.4233e-01
9.4524e-01
9.4857e-01
9.2459e-01
9.4807e-01
9.2697e-01
9.2063e-01
9.4966e-01
9.3376e-01
9.2213e-01
9.4082e-01
9.3091e-01
9.3876e-01
9.4805e-01
9.3419e-01
9.3444e-01
9.3383e-01
9.3741e-01
9.2291e-01
9.4582e-01
9.1467e-01
9.0190e-01
9.5601e-01
9.1789e-01
9.3870e-01
9.3151e-01
9.3762e-01
9.3708e-01
9.3021e-01
9.3011e-01
9.3662e-01
9.1262e-01
9.3719e-01
9.4990e-01
9.3078e-01
9.4284e-01
9.2189e-01
9.2123e-01
9.3209e-01
9.4964e-01
9.4481e-01
9.4264e-01
9.3697e-01
9.3334e-01
9.4442e-01
9.1565e-01
9.4073e-01
9.2530e-01
9.4330e-01
9.2059e-01
9.3593e-01
9.4015e-01
9.3453e-01
9.4760e-01
9.1846e-01
9.3692e-01
9.3333e-01
9.2782e-01
9.1698e-01
9.3149e-01
9.4072e-01
9.3404e-01
9.3088e-01
9.4016e-01
9.3507e-01
9.3870e-01
9.1672e-01
9.3294e-01
9.2923e-01
9.4003e-01
9.4182e-01
9.1405e-01
9.6303e-01
9.2886e-01
9.5474e-01
9.1497e-01
9.2196e-01
9.2809e-01
9.3942e-01
9.2318e-01
9.5093e-01
9.5013e-01
9.3524e-01
9.2400e-01
9.2649e-01
9.2459e-01
9.2962e-01
9.2987e-01
9.5624e-01
9.4934e-01
9.4055e-01
9.5930e-01
9.3010e-01
9.2538e-01
9.1440e-01
9.5792e-01
9.2652e-01
9.2558e-01
9.3731e-01
9.1233e-01
9.1353e-01
9.2951e-01
9.2034e-01
9.3335e-01
9.3838e-01
9.5284e-01
9.5321e-01
9.4893e-01
9.4028e-01
9.2409e-01
9.3121e-01
9.2614e-01
9.1040e-01
9.3368e-01
9.2818e-01
9.6140e-01
9.3949e-01
9.4392e-01
9.3524e-01
9.4229e-01
9.3909e-01
9.3236e-01
9.2520e-01
9.4761e-01
9.0693e-01
9.3982e-01
9.3438e-01
9.3308e-01
9.0510e-01
9.2982e-01
9.2698e-01
9.1870e-01
9.4429e-01
9.2961e-01
9.0896e-01
9.1938e-01
9.4892e-01
9.6121e-01
9.4058e-01
9.1509e-01
9.4369e-01
9.3185e-01
9.7588e-01
9.5041e-01
9.4415e-01
9.2455e-01
9.3852e-01
9.5788e-01
9.1337e-01
9.2480e-01
9.4772e-01
9.2898e-01
9.3179e-01
9.2152e-01
9.2014e-01
9.4292e-01
9.2486e-01
9.1246e-01
9.3295e-01
9.4644e-01
9.3471e-01
9.2560e-01
9.3896e-01
9.2616e-01
9.2944e-01
9.3416e-01
9.1627e-01
9.3933e-01
9.5180e-01
9.2966e-01
9.3270e-01
9.5606e-01
9.3337e-01
9.3236e-01
9.2978e-01
9.1400e-01
9.4715e-01
9.4310e-01
9.3225e-01
9.2209e-01
9.2260e-01
9.3735e-01
9.4183e-01
9.1170e-01
9.2292e-01
9.3657e-01
9.4131e-01
9.4000e-01
9.4508e-01
9.3692e-01
9.4499e-01
9.3401e-01
9.3020e-01
9.4358e-01
9.3870e-01
9.3686e-01
9.1959e-01
9.3159e-01
9.2526e-01
9.2951e-01
9.3374e-01
9.4921e-01
9.1594e-01
9.4524e-01
9.3676e-01
9.3706e-01
9.1289e-01
9.3271e-01
9.3238e-01
9.3269e-01
9.1311e-01
9.3693e-01
9.5423e-01
9.3578e-01
9.4680e-01
9.3220e-01
9.4479e-01
9.4039e-01
9.4228e-01
9.5319e-01
9.3016e-01
9.1406e-01
9.5334e-01
9.1561e-01
9.2750e-01
9.2704e-01
9.3774e-01
9.3484e-01
9.3398e-01
9.4965e-01
9.3576e-01
9.3156e-01
9.1791e-01
9.2924e-01
9.4026e-01
9.3717e-01
9.3297e-01
9.0214e-01
9.4361e-01
9.3368e-01
9.3106e-01
9.3542e-01
9.2434e-01
9.1230e-01
9.3223e-01
9.4133e-01
9.3149e-01
9.4490e-01
9.3743e-01
9.5226e-01
9.3054e-01
9.3852e-01
9.2750e-01
9.4214e-01
9.4041e-01
9.1297e-01
9.2921e-01
9.3811e-01
9.2782e-01
9.4715e-01
9.0720e-01
9.4085e-01
9.4072e-01
9.2867e-01
9.4169e-01
9.4245e-01
9.2494e-01
9.3412e-01
9.2116e-01
9.0625e-01
9.4007e-01
9.1688e-01
9.4761e-01
9.6565e-01
9.2919e-01
9.5037e-01
9.3547e-01
9.3073e-01
9.3799e-01
9.4002e-01
9.3194e-01
9.2402e-01
9.2275e-01
9.1336e-01
9.1555e-01
9.3897e-01
9.4210e-01
9.4564e-01
9.6497e-01
9.4335e-01
9.2583e-01
9.3107e-01
9.3092e-01
9.4637e-01
9.2007e-01
9.3247e-01
9.2423e-01
9.4438e-01
9.4551e-01
9.3378e-01
9.0095e-01
9.3725e-01
9.3895e-01
9.2279e-01
9.3330e-01
9.3046e-01
9.2458e-01
9.3032e-01
9.2146e-01
9.3853e-01
9.5026e-01
9.4581e-01
9.4125e-01
9.2772e-01
9.3942e-01
9.1567e-01
9.2852e-01
9.3999e-01
9.2073e-01
9.4484e-01
9.2503e-01
9.3928e-01
9.4534e-01
9.2922e-01
9.3972e-01
9.3024e-01
9.3593e-01
9.1340e-01
9.3942e-01
9.3203e-01
9.2723e-01
9.2960e-01
9.4178e-01
9.2416e-01
9.2704e-01
9.2716e-01
9.5580e-01
9.2040e-01
9.3519e-01
9.3009e-01
9.3906e-01
9.3799e-01
9.4242e-01
9.1999e-01
9.7455e-01
9.3046e-01
9.2604e-01
9.1966e-01
9.2924e-01
9.4518e-01
9.5938e-01
9.3640e-01
9.5944e-01
9.2490e-01
9.3695e-01
9.0927e-01
9.1147e-01
9.4244e-01
9.4919e-01
9.1557e-01
9.3962e-01
9.4430e-01
9.3207e-01
9.4387e-01
9.2327e-01
9.2822e-01
9.2736e-01
9.3322e-01
9.1399e-01
9.2680e-01
9.5529e-01
9.2293e-01
9.5315e-01
9.4302e-01
9.0655e-01
9.3181e-01
9.3764e-01
9.3176e-01
9.4126e-01
9.1872e-01
9.4082e-01
9.5052e-01
9.2790e-01
9.1987e-01
9.5694e-01
9.2953e-01
9.3653e-01
9.2282e-01
9.4627e-01
9.3401e-01
9.4898e-01
9.2843e-01
9.2119e-01
9.1844e-01
9.1689e-01
9.1766e-01
9.0618e-01
9.5123e-01
9.5318e-01
9.4732e-01
9.3285e-01
9.3336e-01
9.4011e-01
9.3253e-01
9.1960e-01
9.2434e-01
9.2856e-01
9.2839e-01
9.3282e-01
9.4906e-01
9.2521e-01
9.4303e-01
9.4192e-01
9.2454e-01
9.4050e-01
9.5125e-01
9.1805e-01
9.2786e-01
9.1646e-01
9.5023e-01
9.3718e-01
9.2939e-01
9.4495e-01
9.3679e-01
9.2920e-01
9.4724e-01
9.3749e-01
9.5019e-01
9.4592e-01
9.2224e-01
9.2168e-01
9.3486e-01
9.3595e-01
9.3589e-01
9.3328e-01
9.2844e-01
9.2746e-01
9.1739e-01
9.3349e-01
9.3547e-01
9.0532e-01
9.3710e-01
9.7363e-01
9.3004e-01
9.3748e-01
9.3199e-01
9.3632e-01
9.4347e-01
9.2384e-01
9.3198e-01
9.3922e-01
9.4082e-01
9.1498e-01
9.3438e-01
9.2837e-01
9.3517e-01
9.2968e-01
9.4199e-01
9.5486e-01
9.3401e-01
9.2787e-01
9.4325e-01
9.3048e-01
9.5020e-01
9.3502e-01
9.2313e-01
9.4680e-01
9.2267e-01
9.1860e-01
9.5578e-01
9.1191e-01
9.3774e-01
9.3898e-01
9.5320e-01
9.5176e-01
9.0252e-01
9.5483e-01
9.2702e-01
9.4218e-01
9.2958e-01
9.3159e-01
9.2534e-01
9.3696e-01
9.4164e-01
9.2344e-01
9.2302e-01
9.4330e-01
9.3519e-01
9.3661e-01
9.3073e-01
9.1009e-01
9.2503e-01
9.3889e-01
9.2824e-01
9.5094e-01
9.4398e-01
9.1184e-01
9.3095e-01
9.3022e-01
9.0660e-01
9.2444e-01
9.4365e-01
9.1618e-01
9.3632e-01
9.2338e-01
9.2178e-01
9.3501e-01
9.2861e-01
9.0808e-01
9.1985e-01
9.3315e-01
9.3499e-01
9.3935e-01
9.5123e-01
9.3919e-01
9.2185e-01
9.1906e-01
9.2889e-01
9.4213e-01
9.2152e-01
9.2180e-01
9.3886e-01
9.2654e-01
9.3891e-01
9.3847e-01
9.3733e-01
9.3518e-01
9.2689e-01
9.3785e-01
9.4335e-01
9.2597e-01
9.3128e-01
9.4168e-01
9.3442e-01
9.2334e-01
9.3294e-01
9.4270e-01
9.2887e-01
9.3496e-01
9.2331e-01
9.3591e-01
9.4672e-01
9.2218e-01
9.5021e-01
9.4063e-01
9.2630e-01
9.2973e-01
9.2957e-01
9.4772e-01
9.0954e-01
9.4496e-01
9.2748e-01
9.4527e-01
9.4816e-01
9.4383e-01
9.3857e-01
9.3312e-01
9.5039e-01
9.3105e-01
9.4346e-01
9.3795e-01
9.1191e-01
9.2982e-01
9.4135e-01
9.2476e-01
9.2991e-01
9.2821e-01
9.2798e-01
9.1746e-01
9.1789e-01
9.2397e-01
9.3556e-01
9.3884e-01
9.3303e-01
9.3498e-01
9.2763e-01
9.2442e-01
9.6169e-01
9.2329e-01
9.2677e-01
9.3858e-01
9.6802e-01
9.2997e-01
9.3131e-01
9.2877e-01
9.1901e-01
9.5303e-01
9.2106e-01
9.4114e-01
9.3584e-01
9.1806e-01
9.2708e-01
9.4002e-01
9.3315e-01
9.2300e-01
9.3668e-01
9.3944e-01
9.3684e-01
9.2128e-01
9.4001e-01
9.2064e-01
9.5238e-01
9.2335e-01
9.1530e-01
9.3637e-01
9.3431e-01
9.1424e-01
9.3910e-01
9.2192e-01
9.1772e-01
9.4373e-01
9.3358e-01
9.3711e-01
9.3335e-01
9.2411e-01
9.4866e-01
9.1703e-01
9.4244e-01
9.4079e-01
9.5025e-01
9.3240e-01
9.4166e-01
9.3944e-01
9.2679e-01
9.2801e-01
9.3842e-01
9.2318e-01
9.4892e-01
9.4129e-01
9.3469e-01
9.6390e-01
9.3881e-01
9.3677e-01
9.3629e-01
9.2723e-01
9.2161e-01
9.6480e-01
9.2581e-01
9.3137e-01
9.2918e-01
9.6441e-01
9.4277e-01
9.5287e-01
9.5429e-01
9.4153e-01
9.0862e-01
9.2091e-01
9.2795e-01
9.0933e-01
9.6442e-01
9.2492e-01
9.5186e-01
9.1947e-01
9.2359e-01
9.3626e-01
9.2619e-01
9.2024e-01
9.3165e-01
9.3419e-01
9.3579e-01
9.2107e-01
9.4775e-01
9.4330e-01
9.0726e-01
9.1900e-01
9.5267e-01
9.3409e-01
9.4180e-01
9.3095e-01
9.3680e-01
9.2426e-01
9.3022e-01
9.4262e-01
9.4367e-01
9.1247e-01
9.4404e-01
9.3141e-01
9.3798e-01
9.4416e-01
9.2154e-01
9.4613e-01
9.4162e-01
9.1882e-01
9.3798e-01
9.4489e-01
9.5431e-01
9.4664e-01
9.1535e-01
9.4391e-01
9.3198e-01
9.4098e-01
9.2970e-01
9.2719e-01
9.1276e-01
9.0280e-01
9.3063e-01
9.2191e-01
9.3173e-01
9.4748e-01
9.0637e-01
9.3896e-01
