9.1557e-01
9.1912e-01
9.1162e-01
9.0981e-01
9.1981e-01
9.2699e-01
9.2235e-01
9.2129e-01
8.9837e-01
9.2564e-01
9.0070e-01
9.2471e-01
9.0194e-01
9.0327e-01
9.1934e-01
9.3602e-01
9.1582e-01
9.1225e-01
9.1545e-01
9.0527e-01
9.2135e-01
9.0047e-01
9.0509e-01
9.3539e-01
9.1600e-01
9.1985e-01
9.0809e-01
9.2581e-01
9.1250e-01
9.1688e-01
9.3498e-01
9.2878e-01
9.2244e-01
9.1969e-01
9.3958e-01
9.2696e-01
9.1063e-01
9.1841e-01
9.1227e-01
9.1718e-01
9.1386e-01
9.1986e-01
9.2059e-01
9.0839e-01
9.2081e-01
9.3028e-01
9.1834e-01
9.2564e-01
9.2360e-01
9.1500e-01
9.1614e-01
9.1563e-01
9.1216e-01
9.1795e-01
9.1616e-01
9.1208e-01
8.9549e-01
9.1232e-01
9.2582e-01
9.1481e-01
9.0312e-01
9.2434e-01
9.2154e-01
9.2270e-01
9.0516e-01
8.9372e-01
9.1499e-01
9.0570e-01
9.1576e-01
9.1884e-01
9.0960e-01
9.1758e-01
9.2884e-01
9.1740e-01
9.1270e-01
9.2050e-01
9.0753e-01
9.0842e-01
9.1972e-01
9.1255e-01
9.1142e-01
8.9583e-01
9.1672e-01
9.0655e-01
9.0861e-01
9.0490e-01
9.2379e-01
9.2808e-01
9.2265e-01
9.2060e-01
9.0394e-01
9.2593e-01
9.1071e-01
9.0485e-01
9.2968e-01
9.1630e-01
9.1751e-01
9.2188e-01
9.1396e-01
9.2441e-01
9.1448e-01
9.1366e-01
9.0922e-01
9.2369e-01
9.1100e-01
9.1693e-01
9.2404e-01
9.2547e-01
9.0493e-01
9.1666e-01
9.1788e-01
9.1849e-01
9.2520e-01
9.2921e-01
9.2413e-01
9.1103e-01
9.1184e-01
9.0343e-01
9.1910e-01
9.3679e-01
9.3320e-01
9.1342e-01
9.2491e-01
9.2787e-01
9.1412e-01
9.1887e-01
9.2123e-01
9.3704e-01
9.0849e-01
9.2062e-01
9.1582e-01
9.2293e-01
9.1722e-01
9.1072e-01
9.2222e-01
9.3071e-01
9.2138e-01
9.2849e-01
9.0278e-01
8.9467e-01
9.1406e-01
9.2934e-01
9.3019e-01
9.2775e-01
9.0554e-01
8.9148e-01
9.0694e-01
9.2245e-01
9.1773e-01
9.1673e-01
9.1595e-01
9.2427e-01
9.1376e-01
9.1208e-01
9.2406e-01
9.2138e-01
9.1062e-01
9.2544e-01
9.0460e-01
9.2908e-01
9.0438e-01
9.1489e-01
9.2324e-01
9.2033e-01
9.1486e-01
9.1530e-01
9.1340e-01
9.2065e-01
9.4222e-01
8.9843e-01
9.2328e-01
9.1238e-01
9.0688e-01
9.0521e-01
9.2274e-01
9.1482e-01
9.2673e-01
9.4037e-01
9.0956e-01
9.1945e-01
9.1780e-01
9.1260e-01
8.9237e-01
9.1575e-01
9.1430e-01
9.2052e-01
9.1648e-01
9.1903e-01
9.0776e-01
9.0697e-01
9.1761e-01
9.2488e-01
9.0759e-01
9.1227e-01
9.3462e-01
9.1550e-01
9.1654e-01
9.3229e-01
9.1522e-01
9.3095e-01
9.0930e-01
9.0786e-01
8.9926e-01
9.1335e-01
9.2164e-01
9.2289e-01
9.0272e-01
9.3601e-01
9.2110e-01
9.3005e-01
8.9225e-01
9.1639e-01
9.1510e-01
9.3601e-01
9.0835e-01
9.1417e-01
9.1196e-01
8.9899e-01
9.0425e-01
9.1913e-01
9.0125e-01
9.3371e-01
8.9159e-01
9.1316e-01
9.2574e-01
9.1674e-01
9.2064e-01
9.0855e-01
9.2258e-01
9.1761e-01
9.2476e-01
9.1535e-01
9.1732e-01
9.1207e-01
9.1790e-01
9.2168e-01
8.9711e-01
9.2269e-01
9.1745e-01
9.3573e-01
9.1164e-01
9.2617e-01
9.3610e-01
9.1104e-01
9.1808e-01
9.0804e-01
9.0878e-01
9.1782e-01
9.1570e-01
9.0738e-01
9.2386e-01
9.1382e-01
9.1275e-01
8.9531e-01
9.1804e-01
9.2457e-01
9.2596e-01
9.2284e-01
9.2774e-01
9.2889e-01
9.0138e-01
9.1690e-01
9.1198e-01
9.1752e-01
8.9387e-01
9.1839e-01
9.0240e-01
9.2675e-01
9.1932e-01
9.2178e-01
9.1874e-01
9.1705e-01
9.2397e-01
9.1699e-01
9.0487e-01
9.2858e-01
8.9499e-01
9.0915e-01
9.1872e-01
9.1184e-01
9.2294e-01
9.1635e-01
8.9623e-01
9.2048e-01
9.2459e-01
9.1434e-01
9.2256e-01
9.0875e-01
9.2242e-01
9.0507e-01
9.2794e-01
9.1932e-01
9.0211e-01
9.3771e-01
9.1442e-01
9.1036e-01
9.1586e-01
9.2173e-01
9.1238e-01
9.3030e-01
9.2991e-01
9.3241e-01
9.0324e-01
8.9721e-01
9.3246e-01
9.1269e-01
9.1783e-01
9.0700e-01
9.0294e-01
9.2204e-01
9.2850e-01
9.1759e-01
9.2412e-01
9.2378e-01
9.1659e-01
9.2632e-01
9.2322e-01
9.1951e-01
9.1328e-01
9.1130e-01
9.2253e-01
9.3245e-01
9.1652e-01
8.9187e-01
9.3033e-01
8.9068e-01
9.3158e-01
9.0801e-01
9.1628e-01
8.9398e-01
9.0884e-01
9.2773e-01
9.3084e-01
9.3413e-01
9.0876e-01
9.3126e-01
9.1649e-01
9.2775e-01
9.2545e-01
9.1141e-01
9.1899e-01
9.0798e-01
9.0991e-01
9.2636e-01
9.0639e-01
9.2273e-01
9.0953e-01
9.1876e-01
9.3722e-01
9.1803e-01
9.1745e-01
9.0407e-01
9.2336e-01
9.2615e-01
9.1726e-01
9.3253e-01
9.2010e-01
9.2191e-01
9.1962e-01
9.2022e-01
9.2840e-01
9.1130e-01
9.2160e-01
9.1443e-01
9.2621e-01
9.2966e-01
9.1525e-01
9.0658e-01
9.1977e-01
9.2080e-01
9.1014e-01
9.3964e-01
9.2418e-01
9.1854e-01
9.1811e-01
9.0374e-01
9.0881e-01
9.1227e-01
9.2577e-01
9.1876e-01
9.0793e-01
9.2191e-01
8.9804e-01
9.2661e-01
9.1933e-01
9.0279e-01
9.0119e-01
9.2020e-01
9.1776e-01
9.1953e-01
9.1805e-01
9.1612e-01
9.2503e-01
9.2743e-01
9.2781e-01
9.1556e-01
9.2946e-01
9.2356e-01
9.1981e-01
9.0467e-01
9.0255e-01
9.1396e-01
9.0461e-01
8.9630e-01
9.3538e-01
9.2646e-01
9.0942e-01
9.0770e-01
9.3167e-01
9.2217e-01
9.1140e-01
9.3474e-01
9.3078e-01
9.1265e-01
9.1099e-01
9.4806e-01
9.2560e-01
9.0899e-01
9.1987e-01
9.0922e-01
9.0134e-01
9.1804e-01
9.1129e-01
9.2638e-01
9.0034e-01
9.2485e-01
9.2307e-01
9.2191e-01
8.9794e-01
9.1673e-01
8.9658e-01
9.2313e-01
8.9925e-01
9.0942e-01
9.3873e-01
9.2663e-01
9.2627e-01
9.0927e-01
9.2593e-01
9.3188e-01
9.1809e-01
9.1433e-01
9.2132e-01
9.0452e-01
9.2645e-01
9.0852e-01
9.2211e-01
9.1809e-01
9.2083e-01
9.1080e-01
9.0777e-01
9.1589e-01
9.2069e-01
8.9729e-01
9.3000e-01
9.4110e-01
9.2050e-01
9.0570e-01
9.2542e-01
9.1203e-01
9.2408e-01
9.0736e-01
9.2661e-01
9.1537e-01
9.2624e-01
9.2907e-01
9.1069e-01
9.0649e-01
9.2154e-01
9.2520e-01
9.2836e-01
9.0225e-01
9.2927e-01
9.2518e-01
9.1254e-01
9.1004e-01
9.1037e-01
9.1145e-01
8.9980e-01
9.1606e-01
8.9978e-01
9.3313e-01
9.2552e-01
9.2086e-01
9.3052e-01
9.1844e-01
9.0851e-01
9.0506e-01
9.3253e-01
9.1725e-01
9.0086e-01
9.3185e-01
9.2929e-01
9.1436e-01
9.0358e-01
9.0901e-01
9.2747e-01
9.3113e-01
9.1668e-01
9.2227e-01
9.1274e-01
9.2476e-01
9.3566e-01
9.3265e-01
9.2283e-01
9.1607e-01
9.1272e-01
9.1194e-01
9.4127e-01
9.1890e-01
9.2094e-01
9.0545e-01
9.0269e-01
9.1282e-01
9.1296e-01
9.1898e-01
8.9937e-01
9.2474e-01
9.0825e-01
9.0099e-01
9.1821e-01
9.1923e-01
9.3153e-01
9.1797e-01
9.2005e-01
9.2122e-01
9.3862e-01
9.2160e-01
9.0899e-01
9.2411e-01
9.1218e-01
9.2983e-01
9.0958e-01
9.2020e-01
9.4344e-01
9.1632e-01
9.2061e-01
9.0648e-01
9.2460e-01
9.1030e-01
9.2448e-01
9.3131e-01
9.0559e-01
9.1191e-01
8.9780e-01
9.1371e-01
9.0968e-01
9.0836e-01
9.2182e-01
9.2463e-01
9.2954e-01
9.2658e-01
9.2689e-01
9.2023e-01
9.2308e-01
8.9148e-01
9.0634e-01
9.1783e-01
9.0557e-01
9.1102e-01
9.1890e-01
9.2069e-01
9.0474e-01
9.1681e-01
9.0594e-01
9.1174e-01
9.2505e-01
9.1864e-01
9.0403e-01
9.2378e-01
9.1388e-01
9.1626e-01
9.0636e-01
9.3083e-01
9.3290e-01
9.1447e-01
9.1596e-01
9.2709e-01
9.3446e-01
9.1984e-01
9.2699e-01
9.1181e-01
9.0698e-01
9.1678e-01
9.0199e-01
9.1158e-01
8.9585e-01
9.2099e-01
9.1995e-01
9.2528e-01
9.2241e-01
9.2753e-01
9.0866e-01
9.0437e-01
9.0319e-01
9.1160e-01
9.2804e-01
9.0983e-01
9.1214e-01
9.2618e-01
9.0567e-01
9.2881e-01
9.0733e-01
9.2765e-01
9.2527e-01
9.1896e-01
9.2292e-01
9.0869e-01
9.3821e-01
9.2081e-01
9.0311e-01
9.3636e-01
9.3640e-01
9.2213e-01
9.2164e-01
9.0627e-01
9.2293e-01
9.1597e-01
9.2277e-01
9.2473e-01
9.2182e-01
9.0153e-01
9.3277e-01
9.0097e-01
9.2469e-01
9.2784e-01
9.1750e-01
9.1213e-01
9.0944e-01
9.0876e-01
9.0715e-01
9.1297e-01
9.2719e-01
9.3570e-01
9.1483e-01
9.0425e-01
9.1147e-01
9.1139e-01
9.1170e-01
9.3262e-01
9.0085e-01
9.1257e-01
9.1746e-01
9.1454e-01
9.2094e-01
9.3254e-01
8.9407e-01
9.0191e-01
9.0188e-01
9.3680e-01
9.0898e-01
9.2214e-01
9.0208e-01
9.2470e-01
9.1345e-01
9.2256e-01
9.1438e-01
9.1700e-01
9.2226e-01
9.1337e-01
9.3680e-01
9.3544e-01
9.1239e-01
9.1732e-01
9.2167e-01
9.3113e-01
9.1845e-01
9.2001e-01
9.1845e-01
9.1550e-01
9.1754e-01
9.0861e-01
9.2491e-01
9.2395e-01
9.1569e-01
8.9781e-01
9.0410e-01
9.1512e-01
9.2674e-01
9.0302e-01
9.0677e-01
9.2136e-01
9.2225e-01
9.1507e-01
9.3697e-01
9.2375e-01
9.1022e-01
9.2998e-01
9.2751e-01
9.1872e-01
9.2004e-01
9.2512e-01
9.2996e-01
9.0478e-01
9.2390e-01
9.3385e-01
9.1526e-01
9.1898e-01
9.0642e-01
9.0498e-01
9.2581e-01
9.2286e-01
9.1733e-01
9.0874e-01
9.2123e-01
9.2111e-01
9.2853e-01
9.2176e-01
9.1141e-01
9.2199e-01
9.2962e-01
9.2741e-01
8.9361e-01
9.1343e-01
9.0781e-01
9.1255e-01
9.2582e-01
9.2732e-01
9.1238e-01
9.1120e-01
9.1648e-01
9.2814e-01
9.1318e-01
9.0395e-01
9.1404e-01
9.3344e-01
9.2432e-01
9.1467e-01
9.2047e-01
9.1694e-01
9.1836e-01
9.2723e-01
9.1120e-01
9.2070e-01
9.0088e-01
9.1242e-01
9.1244e-01
9.0587e-01
9.0867e-01
9.1266e-01
9.1761e-01
9.2394e-01
9.1222e-01
9.3642e-01
9.2036e-01
9.1363e-01
9.3183e-01
9.0648e-01
9.1939e-01
9.2375e-01
9.2697e-01
9.0622e-01
9.2965e-01
9.1052e-01
9.0990e-01
9.0682e-01
9.2243e-01
9.0504e-01
9.1559e-01
9.0171e-01
9.1345e-01
9.2986e-01
9.0489e-01
9.1349e-01
9.2149e-01
9.2089e-01
9.2223e-01
9.1843e-01
9.4247e-01
9.0052e-01
9.1833e-01
9.1537e-01
9.1872e-01
8.9642e-01
9.0922e-01
9.1983e-01
9.0288e-01
9.1873e-01
9.0935e-01
9.0609e-01
9.1299e-01
9.3072e-01
9.0441e-01
9.2778e-01
9.1937e-01
9.3520e-01
9.2643e-01
9.1487e-01
9.1232e-01
9.1826e-01
9.1593e-01
9.1564e-01
9.0899e-01
9.3118e-01
9.0115e-01
9.3370e-01
9.3631e-01
9.1046e-01
9.1641e-01
9.0257e-01
9.2034e-01
9.1374e-01
9.0366e-01
9.3299e-01
9.3204e-01
8.9862e-01
9.1679e-01
9.1149e-01
9.2115e-01
8.9254e-01
9.0733e-01
9.1418e-01
9.1979e-01
9.0973e-01
9.2504e-01
9.1026e-01
9.1256e-01
9.1073e-01
9.1641e-01
8.9667e-01
8.9960e-01
9.1104e-01
9.1635e-01
9.0994e-01
9.1067e-01
8.8661e-01
9.1223e-01
9.2916e-01
8.9743e-01
9.0399e-01
9.3983e-01
9.0290e-01
9.2569e-01
8.9469e-01
9.1645e-01
9.3094e-01
8.9577e-01
9.1281e-01
9.0779e-01
9.2806e-01
9.1764e-01
9.1203e-01
9.1643e-01
9.4002e-01
9.0849e-01
9.1910e-01
9.0891e-01
9.0595e-01
9.0750e-01
9.0947e-01
9.3064e-01
9.1446e-01
9.1603e-01
9.2119e-01
9.2802e-01
9.1664e-01
9.1906e-01
9.0767e-01
9.0959e-01
9.3114e-01
9.1809e-01
8.9354e-01
9.2399e-01
9.2706e-01
9.1425e-01
8.8971e-01
9.1529e-01
9.1555e-01
9.2796e-01
9.0316e-01
9.1090e-01
9.1487e-01
9.2690e-01
9.0014e-01
9.2596e-01
9.2365e-01
9.1605e-01
9.2578e-01
9.2336e-01
9.1804e-01
9.2103e-01
9.1424e-01
8.8680e-01
9.1953e-01
9.0770e-01
9.1694e-01
9.3346e-01
9.2331e-01
9.0827e-01
9.3627e-01
9.2177e-01
8.9272e-01
9.3738e-01
9.2064e-01
9.0742e-01
9.1044e-01
9.2926e-01
9.0547e-01
9.1186e-01
9.0741e-01
9.1917e-01
8.9492e-01
9.1693e-01
9.1085e-01
9.2901e-01
9.1831e-01
9.1615e-01
9.2250e-01
9.1698e-01
9.1865e-01
9.1238e-01
9.2832e-01
9.1961e-01
9.0762e-01
9.1570e-01
9.3050e-01
9.2561e-01
9.2405e-01
9.2163e-01
9.3051e-01
9.1967e-01
9.1075e-01
9.1688e-01
9.2675e-01
9.2151e-01
9.0831e-01
9.2612e-01
9.3006e-01
9.3174e-01
9.4214e-01
9.0193e-01
9.1887e-01
9.2161e-01
9.0420e-01
9.1675e-01
9.1720e-01
9.0979e-01
9.1894e-01
9.1721e-01
9.1156e-01
9.3392e-01
9.2674e-01
9.1619e-01
9.2115e-01
9.3128e-01
8.9988e-01
9.1707e-01
9.3156e-01
9.2160e-01
9.2333e-01
9.0860e-01
9.2321e-01
9.2247e-01
9.1316e-01
9.1342e-01
9.1883e-01
9.1579e-01
9.1522e-01
9.2951e-01
9.1645e-01
9.0962e-01
9.2391e-01
8.9366e-01
9.1580e-01
9.0694e-01
9.0405e-01
9.3190e-01
9.1467e-01
9.1234e-01
9.1668e-01
8.9735e-01
9.3840e-01
9.2770e-01
9.2390e-01
9.2083e-01
9.3414e-01
9.4096e-01
8.9587e-01
9.0157e-01
9.3300e-01
9.1668e-01
9.0112e-01
8.9538e-01
9.2491e-01
9.2209e-01
9.2214e-01
9.2830e-01
9.1101e-01
9.1644e-01
9.1406e-01
9.1766e-01
9.1203e-01
9.2072e-01
9.4176e-01
9.1886e-01
9.1624e-01
