9.3112e-01
9.3480e-01
9.3007e-01
9.3131e-01
9.3012e-01
9.2961e-01
9.3480e-01
9.2837e-01
9.3055e-01
9.3152e-01
9.2992e-01
9.3187e-01
9.2918e-01
9.3314e-01
9.2983e-01
9.3535e-01
9.3122e-01
9.3544e-01
9.2879e-01
9.3418e-01
9.2831e-01
9.3281e-01
9.3134e-01
9.2896e-01
9.2861e-01
9.2979e-01
9.3006e-01
9.3413e-01
9.2988e-01
9.2891e-01
9.3347e-01
9.2685e-01
9.2865e-01
9.3215e-01
9.2825e-01
9.2459e-01
9.3069e-01
9.3094e-01
9.3240e-01
9.2915e-01
9.3064e-01
9.3168e-01
9.3066e-01
9.3554e-01
9.3428e-01
9.3047e-01
9.3036e-01
9.2857e-01
9.3172e-01
9.2863e-01
9.3275e-01
9.3129e-01
9.2860e-01
9.2941e-01
9.3313e-01
9.3013e-01
9.3038e-01
9.2992e-01
9.3158e-01
9.3109e-01
9.2900e-01
9.3642e-01
9.3046e-01
9.2887e-01
9.3047e-01
9.3172e-01
9.3102e-01
9.2864e-01
9.2861e-01
9.2762e-01
9.3000e-01
9.2902e-01
9.2972e-01
9.3344e-01
9.3082e-01
9.3328e-01
9.3092e-01
9.3157e-01
9.3311e-01
9.3041e-01
9.2941e-01
9.3243e-01
9.2877e-01
9.3536e-01
9.3136e-01
9.3140e-01
9.3472e-01
9.2938e-01
9.2934e-01
9.2335e-01
9.3188e-01
9.3417e-01
9.2989e-01
9.3119e-01
9.3036e-01
9.3168e-01
9.3391e-01
9.3120e-01
9.3408e-01
9.3486e-01
9.2852e-01
9.3455e-01
9.3578e-01
9.3025e-01
9.3182e-01
9.3621e-01
9.3113e-01
9.3427e-01
9.3005e-01
9.3388e-01
9.3004e-01
9.3193e-01
9.2405e-01
9.3120e-01
9.2833e-01
9.3501e-01
9.3099e-01
9.3165e-01
9.2567e-01
9.3195e-01
9.3756e-01
9.3291e-01
9.3173e-01
9.3178e-01
9.3187e-01
9.3168e-01
9.2722e-01
9.3278e-01
9.3328e-01
9.3215e-01
9.3100e-01
9.3122e-01
9.3193e-01
9.3191e-01
9.2881e-01
9.2992e-01
9.3425e-01
9.3632e-01
9.3037e-01
9.3225e-01
9.3198e-01
9.2960e-01
9.3158e-01
9.2706e-01
9.3705e-01
9.2640e-01
9.3323e-01
9.3097e-01
9.2922e-01
9.3475e-01
9.3331e-01
9.2879e-01
9.3245e-01
9.3369e-01
9.3083e-01
9.3023e-01
9.2659e-01
9.3546e-01
9.2917e-01
9.3019e-01
9.3301e-01
9.2836e-01
9.3206e-01
9.3084e-01
9.3399e-01
9.3014e-01
9.3009e-01
9.2818e-01
9.3024e-01
9.3464e-01
9.3193e-01
9.3115e-01
9.2976e-01
9.2773e-01
9.3055e-01
9.2826e-01
9.2661e-01
9.3253e-01
9.3345e-01
9.3555e-01
9.2861e-01
9.3244e-01
9.2971e-01
9.3006e-01
9.2574e-01
9.3113e-01
9.2996e-01
9.3242e-01
9.2704e-01
9.3118e-01
9.3424e-01
9.3128e-01
9.2754e-01
9.3006e-01
9.3323e-01
9.3052e-01
9.3055e-01
9.2869e-01
9.3144e-01
9.2917e-01
9.3110e-01
9.3189e-01
9.3015e-01
9.3176e-01
9.3167e-01
9.2865e-01
9.3100e-01
9.3028e-01
9.2778e-01
9.3068e-01
9.3187e-01
9.2894e-01
9.3247e-01
9.3121e-01
9.2842e-01
9.2941e-01
9.3309e-01
9.3335e-01
9.3465e-01
9.2612e-01
9.3204e-01
9.3166e-01
9.2649e-01
9.3148e-01
9.3334e-01
9.3188e-01
9.3234e-01
9.2957e-01
9.2722e-01
9.3122e-01
9.3189e-01
9.3230e-01
9.2588e-01
9.3170e-01
9.2635e-01
9.2634e-01
9.2730e-01
9.3152e-01
9.3222e-01
9.2857e-01
9.3404e-01
9.3070e-01
9.3227e-01
9.3210e-01
9.2991e-01
9.2742e-01
9.3034e-01
9.2864e-01
9.2963e-01
9.3361e-01
9.3345e-01
9.2700e-01
9.2486e-01
9.3046e-01
9.2792e-01
9.2805e-01
9.3039e-01
9.2859e-01
9.2996e-01
9.3180e-01
9.3539e-01
9.2982e-01
9.3275e-01
9.3045e-01
9.3287e-01
9.3109e-01
9.3054e-01
9.3045e-01
9.2923e-01
9.3285e-01
9.3522e-01
9.3436e-01
9.3185e-01
9.3341e-01
9.2790e-01
9.3241e-01
9.2721e-01
9.3180e-01
9.3283e-01
9.3060e-01
9.3182e-01
9.3261e-01
9.3525e-01
9.2908e-01
9.3172e-01
9.3324e-01
9.3476e-01
9.3748e-01
9.3046e-01
9.3141e-01
9.2896e-01
9.3142e-01
9.3572e-01
9.2885e-01
9.3074e-01
9.3175e-01
9.3278e-01
9.2815e-01
9.3100e-01
9.3431e-01
9.2832e-01
9.3226e-01
9.3215e-01
9.2874e-01
9.3170e-01
9.3021e-01
9.2968e-01
9.3168e-01
9.2883e-01
9.3051e-01
9.3417e-01
9.3104e-01
9.2707e-01
9.3214e-01
9.3139e-01
9.3070e-01
9.3141e-01
9.2906e-01
9.3239e-01
9.2746e-01
9.3224e-01
9.3208e-01
9.3317e-01
9.3038e-01
9.2898e-01
9.3006e-01
9.3292e-01
9.3394e-01
9.3225e-01
9.3345e-01
9.3219e-01
9.3272e-01
9.3264e-01
9.3019e-01
9.3053e-01
9.3454e-01
9.2568e-01
9.2562e-01
9.3120e-01
9.2860e-01
9.3152e-01
9.3381e-01
9.3089e-01
9.3160e-01
9.3025e-01
9.3201e-01
9.3497e-01
9.3408e-01
9.3371e-01
9.3419e-01
9.3097e-01
9.3409e-01
9.3121e-01
9.2909e-01
9.2621e-01
9.3170e-01
9.3529e-01
9.3052e-01
9.3296e-01
9.3370e-01
9.2992e-01
9.3141e-01
9.2779e-01
9.3295e-01
9.3252e-01
9.3526e-01
9.3005e-01
9.2882e-01
9.3276e-01
9.3280e-01
9.2873e-01
9.3290e-01
9.2761e-01
9.3428e-01
9.2387e-01
9.2996e-01
9.3076e-01
9.3415e-01
9.3804e-01
9.3316e-01
9.3257e-01
9.3482e-01
9.3258e-01
9.3538e-01
9.2376e-01
9.3311e-01
9.3525e-01
9.3275e-01
9.3410e-01
9.2738e-01
9.3232e-01
9.2880e-01
9.3299e-01
9.2789e-01
9.2778e-01
9.3076e-01
9.2974e-01
9.3480e-01
9.3429e-01
9.3068e-01
9.3274e-01
9.3024e-01
9.3238e-01
9.3042e-01
9.3097e-01
9.3160e-01
9.3298e-01
9.2944e-01
9.3302e-01
9.2834e-01
9.3130e-01
9.2828e-01
9.3288e-01
9.3531e-01
9.3514e-01
9.2925e-01
9.2928e-01
9.3106e-01
9.3048e-01
9.3246e-01
9.3384e-01
9.3129e-01
9.3412e-01
9.2762e-01
9.3452e-01
9.3585e-01
9.2669e-01
9.2942e-01
9.3214e-01
9.3023e-01
9.3322e-01
9.3355e-01
9.3279e-01
9.3190e-01
9.3365e-01
9.3481e-01
9.2571e-01
9.3042e-01
9.3151e-01
9.3339e-01
9.3046e-01
9.3220e-01
9.3125e-01
9.2418e-01
9.3398e-01
9.2951e-01
9.2885e-01
9.3151e-01
9.3032e-01
9.3336e-01
9.2932e-01
9.3454e-01
9.3204e-01
9.3270e-01
9.3171e-01
9.2796e-01
9.2977e-01
9.3631e-01
9.2876e-01
9.2931e-01
9.3157e-01
9.2948e-01
9.3674e-01
9.3527e-01
9.3132e-01
9.3032e-01
9.3461e-01
9.2909e-01
9.3031e-01
9.3176e-01
9.3315e-01
9.3367e-01
9.3113e-01
9.3388e-01
9.3509e-01
9.2983e-01
9.3325e-01
9.3151e-01
9.3127e-01
9.2866e-01
9.3132e-01
9.3210e-01
9.2891e-01
9.2977e-01
9.3312e-01
9.3372e-01
9.3373e-01
9.3175e-01
9.3212e-01
9.3300e-01
9.3027e-01
9.2882e-01
9.2980e-01
9.3096e-01
9.2943e-01
9.3041e-01
9.2905e-01
9.2857e-01
9.3209e-01
9.3302e-01
9.3222e-01
9.3066e-01
9.3261e-01
9.3008e-01
9.3134e-01
9.2858e-01
9.3166e-01
9.3139e-01
9.3204e-01
9.2781e-01
9.2929e-01
9.3070e-01
9.2812e-01
9.3291e-01
9.3092e-01
9.3713e-01
9.2694e-01
9.3183e-01
9.3284e-01
9.2941e-01
9.3367e-01
9.2518e-01
9.3271e-01
9.2944e-01
9.3080e-01
9.2959e-01
9.3209e-01
9.3053e-01
9.3143e-01
9.3088e-01
9.3301e-01
9.2909e-01
9.2720e-01
9.3157e-01
9.3229e-01
9.3352e-01
9.3078e-01
9.3166e-01
9.3217e-01
9.2878e-01
9.3389e-01
9.2947e-01
9.2813e-01
9.3257e-01
9.2827e-01
9.3028e-01
9.3195e-01
9.3162e-01
9.2803e-01
9.3143e-01
9.3473e-01
9.3194e-01
9.3248e-01
9.2818e-01
9.2969e-01
9.2815e-01
9.3351e-01
9.2828e-01
9.2989e-01
9.3450e-01
9.3242e-01
9.3230e-01
9.3324e-01
9.3082e-01
9.2974e-01
9.3292e-01
9.3415e-01
9.3505e-01
9.2886e-01
9.3588e-01
9.2756e-01
9.3268e-01
9.3383e-01
9.3616e-01
9.3582e-01
9.3068e-01
9.3274e-01
9.3201e-01
9.3346e-01
9.3327e-01
9.2944e-01
9.3370e-01
9.2977e-01
9.2850e-01
9.3048e-01
9.3088e-01
9.3384e-01
9.3215e-01
9.2826e-01
9.3346e-01
9.3205e-01
9.2999e-01
9.3198e-01
9.3129e-01
9.3244e-01
9.2903e-01
9.2687e-01
9.3181e-01
9.2942e-01
9.2863e-01
9.3183e-01
9.3185e-01
9.3090e-01
9.3291e-01
9.2804e-01
9.2957e-01
9.3370e-01
9.3296e-01
9.3013e-01
9.2845e-01
9.3241e-01
9.3412e-01
9.2888e-01
9.3445e-01
9.3714e-01
9.3233e-01
9.3180e-01
9.3000e-01
9.3119e-01
9.3047e-01
9.2966e-01
9.3299e-01
9.2655e-01
9.3242e-01
9.3005e-01
9.3409e-01
9.2733e-01
9.3013e-01
9.2963e-01
9.3151e-01
9.2958e-01
9.3087e-01
9.3120e-01
9.2837e-01
9.3245e-01
9.3548e-01
9.3243e-01
9.3136e-01
9.3252e-01
9.2915e-01
9.2786e-01
9.3380e-01
9.3012e-01
9.3162e-01
9.2945e-01
9.3380e-01
9.2419e-01
9.3149e-01
9.2888e-01
9.2808e-01
9.2760e-01
9.2943e-01
9.2947e-01
9.3042e-01
9.3113e-01
9.2894e-01
9.3015e-01
9.2913e-01
9.2727e-01
9.3161e-01
9.3083e-01
9.3153e-01
9.3298e-01
9.3343e-01
9.3015e-01
9.3026e-01
9.3208e-01
9.3318e-01
9.3140e-01
9.3074e-01
9.3119e-01
9.2722e-01
9.2797e-01
9.2813e-01
9.3210e-01
9.2872e-01
9.3484e-01
9.3324e-01
9.2849e-01
9.2815e-01
9.3320e-01
9.3376e-01
9.3178e-01
9.3031e-01
9.3223e-01
9.3303e-01
9.3005e-01
9.3045e-01
9.3028e-01
9.3331e-01
9.3169e-01
9.3330e-01
9.3383e-01
9.3220e-01
9.2528e-01
9.2968e-01
9.3494e-01
9.2879e-01
9.3632e-01
9.3062e-01
9.3294e-01
9.3123e-01
9.2984e-01
9.2901e-01
9.3363e-01
9.3275e-01
9.3096e-01
9.3256e-01
9.3482e-01
9.2993e-01
9.3308e-01
9.2842e-01
9.3378e-01
9.3349e-01
9.3355e-01
9.3446e-01
9.3174e-01
9.2703e-01
9.3287e-01
9.3273e-01
9.3331e-01
9.3264e-01
9.3099e-01
9.3172e-01
9.3326e-01
9.3240e-01
9.2817e-01
9.3036e-01
9.2939e-01
9.3160e-01
9.3292e-01
9.3403e-01
9.2879e-01
9.3332e-01
9.3142e-01
9.3229e-01
9.3049e-01
9.3113e-01
9.3143e-01
9.3626e-01
9.3280e-01
9.2802e-01
9.3372e-01
9.3091e-01
9.3373e-01
9.2999e-01
9.2865e-01
9.2795e-01
9.2928e-01
9.3344e-01
9.2670e-01
9.3205e-01
9.3310e-01
9.2926e-01
9.3485e-01
9.3395e-01
9.3548e-01
9.2730e-01
9.3071e-01
9.3337e-01
9.3431e-01
9.2986e-01
9.3397e-01
9.3542e-01
9.3198e-01
9.3132e-01
9.3057e-01
9.2897e-01
9.3278e-01
9.3735e-01
9.3116e-01
9.3610e-01
9.3057e-01
9.3185e-01
9.2592e-01
9.2725e-01
9.2645e-01
9.3323e-01
9.3297e-01
9.3134e-01
9.3064e-01
9.3118e-01
9.3023e-01
9.3383e-01
9.3087e-01
9.3249e-01
9.3108e-01
9.3051e-01
9.2643e-01
9.3280e-01
9.3181e-01
9.3675e-01
9.3518e-01
9.2883e-01
9.2730e-01
9.2977e-01
9.3406e-01
9.2915e-01
9.2500e-01
9.3393e-01
9.3237e-01
9.3118e-01
9.3455e-01
9.3334e-01
9.2750e-01
9.3237e-01
9.2939e-01
9.2869e-01
9.2984e-01
9.3496e-01
9.2984e-01
9.3217e-01
9.2942e-01
9.3111e-01
9.2910e-01
9.3189e-01
9.3247e-01
9.3163e-01
9.3162e-01
9.2994e-01
9.3110e-01
9.3362e-01
9.3191e-01
9.3006e-01
9.2915e-01
9.3095e-01
9.3094e-01
9.3204e-01
9.3106e-01
9.2721e-01
9.3095e-01
9.2639e-01
9.2747e-01
9.2833e-01
9.3233e-01
9.3019e-01
9.3259e-01
9.3266e-01
9.2829e-01
9.3177e-01
9.3167e-01
9.2978e-01
9.2998e-01
9.3372e-01
9.2905e-01
9.3123e-01
9.2906e-01
9.3033e-01
9.2992e-01
9.3032e-01
9.2965e-01
9.3257e-01
9.2899e-01
9.2755e-01
9.2781e-01
9.3769e-01
9.3228e-01
9.3221e-01
9.2746e-01
9.3270e-01
9.2959e-01
9.3452e-01
9.3437e-01
9.3050e-01
9.2909e-01
9.3359e-01
9.2908e-01
9.3251e-01
9.2680e-01
9.3411e-01
9.3262e-01
9.3065e-01
9.2939e-01
9.2978e-01
9.2842e-01
9.2626e-01
9.3053e-01
9.2608e-01
9.2885e-01
9.3232e-01
9.3183e-01
9.3800e-01
9.3439e-01
9.3277e-01
9.3168e-01
9.3521e-01
9.3104e-01
9.3040e-01
9.2961e-01
9.3193e-01
9.3288e-01
9.2822e-01
9.2820e-01
9.3404e-01
9.3488e-01
9.3415e-01
9.3205e-01
9.2924e-01
9.3322e-01
9.2884e-01
9.3335e-01
9.2980e-01
9.3314e-01
9.2900e-01
9.3404e-01
9.3312e-01
9.3300e-01
9.3442e-01
9.3055e-01
9.3320e-01
9.3027e-01
9.3304e-01
9.3059e-01
9.3162e-01
9.3110e-01
9.3146e-01
9.2663e-01
9.2926e-01
9.3416e-01
9.2952e-01
9.3162e-01
9.2730e-01
9.2700e-01
9.3239e-01
9.2832e-01
9.3305e-01
9.3312e-01
9.2993e-01
9.3001e-01
9.3165e-01
9.3602e-01
9.3019e-01
9.3288e-01
9.3202e-01
9.2985e-01
9.2517e-01
9.3423e-01
9.3206e-01
9.3128e-01
9.2776e-01
9.3403e-01
9.3151e-01
9.3383e-01
9.3234e-01
9.3099e-01
9.3280e-01
9.2882e-01
9.3466e-01
9.3348e-01
9.3097e-01
9.2923e-01
9.3118e-01
9.2879e-01
9.3327e-01
9.3191e-01
9.3188e-01
9.3054e-01
9.3532e-01
9.3313e-01
9.2986e-01
9.2767e-01
9.3473e-01
9.3412e-01
9.2569e-01
9.3295e-01
9.2939e-01
9.3006e-01
9.3459e-01
9.3002e-01
9.3236e-01
9.3300e-01
9.3027e-01
9.2841e-01
9.3339e-01
9.3191e-01
9.3063e-01
9.2764e-01
9.3208e-01
9.3126e-01
9.3136e-01
9.2828e-01
9.2976e-01
9.2980e-01
9.3180e-01
9.2974e-01
9.2964e-01
9.2994e-01
9.2382e-01
9.3005e-01
9.3071e-01
9.3323e-01
9.3086e-01
9.3348e-01
9.2813e-01
9.3604e-01
9.3601e-01
9.3203e-01
9.3169e-01
9.3254e-01
9.3194e-01
