9.0626e-01
9.0709e-01
9.0958e-01
9.0856e-01
9.0889e-01
9.0600e-01
9.1070e-01
9.0690e-01
9.0626e-01
9.0841e-01
9.0622e-01
9.1218e-01
9.0730e-01
9.0637e-01
9.0579e-01
9.0917e-01
9.0595e-01
9.0951e-01
9.0989e-01
9.0503e-01
9.0642e-01
9.0926e-01
9.0867e-01
9.0626e-01
9.0758e-01
9.0610e-01
9.0928e-01
9.0869e-01
9.0850e-01
9.0947e-01
9.0623e-01
9.0972e-01
9.0579e-01
9.0768e-01
9.1048e-01
9.0683e-01
9.0721e-01
9.0623e-01
9.0605e-01
9.0744e-01
9.0936e-01
9.0652e-01
9.0506e-01
9.0652e-01
9.0812e-01
9.0496e-01
9.0893e-01
9.0382e-01
9.0703e-01
9.0900e-01
9.0685e-01
9.0856e-01
9.0612e-01
9.0940e-01
9.0740e-01
9.1015e-01
9.0873e-01
9.0715e-01
9.0931e-01
9.0742e-01
9.0756e-01
9.0263e-01
9.0700e-01
9.0790e-01
9.1075e-01
9.0923e-01
9.0838e-01
9.1190e-01
9.0931e-01
9.0689e-01
9.0620e-01
9.0929e-01
9.0728e-01
9.0702e-01
9.1048e-01
9.0807e-01
9.0701e-01
9.1014e-01
9.0676e-01
9.0825e-01
9.1028e-01
9.0788e-01
9.0619e-01
9.0945e-01
9.0510e-01
9.0842e-01
9.0786e-01
9.0466e-01
9.1047e-01
9.0845e-01
9.0809e-01
9.0962e-01
9.0603e-01
9.0847e-01
9.0891e-01
9.0543e-01
9.0639e-01
9.0765e-01
9.0828e-01
9.0980e-01
9.0929e-01
9.0655e-01
9.0959e-01
9.0891e-01
9.0879e-01
9.0876e-01
9.0834e-01
9.0547e-01
9.0711e-01
9.0754e-01
9.0612e-01
9.0657e-01
9.0711e-01
9.0692e-01
9.0679e-01
9.0909e-01
9.0941e-01
9.0870e-01
9.0575e-01
9.0920e-01
9.0919e-01
9.0641e-01
9.0891e-01
9.0729e-01
9.0735e-01
9.0727e-01
9.0988e-01
9.1073e-01
9.0784e-01
9.0907e-01
9.1015e-01
9.0568e-01
9.1002e-01
9.0713e-01
9.0990e-01
9.0573e-01
9.0726e-01
9.0585e-01
9.0657e-01
9.0785e-01
9.0861e-01
9.0797e-01
9.0721e-01
9.0673e-01
9.0916e-01
9.1042e-01
9.0645e-01
9.1321e-01
9.0486e-01
9.0655e-01
9.0691e-01
9.0662e-01
9.0697e-01
9.0816e-01
9.0775e-01
9.0557e-01
9.0672e-01
9.0854e-01
9.1002e-01
9.0887e-01
9.1018e-01
9.0569e-01
9.0652e-01
9.0750e-01
9.0926e-01
9.0888e-01
9.0732e-01
9.0525e-01
9.0519e-01
9.0905e-01
9.0735e-01
9.0895e-01
9.0821e-01
9.0790e-01
9.0925e-01
9.0769e-01
9.0857e-01
9.0611e-01
9.0711e-01
9.0697e-01
9.0624e-01
9.0842e-01
9.0842e-01
9.0876e-01
9.0714e-01
9.0769e-01
9.0492e-01
9.0783e-01
9.0726e-01
9.0531e-01
9.0995e-01
9.0683e-01
9.0382e-01
9.1004e-01
9.0884e-01
9.1031e-01
9.0935e-01
9.0644e-01
9.0816e-01
9.1068e-01
9.0718e-01
9.0523e-01
9.0734e-01
9.0914e-01
9.1143e-01
9.1000e-01
9.0792e-01
9.0859e-01
9.0633e-01
9.0886e-01
9.0548e-01
9.0867e-01
9.0991e-01
9.0785e-01
9.0881e-01
9.0666e-01
9.0947e-01
9.0832e-01
9.1216e-01
9.0630e-01
9.0663e-01
9.0716e-01
9.1297e-01
9.1058e-01
9.0820e-01
9.0638e-01
9.0904e-01
9.0886e-01
9.0861e-01
9.1057e-01
9.0700e-01
9.0574e-01
9.0822e-01
9.0441e-01
9.0866e-01
9.0704e-01
9.1014e-01
9.0775e-01
9.0579e-01
9.0693e-01
9.0848e-01
9.0923e-01
9.0767e-01
9.0779e-01
9.0796e-01
9.0517e-01
9.0708e-01
9.0520e-01
9.0483e-01
9.0960e-01
9.1390e-01
9.0790e-01
9.1120e-01
9.0919e-01
9.1019e-01
9.1132e-01
9.0813e-01
9.0817e-01
9.0779e-01
9.0702e-01
9.1069e-01
9.0798e-01
9.0946e-01
9.0712e-01
9.0466e-01
9.0764e-01
9.0663e-01
9.0455e-01
9.0709e-01
9.1059e-01
9.0792e-01
9.0727e-01
9.0960e-01
9.0430e-01
9.1067e-01
9.0697e-01
9.0844e-01
9.0749e-01
9.0912e-01
9.0482e-01
9.0786e-01
9.0784e-01
9.0648e-01
9.0800e-01
9.0966e-01
9.0721e-01
9.0479e-01
9.0865e-01
9.0582e-01
9.0876e-01
9.0692e-01
9.1070e-01
9.0869e-01
9.0676e-01
9.1038e-01
9.0931e-01
9.0580e-01
9.0870e-01
9.0554e-01
9.0990e-01
9.0612e-01
9.0789e-01
9.0736e-01
9.0587e-01
9.0732e-01
9.1113e-01
9.0860e-01
9.0579e-01
9.1005e-01
9.1149e-01
9.0840e-01
9.1015e-01
9.0817e-01
9.0888e-01
9.0979e-01
9.0813e-01
9.1014e-01
9.0923e-01
9.0649e-01
9.0789e-01
9.0763e-01
9.1161e-01
9.0828e-01
9.1145e-01
9.0803e-01
9.0729e-01
9.0786e-01
9.0589e-01
9.1018e-01
9.0759e-01
9.0857e-01
9.0814e-01
9.0693e-01
9.0688e-01
9.1035e-01
9.0825e-01
9.0819e-01
9.1002e-01
9.0995e-01
9.0577e-01
9.0812e-01
9.0861e-01
9.0742e-01
9.0791e-01
9.0494e-01
9.0805e-01
9.0821e-01
9.0699e-01
9.0770e-01
9.0976e-01
9.0871e-01
9.0786e-01
9.0743e-01
9.0626e-01
9.0811e-01
9.0447e-01
9.0770e-01
9.0878e-01
9.0675e-01
9.0858e-01
9.0809e-01
9.0693e-01
9.0738e-01
9.0742e-01
9.0803e-01
9.0955e-01
9.0644e-01
9.0955e-01
9.0995e-01
9.0539e-01
9.1132e-01
9.1222e-01
9.0660e-01
9.0499e-01
9.1050e-01
9.0520e-01
9.0850e-01
9.0872e-01
9.0767e-01
9.1014e-01
9.0867e-01
9.0687e-01
9.0509e-01
9.0989e-01
9.0940e-01
9.0602e-01
9.0686e-01
9.0926e-01
9.0815e-01
9.0581e-01
9.0912e-01
9.1121e-01
9.0768e-01
9.0792e-01
9.0805e-01
9.0749e-01
9.0591e-01
9.0762e-01
9.0777e-01
9.0516e-01
9.0531e-01
9.0831e-01
9.0542e-01
9.0908e-01
9.0772e-01
9.0817e-01
9.0719e-01
9.0969e-01
9.0625e-01
9.0751e-01
9.0355e-01
9.0682e-01
9.0926e-01
9.1044e-01
9.0757e-01
9.0357e-01
9.0664e-01
9.0783e-01
9.0635e-01
9.0900e-01
9.1129e-01
9.0827e-01
9.1092e-01
9.0528e-01
9.0745e-01
9.0431e-01
9.0625e-01
9.0725e-01
9.0661e-01
9.0675e-01
9.0543e-01
9.0861e-01
9.1190e-01
9.0575e-01
9.0794e-01
9.0960e-01
9.0486e-01
9.0672e-01
9.0543e-01
9.1022e-01
9.0817e-01
9.0622e-01
9.0741e-01
9.0724e-01
9.0593e-01
9.0678e-01
9.0604e-01
9.0728e-01
9.0766e-01
9.0600e-01
9.0933e-01
9.0945e-01
9.0651e-01
9.0600e-01
9.0681e-01
9.0850e-01
9.0599e-01
9.0988e-01
9.0708e-01
9.0655e-01
9.0817e-01
9.0813e-01
9.0719e-01
9.0976e-01
9.0489e-01
9.0545e-01
9.0810e-01
9.0799e-01
9.0729e-01
9.0869e-01
9.0818e-01
9.0680e-01
9.0798e-01
9.0937e-01
9.0804e-01
9.1037e-01
9.0581e-01
9.0776e-01
9.0849e-01
9.0749e-01
9.0893e-01
9.0728e-01
9.0707e-01
9.1125e-01
9.0829e-01
9.0705e-01
9.0729e-01
9.0958e-01
9.0367e-01
9.0472e-01
9.0677e-01
9.0749e-01
9.0552e-01
9.0739e-01
9.0567e-01
9.0636e-01
9.0964e-01
9.0649e-01
9.0982e-01
9.0865e-01
9.0784e-01
9.0722e-01
9.0541e-01
9.0720e-01
9.0824e-01
9.0777e-01
9.0543e-01
9.0712e-01
9.0952e-01
9.0869e-01
9.1073e-01
9.0735e-01
9.1036e-01
9.0743e-01
9.0495e-01
9.0599e-01
9.0825e-01
9.0787e-01
9.0876e-01
9.0846e-01
9.0653e-01
9.0728e-01
9.0810e-01
9.0649e-01
9.0726e-01
9.0869e-01
9.0434e-01
9.0852e-01
9.1202e-01
9.0558e-01
9.0819e-01
9.0766e-01
9.0844e-01
9.0664e-01
9.0728e-01
9.0682e-01
9.0995e-01
9.0778e-01
9.0573e-01
9.0736e-01
9.0809e-01
9.0821e-01
9.0607e-01
9.0823e-01
9.0657e-01
9.0616e-01
9.0944e-01
9.0784e-01
9.0908e-01
9.0967e-01
9.0626e-01
9.1010e-01
9.1112e-01
9.0664e-01
9.0769e-01
9.0507e-01
9.0596e-01
9.0674e-01
9.1158e-01
9.0745e-01
9.0953e-01
9.0616e-01
9.0943e-01
9.0727e-01
9.0655e-01
9.0823e-01
9.0643e-01
9.0911e-01
9.0863e-01
9.0781e-01
9.0819e-01
9.0689e-01
9.0767e-01
9.0835e-01
9.0747e-01
9.0867e-01
9.0998e-01
9.0673e-01
9.0758e-01
9.0909e-01
9.0581e-01
9.0674e-01
9.0882e-01
9.0893e-01
9.0902e-01
9.0714e-01
9.0863e-01
9.0837e-01
9.0863e-01
9.0645e-01
9.1069e-01
9.0787e-01
9.0699e-01
9.0658e-01
9.0556e-01
9.0808e-01
9.0506e-01
9.0851e-01
9.0814e-01
9.0680e-01
9.0670e-01
9.0711e-01
9.0882e-01
9.0757e-01
9.0757e-01
9.0516e-01
9.0558e-01
9.0603e-01
9.0497e-01
9.0808e-01
9.0926e-01
9.0742e-01
9.0912e-01
9.0728e-01
9.0944e-01
9.0411e-01
9.0861e-01
9.0710e-01
9.0901e-01
9.0801e-01
9.0961e-01
9.0558e-01
9.0635e-01
9.0746e-01
9.0816e-01
9.0907e-01
9.0590e-01
9.0582e-01
9.0634e-01
9.0866e-01
9.0604e-01
9.1130e-01
9.0745e-01
9.0502e-01
9.0557e-01
9.0601e-01
9.0879e-01
9.0895e-01
9.0628e-01
9.0857e-01
9.1067e-01
9.0777e-01
9.0864e-01
9.0883e-01
9.0916e-01
9.0749e-01
9.0833e-01
9.0937e-01
9.0918e-01
9.0912e-01
9.0642e-01
9.0729e-01
9.0955e-01
9.0903e-01
9.0726e-01
9.0758e-01
9.0865e-01
9.0951e-01
9.0670e-01
9.0772e-01
9.0586e-01
9.0584e-01
9.0989e-01
9.0793e-01
9.0700e-01
9.0707e-01
9.0701e-01
9.1010e-01
9.0692e-01
9.0589e-01
9.0941e-01
9.0816e-01
9.0467e-01
9.0788e-01
9.0923e-01
9.0954e-01
9.0650e-01
9.0478e-01
9.0665e-01
9.0788e-01
9.1079e-01
9.0552e-01
9.1019e-01
9.0500e-01
9.1002e-01
9.1116e-01
9.0653e-01
9.0786e-01
9.1085e-01
9.0631e-01
9.0837e-01
9.0434e-01
9.0601e-01
9.0827e-01
9.0629e-01
9.0888e-01
9.0961e-01
9.0872e-01
9.0584e-01
9.0543e-01
9.0868e-01
9.0633e-01
9.0671e-01
9.0772e-01
9.0685e-01
9.0608e-01
9.1107e-01
9.0628e-01
9.1063e-01
9.0858e-01
9.0554e-01
9.0504e-01
9.0727e-01
9.0737e-01
9.0708e-01
9.0628e-01
9.0879e-01
9.0790e-01
9.0641e-01
9.0894e-01
9.0557e-01
9.1115e-01
9.0739e-01
9.0899e-01
9.0748e-01
9.0773e-01
9.0439e-01
9.0806e-01
9.0981e-01
9.0873e-01
9.0948e-01
9.0622e-01
9.0721e-01
9.0811e-01
9.1131e-01
9.0638e-01
9.1305e-01
9.0810e-01
9.0748e-01
9.0585e-01
9.0862e-01
9.0541e-01
9.0802e-01
9.0832e-01
9.0618e-01
9.0684e-01
9.0768e-01
9.0687e-01
9.0955e-01
9.0781e-01
9.0528e-01
9.0718e-01
9.0852e-01
9.0679e-01
9.0893e-01
9.0995e-01
9.0708e-01
9.0779e-01
9.0990e-01
9.0884e-01
9.0654e-01
9.0920e-01
9.0660e-01
9.0795e-01
9.0807e-01
9.1017e-01
9.0975e-01
9.0862e-01
9.1192e-01
9.1146e-01
9.0726e-01
9.0894e-01
9.0870e-01
9.0728e-01
9.0832e-01
9.0886e-01
9.0653e-01
9.0848e-01
9.0752e-01
9.0727e-01
9.0759e-01
9.0854e-01
9.0767e-01
9.0585e-01
9.0751e-01
9.0924e-01
9.0633e-01
9.0649e-01
9.0750e-01
9.0581e-01
9.0565e-01
9.0828e-01
9.0839e-01
9.0697e-01
9.1061e-01
9.0866e-01
9.0608e-01
9.0634e-01
9.0785e-01
9.0835e-01
9.0577e-01
9.0681e-01
9.1068e-01
9.1044e-01
9.0749e-01
9.0981e-01
9.0739e-01
9.0892e-01
9.0589e-01
9.0572e-01
9.0741e-01
9.0903e-01
9.0446e-01
9.0953e-01
9.0677e-01
9.0743e-01
9.0834e-01
9.0839e-01
9.0953e-01
9.0860e-01
9.1045e-01
9.0883e-01
9.0615e-01
9.0643e-01
9.0644e-01
9.0912e-01
9.0823e-01
9.0597e-01
9.0751e-01
9.0830e-01
9.0645e-01
9.0971e-01
9.0962e-01
9.0458e-01
9.0893e-01
9.0975e-01
9.1111e-01
9.0910e-01
9.0988e-01
9.0861e-01
9.0677e-01
9.0715e-01
9.0882e-01
9.0959e-01
9.0759e-01
9.0639e-01
9.0803e-01
9.1117e-01
9.0814e-01
9.0674e-01
9.0651e-01
9.0381e-01
9.0695e-01
9.0694e-01
9.0843e-01
9.0593e-01
9.0812e-01
9.0646e-01
9.0797e-01
9.0896e-01
9.0981e-01
9.0911e-01
9.0652e-01
9.0557e-01
9.1157e-01
9.0736e-01
9.1136e-01
9.0854e-01
9.0917e-01
9.0869e-01
9.0897e-01
9.1113e-01
9.0470e-01
9.0648e-01
9.0545e-01
9.0965e-01
9.0546e-01
9.0478e-01
9.0901e-01
9.0488e-01
9.1019e-01
9.0907e-01
9.0917e-01
9.0785e-01
9.0948e-01
9.0647e-01
9.0727e-01
9.0884e-01
9.0771e-01
9.0666e-01
9.0583e-01
9.0812e-01
9.0634e-01
9.1106e-01
9.0922e-01
9.0789e-01
9.0583e-01
9.0620e-01
9.0811e-01
9.0938e-01
9.0724e-01
9.0482e-01
9.0891e-01
9.1012e-01
9.0802e-01
9.0613e-01
9.0728e-01
9.0624e-01
9.0692e-01
9.1426e-01
9.0972e-01
9.1008e-01
9.0635e-01
9.0919e-01
9.0725e-01
9.0758e-01
9.0657e-01
9.1253e-01
9.0711e-01
9.0611e-01
9.0651e-01
9.0887e-01
9.0712e-01
9.1050e-01
9.0697e-01
9.0753e-01
9.0666e-01
9.1070e-01
9.0721e-01
9.0520e-01
9.0760e-01
9.0765e-01
9.0411e-01
9.0922e-01
9.0671e-01
9.0538e-01
9.0616e-01
9.0864e-01
9.0785e-01
9.1151e-01
9.1015e-01
9.0824e-01
9.0865e-01
9.0878e-01
9.0649e-01
9.0815e-01
9.0502e-01
9.0769e-01
9.0600e-01
9.1024e-01
9.0658e-01
9.0926e-01
9.0521e-01
9.0598e-01
9.0779e-01
9.0607e-01
9.0598e-01
9.1103e-01
9.0939e-01
9.0666e-01
9.0526e-01
9.0775e-01
9.0778e-01
9.1042e-01
9.0755e-01
9.0630e-01
9.0899e-01
9.0838e-01
9.0943e-01
9.0708e-01
9.1038e-01
9.0914e-01
9.0803e-01
9.0696e-01
9.1036e-01
9.0656e-01
9.0740e-01
9.0874e-01
9.1083e-01
9.1024e-01
9.0609e-01
9.0907e-01
9.0707e-01
9.0820e-01
9.0692e-01
9.0984e-01
9.0702e-01
9.0756e-01
9.0819e-01
9.0590e-01
9.0860e-01
9.0735e-01
9.0676e-01
9.0939e-01
9.0500e-01
9.0756e-01
9.0931e-01
9.0789e-01
9.0961e-01
9.1097e-01
9.0884e-01
9.0791e-01
9.0664e-01
9.0702e-01
9.0813e-01
9.0498e-01
9.0911e-01
9.1020e-01
9.0721e-01
9.0868e-01
9.1002e-01
9.0950e-01
9.0815e-01
9.1202e-01
9.0928e-01
9.0524e-01
9.0733e-01
9.0665e-01
9.0898e-01
9.0643e-01
9.0799e-01
9.0790e-01
9.0822e-01
9.0771e-01
9.1053e-01
9.1108e-01
9.0824e-01
9.0884e-01
9.0826e-01
9.0883e-01
9.1160e-01
9.1000e-01
9.0791e-01
9.0783e-01
9.0995e-01
9.0724e-01
9.0657e-01
9.0555e-01
9.0781e-01
9.0819e-01
9.0932e-01
9.0895e-01
9.0906e-01
9.0671e-01
9.1154e-01
9.0575e-01
9.0816e-01
9.0934e-01
9.0996e-01
9.0540e-01
9.0884e-01
9.0885e-01
9.0820e-01
9.0654e-01
9.0807e-01
9.0946e-01
9.0836e-01
9.0767e-01
9.0744e-01
9.0746e-01
9.0921e-01
9.0848e-01
9.0902e-01
9.1156e-01
9.0869e-01
9.0876e-01
9.0733e-01
9.0874e-01
9.0879e-01
9.0822e-01
9.0692e-01
9.0982e-01
9.0772e-01
9.0850e-01
9.0698e-01
9.0687e-01
9.0429e-01
9.0854e-01
9.0627e-01
9.0858e-01
9.0916e-01
9.0721e-01
9.0857e-01
9.0821e-01
9.0708e-01
9.0798e-01
9.0631e-01
9.1002e-01
9.0966e-01
9.1063e-01
9.1174e-01
9.1035e-01
9.0784e-01
9.0946e-01
9.0921e-01
9.0910e-01
9.0703e-01
9.0673e-01
9.0808e-01
9.0841e-01
9.1058e-01
9.0948e-01
9.0848e-01
9.0720e-01
9.0837e-01
9.0856e-01
9.0790e-01
9.1040e-01
9.0562e-01
9.1002e-01
9.0795e-01
9.0855e-01
9.0879e-01
9.0887e-01
9.0847e-01
9.0709e-01
9.0748e-01
9.0596e-01
9.0872e-01
9.0919e-01
9.0904e-01
9.0940e-01
9.0935e-01
9.0497e-01
9.1084e-01
9.0684e-01
9.0963e-01
9.0703e-01
9.0768e-01
9.0869e-01
9.0851e-01
9.0944e-01
9.0935e-01
9.0883e-01
9.0894e-01
9.0654e-01
9.0890e-01
9.0675e-01
9.0607e-01
9.0512e-01
9.0617e-01
9.0774e-01
9.0914e-01
9.0845e-01
9.0653e-01
9.0960e-01
9.0950e-01
9.0508e-01
9.0837e-01
9.0928e-01
9.0754e-01
9.0524e-01
9.0820e-01
9.0834e-01
9.0990e-01
9.0943e-01
9.0532e-01
9.0912e-01
9.0855e-01
9.0726e-01
9.0695e-01
9.0956e-01
9.0558e-01
9.0703e-01
9.0880e-01
9.0851e-01
9.0553e-01
9.0488e-01
9.0643e-01
9.0910e-01
9.0670e-01
9.0797e-01
9.0523e-01
9.0665e-01
9.0898e-01
9.0870e-01
9.0728e-01
9.0883e-01
9.0852e-01
9.0789e-01
9.0727e-01
9.0830e-01
9.0645e-01
9.0774e-01
9.0869e-01
9.0553e-01
9.0870e-01
9.0869e-01
9.0685e-01
9.0950e-01
9.0716e-01
9.0859e-01
9.0876e-01
9.0657e-01
9.0681e-01
9.1086e-01
9.0834e-01
9.0712e-01
9.0841e-01
9.0577e-01
9.0579e-01
9.1000e-01
9.0813e-01
9.0726e-01
9.0726e-01
9.1220e-01
9.0832e-01
9.0924e-01
9.0609e-01
9.0728e-01
9.0752e-01
9.0657e-01
9.0817e-01
9.0627e-01
9.0691e-01
9.0840e-01
9.1110e-01
9.0697e-01
9.0847e-01
9.0674e-01
9.0869e-01
9.1037e-01
9.0917e-01
9.0885e-01
9.1009e-01
9.0770e-01
9.0959e-01
9.0725e-01
9.0871e-01
9.1188e-01
9.0530e-01
9.0738e-01
9.0750e-01
9.0782e-01
9.0554e-01
9.0746e-01
9.0905e-01
9.1060e-01
9.0832e-01
9.1070e-01
9.0903e-01
9.0777e-01
9.0732e-01
9.0706e-01
9.1004e-01
9.0861e-01
9.0608e-01
9.1039e-01
9.0655e-01
9.0510e-01
9.0803e-01
9.0952e-01
9.0806e-01
9.0860e-01
9.0786e-01
9.0746e-01
9.0875e-01
9.1151e-01
9.1054e-01
9.0607e-01
9.0743e-01
9.0751e-01
9.0683e-01
9.0756e-01
9.0917e-01
9.0675e-01
9.0910e-01
9.0577e-01
9.0876e-01
9.0821e-01
9.0918e-01
9.0814e-01
9.0488e-01
9.0843e-01
9.0645e-01
9.0568e-01
9.0792e-01
9.0708e-01
9.0701e-01
9.0830e-01
9.0890e-01
9.0858e-01
9.1000e-01
9.0687e-01
9.0893e-01
9.0675e-01
9.0968e-01
9.0916e-01
9.0944e-01
9.0625e-01
9.0751e-01
9.0547e-01
9.0833e-01
9.0744e-01
9.0921e-01
9.0691e-01
9.0863e-01
9.0756e-01
9.1107e-01
9.0921e-01
9.0796e-01
9.0774e-01
9.1166e-01
9.0789e-01
9.0810e-01
9.0581e-01
9.1172e-01
9.0857e-01
9.1086e-01
9.0684e-01
9.0695e-01
9.0864e-01
9.1253e-01
9.0861e-01
9.0850e-01
9.0684e-01
9.1070e-01
9.1133e-01
9.0949e-01
9.0679e-01
9.0879e-01
9.0816e-01
9.0945e-01
9.0826e-01
9.0741e-01
9.0754e-01
9.0802e-01
9.0621e-01
9.0791e-01
9.0772e-01
9.0707e-01
9.0898e-01
9.0659e-01
9.0628e-01
9.0697e-01
9.0939e-01
9.0926e-01
9.1082e-01
9.0650e-01
9.0772e-01
9.0771e-01
9.0966e-01
9.0846e-01
9.0730e-01
9.0598e-01
9.0723e-01
9.0993e-01
9.0833e-01
9.1297e-01
9.0829e-01
9.0760e-01
9.0687e-01
9.0922e-01
9.0813e-01
9.0868e-01
9.0926e-01
9.0367e-01
9.0595e-01
9.0925e-01
9.0581e-01
9.0842e-01
9.0903e-01
9.1268e-01
9.1204e-01
9.0744e-01
9.0826e-01
9.1113e-01
9.0734e-01
9.0763e-01
9.0392e-01
9.0998e-01
9.1167e-01
9.0743e-01
9.1140e-01
9.0806e-01
9.0712e-01
9.0787e-01
9.0639e-01
9.0518e-01
9.0868e-01
9.0885e-01
9.0696e-01
9.0926e-01
9.0939e-01
9.0887e-01
9.0788e-01
9.0793e-01
9.0908e-01
9.0857e-01
9.0672e-01
9.1050e-01
9.0933e-01
9.1001e-01
9.0671e-01
9.0863e-01
9.0660e-01
9.0736e-01
9.1021e-01
9.0830e-01
9.1107e-01
9.0794e-01
9.0658e-01
9.0809e-01
9.0935e-01
9.1198e-01
9.0766e-01
9.0987e-01
9.0865e-01
9.0655e-01
9.0667e-01
9.0900e-01
9.0737e-01
9.0591e-01
9.1148e-01
9.1296e-01
9.0768e-01
9.0728e-01
9.0687e-01
9.0902e-01
9.0813e-01
9.0603e-01
9.0687e-01
9.0910e-01
9.0657e-01
9.0910e-01
9.1039e-01
9.0718e-01
9.0835e-01
9.0960e-01
9.0707e-01
9.0700e-01
9.0606e-01
9.0650e-01
9.0712e-01
9.0975e-01
9.0997e-01
9.0639e-01
9.1068e-01
9.0562e-01
9.0863e-01
9.0850e-01
9.0714e-01
9.0665e-01
9.0923e-01
9.1102e-01
9.0789e-01
9.0910e-01
9.0844e-01
9.0997e-01
9.0532e-01
9.0602e-01
9.0815e-01
9.0695e-01
9.0710e-01
9.0841e-01
9.1215e-01
9.0748e-01
9.0720e-01
9.0644e-01
9.0812e-01
9.1005e-01
9.0949e-01
9.0596e-01
9.1081e-01
9.0631e-01
9.0921e-01
9.0824e-01
9.0823e-01
9.0276e-01
9.0829e-01
9.0945e-01
9.0817e-01
9.1084e-01
9.0800e-01
9.0874e-01
9.0930e-01
9.0767e-01
9.0591e-01
9.0927e-01
9.1076e-01
9.0853e-01
9.0588e-01
9.0702e-01
9.0557e-01
9.0709e-01
9.0900e-01
9.0764e-01
9.0882e-01
9.1167e-01
9.0869e-01
9.1078e-01
9.0998e-01
9.1154e-01
9.0715e-01
9.0746e-01
9.0789e-01
9.0748e-01
9.0748e-01
9.1199e-01
9.0923e-01
9.0726e-01
9.1272e-01
9.0812e-01
9.0781e-01
9.0877e-01
9.1178e-01
9.1049e-01
9.0877e-01
9.0752e-01
9.0714e-01
9.0697e-01
9.0689e-01
9.0782e-01
9.0678e-01
9.0790e-01
9.0642e-01
9.0908e-01
9.0772e-01
9.0671e-01
9.0722e-01
9.0843e-01
9.0901e-01
9.0810e-01
9.0765e-01
9.0838e-01
9.0714e-01
9.0893e-01
9.0889e-01
9.0564e-01
9.0656e-01
9.0722e-01
9.0751e-01
9.0616e-01
9.0811e-01
9.0649e-01
9.1079e-01
9.0497e-01
9.0975e-01
9.0779e-01
9.0530e-01
9.0718e-01
9.0838e-01
9.0986e-01
9.0817e-01
9.0818e-01
9.0941e-01
9.0915e-01
9.0842e-01
9.0818e-01
9.0955e-01
9.0838e-01
9.0838e-01
9.0973e-01
9.0786e-01
9.0887e-01
9.1086e-01
9.0902e-01
9.0709e-01
9.0682e-01
9.0728e-01
9.0715e-01
9.0602e-01
9.0908e-01
9.0680e-01
9.0807e-01
9.0488e-01
9.1081e-01
9.0656e-01
9.0739e-01
9.0661e-01
9.0604e-01
9.0696e-01
9.0842e-01
9.0874e-01
9.1110e-01
9.0805e-01
9.0487e-01
9.0560e-01
9.0881e-01
9.0719e-01
9.0882e-01
9.1126e-01
9.0986e-01
9.0909e-01
9.0753e-01
9.0713e-01
9.0479e-01
9.0990e-01
9.0644e-01
9.0765e-01
9.1098e-01
9.0888e-01
9.0812e-01
9.0731e-01
9.0815e-01
9.0787e-01
9.0878e-01
9.0789e-01
9.0883e-01
9.0715e-01
9.0864e-01
9.0671e-01
9.0645e-01
9.0695e-01
9.0712e-01
9.0696e-01
9.1025e-01
9.0622e-01
9.0722e-01
9.0670e-01
9.0916e-01
9.0577e-01
9.0769e-01
9.0772e-01
9.0863e-01
9.0697e-01
9.0821e-01
9.0646e-01
9.0540e-01
9.0783e-01
9.0706e-01
9.0751e-01
9.0663e-01
9.0876e-01
9.0982e-01
9.0831e-01
9.0979e-01
9.1007e-01
9.0757e-01
9.0579e-01
9.0748e-01
9.0497e-01
9.0793e-01
9.0837e-01
9.0947e-01
9.1064e-01
9.0802e-01
9.0829e-01
9.0638e-01
9.0633e-01
9.0742e-01
9.0928e-01
9.0915e-01
9.1088e-01
9.0797e-01
9.0867e-01
9.0591e-01
9.0781e-01
9.0931e-01
9.0722e-01
9.0909e-01
9.1177e-01
9.0818e-01
9.0851e-01
9.0761e-01
9.0788e-01
9.0452e-01
9.1016e-01
9.0825e-01
9.0523e-01
9.0623e-01
9.0872e-01
9.1056e-01
9.0866e-01
9.1275e-01
9.1067e-01
9.0770e-01
9.0821e-01
9.0888e-01
9.0737e-01
9.0618e-01
9.0751e-01
9.0808e-01
9.0731e-01
9.0702e-01
9.0833e-01
9.0814e-01
9.0576e-01
9.0663e-01
9.0844e-01
9.0907e-01
9.0737e-01
9.0660e-01
9.0660e-01
9.0894e-01
9.1220e-01
9.0670e-01
9.0742e-01
9.0644e-01
9.0828e-01
9.0744e-01
9.0736e-01
9.0595e-01
9.0950e-01
9.0867e-01
9.1148e-01
9.0902e-01
9.1125e-01
9.0729e-01
9.0781e-01
9.0973e-01
9.0797e-01
9.1162e-01
9.0869e-01
9.0824e-01
9.0458e-01
9.0471e-01
9.0617e-01
9.0965e-01
9.0655e-01
9.0596e-01
9.0891e-01
9.0885e-01
9.0616e-01
9.0871e-01
9.0863e-01
9.0817e-01
9.0757e-01
9.1108e-01
9.0766e-01
9.0551e-01
9.0855e-01
9.1168e-01
9.0757e-01
9.0698e-01
9.1120e-01
9.0838e-01
9.0631e-01
9.0825e-01
9.0884e-01
9.0604e-01
9.0837e-01
9.0641e-01
9.0715e-01
9.0576e-01
9.0979e-01
9.0656e-01
9.0766e-01
9.0679e-01
9.0983e-01
9.0591e-01
9.0988e-01
9.0751e-01
9.0738e-01
9.0894e-01
9.0672e-01
9.0804e-01
9.1033e-01
9.0579e-01
9.0721e-01
9.0703e-01
9.0604e-01
9.0962e-01
9.0687e-01
9.0741e-01
9.0657e-01
9.0906e-01
9.0822e-01
9.0728e-01
9.0971e-01
9.1026e-01
9.0673e-01
9.0946e-01
9.0654e-01
9.0882e-01
9.0952e-01
9.0987e-01
9.0925e-01
9.0997e-01
9.0725e-01
9.0857e-01
9.0721e-01
9.0718e-01
9.0884e-01
9.0690e-01
9.0956e-01
9.1181e-01
9.0523e-01
9.1149e-01
9.0633e-01
9.0585e-01
9.0930e-01
9.0699e-01
9.0644e-01
9.0820e-01
9.0831e-01
9.0921e-01
9.0833e-01
9.0855e-01
9.1281e-01
9.0797e-01
9.0970e-01
9.0985e-01
9.0802e-01
9.0870e-01
9.0573e-01
9.0644e-01
9.1017e-01
9.0875e-01
9.0712e-01
9.0979e-01
9.0781e-01
9.0874e-01
9.0795e-01
9.1296e-01
9.0733e-01
9.0627e-01
9.0744e-01
9.0950e-01
9.1020e-01
9.0771e-01
9.0853e-01
9.0693e-01
9.0760e-01
9.0612e-01
9.0992e-01
9.0388e-01
9.0627e-01
9.0866e-01
9.0700e-01
9.0532e-01
9.0594e-01
9.0868e-01
9.1015e-01
9.0773e-01
9.0741e-01
9.0610e-01
9.0726e-01
9.0831e-01
9.0951e-01
9.0748e-01
9.1152e-01
9.0970e-01
9.1265e-01
9.0985e-01
9.1098e-01
9.0886e-01
9.0699e-01
9.1005e-01
9.0668e-01
9.0974e-01
9.0965e-01
9.0619e-01
9.0917e-01
9.0894e-01
9.0758e-01
9.0739e-01
9.0504e-01
9.1079e-01
9.0413e-01
9.0866e-01
9.0978e-01
9.0652e-01
9.0846e-01
9.0762e-01
9.0797e-01
9.1053e-01
9.0778e-01
9.0838e-01
9.0716e-01
9.0757e-01
9.0960e-01
9.1221e-01
9.0871e-01
9.1002e-01
9.0789e-01
9.1300e-01
9.0653e-01
9.0865e-01
9.0849e-01
9.0791e-01
9.0908e-01
9.0852e-01
9.1220e-01
9.0813e-01
9.1065e-01
9.0424e-01
9.0574e-01
9.0640e-01
9.0720e-01
9.1257e-01
9.0885e-01
9.0827e-01
9.0853e-01
9.0823e-01
9.0725e-01
9.0602e-01
9.0467e-01
9.0806e-01
9.0635e-01
9.0831e-01
9.0755e-01
9.0444e-01
9.0889e-01
9.0837e-01
9.0901e-01
9.0969e-01
9.0888e-01
9.0657e-01
9.1173e-01
9.0564e-01
9.0937e-01
9.0598e-01
9.0815e-01
9.0934e-01
9.0464e-01
9.0776e-01
9.0907e-01
9.0626e-01
9.0711e-01
9.1206e-01
9.0300e-01
9.0526e-01
9.0807e-01
9.0687e-01
9.0463e-01
9.0769e-01
9.1170e-01
9.0861e-01
9.0727e-01
9.0744e-01
9.0837e-01
9.0676e-01
9.0729e-01
9.0816e-01
9.0858e-01
9.0936e-01
9.0872e-01
9.0876e-01
9.0895e-01
9.0885e-01
9.0652e-01
9.0716e-01
9.0743e-01
9.0988e-01
9.0890e-01
9.0553e-01
9.0774e-01
9.0750e-01
9.0799e-01
9.0676e-01
9.0630e-01
9.1043e-01
9.0758e-01
9.0732e-01
9.0755e-01
9.0799e-01
9.0786e-01
9.0893e-01
9.0863e-01
9.0756e-01
9.0826e-01
9.0691e-01
9.0885e-01
9.0939e-01
9.0820e-01
9.0787e-01
9.0618e-01
9.1196e-01
9.0594e-01
9.0844e-01
9.0815e-01
9.0925e-01
9.0842e-01
9.0677e-01
9.1291e-01
9.0787e-01
9.0756e-01
9.0501e-01
9.0615e-01
9.0955e-01
9.0943e-01
9.0747e-01
9.0923e-01
9.0666e-01
9.0755e-01
9.0496e-01
9.0645e-01
9.0647e-01
9.0797e-01
9.1052e-01
9.0711e-01
9.0718e-01
9.0693e-01
9.0841e-01
9.1007e-01
9.0981e-01
9.1185e-01
9.0588e-01
9.0884e-01
9.0500e-01
9.1103e-01
9.0789e-01
9.0952e-01
9.0816e-01
9.0903e-01
9.0757e-01
9.0758e-01
9.0972e-01
9.0341e-01
9.1021e-01
9.0881e-01
9.0789e-01
9.0798e-01
9.0876e-01
9.0848e-01
9.0611e-01
9.0857e-01
9.0782e-01
9.1128e-01
9.0733e-01
9.0825e-01
9.0713e-01
9.0925e-01
9.1049e-01
9.0906e-01
9.0878e-01
9.0915e-01
9.0576e-01
9.0649e-01
9.0953e-01
9.0915e-01
9.0795e-01
9.0650e-01
9.0560e-01
9.0793e-01
9.0729e-01
9.0487e-01
9.1080e-01
9.0585e-01
9.1074e-01
9.0510e-01
9.0581e-01
9.0875e-01
9.1128e-01
9.0835e-01
9.0757e-01
9.0975e-01
9.0693e-01
9.0537e-01
9.1339e-01
9.0705e-01
9.0769e-01
9.0627e-01
9.0872e-01
9.0872e-01
9.0711e-01
9.0403e-01
9.0776e-01
9.0772e-01
9.0504e-01
9.0620e-01
9.1112e-01
9.0835e-01
9.1026e-01
9.0663e-01
9.0818e-01
9.0648e-01
9.0822e-01
9.1087e-01
9.0974e-01
9.0874e-01
9.1036e-01
9.0639e-01
9.0722e-01
9.0732e-01
9.0955e-01
9.0805e-01
9.0841e-01
9.1057e-01
9.0811e-01
9.0710e-01
9.0788e-01
9.0842e-01
9.0895e-01
9.0753e-01
9.0873e-01
9.0471e-01
9.0639e-01
9.0878e-01
9.0999e-01
9.0844e-01
9.1025e-01
9.1045e-01
9.0719e-01
9.0912e-01
9.0713e-01
9.0834e-01
9.0627e-01
9.0704e-01
9.0969e-01
9.1055e-01
9.0851e-01
9.0766e-01
9.0547e-01
9.0625e-01
9.0686e-01
9.0643e-01
9.0867e-01
9.0869e-01
9.1188e-01
9.0986e-01
9.0944e-01
9.0770e-01
9.0668e-01
9.0707e-01
9.0657e-01
9.0805e-01
9.1412e-01
9.0547e-01
9.0913e-01
9.1263e-01
9.1002e-01
9.0890e-01
9.0913e-01
9.0723e-01
9.0768e-01
9.0998e-01
9.0667e-01
9.0978e-01
9.0839e-01
9.1061e-01
9.1006e-01
9.1005e-01
9.0749e-01
9.0482e-01
9.1118e-01
9.0696e-01
9.0845e-01
9.0748e-01
9.0808e-01
9.0728e-01
9.1227e-01
9.0932e-01
9.0906e-01
9.0620e-01
9.0723e-01
9.0778e-01
9.0644e-01
9.0489e-01
9.0662e-01
9.0909e-01
9.0740e-01
9.0553e-01
9.0907e-01
9.0799e-01
9.0930e-01
9.0809e-01
9.0764e-01
9.0859e-01
9.0834e-01
9.0585e-01
9.0565e-01
9.0716e-01
9.0914e-01
9.0239e-01
9.0702e-01
9.0752e-01
9.0881e-01
9.0636e-01
9.0819e-01
9.0879e-01
9.0836e-01
9.0416e-01
9.0635e-01
9.0724e-01
9.1012e-01
9.0998e-01
9.0574e-01
9.0819e-01
9.0678e-01
9.0381e-01
9.0562e-01
9.0708e-01
9.0973e-01
9.0847e-01
9.0881e-01
9.0718e-01
9.0702e-01
9.1063e-01
9.1174e-01
9.0858e-01
9.0902e-01
9.0648e-01
9.0646e-01
9.0650e-01
9.0603e-01
9.0760e-01
9.0811e-01
9.0734e-01
9.0915e-01
9.0894e-01
9.0753e-01
9.0845e-01
9.0680e-01
9.0708e-01
9.0666e-01
9.0898e-01
9.0843e-01
9.0393e-01
9.0824e-01
9.0808e-01
9.0937e-01
9.0830e-01
9.0566e-01
9.1016e-01
9.0731e-01
9.0842e-01
9.0854e-01
9.0561e-01
9.0808e-01
9.1017e-01
9.0646e-01
9.0901e-01
9.0611e-01
9.0589e-01
9.0917e-01
9.0804e-01
9.0636e-01
9.0585e-01
9.0872e-01
9.0493e-01
9.0690e-01
9.0547e-01
9.1203e-01
9.0813e-01
9.0840e-01
9.0875e-01
9.0769e-01
9.0948e-01
9.0878e-01
9.0578e-01
9.0842e-01
9.0745e-01
9.1174e-01
9.0780e-01
9.0826e-01
9.0860e-01
9.0857e-01
9.0606e-01
9.0914e-01
9.0507e-01
9.0953e-01
9.0790e-01
9.0758e-01
9.0925e-01
9.0682e-01
9.0702e-01
9.0924e-01
9.0915e-01
9.0793e-01
9.0543e-01
9.0721e-01
9.0559e-01
9.0808e-01
9.0859e-01
9.0631e-01
9.1066e-01
9.0710e-01
9.0800e-01
9.0917e-01
9.0883e-01
9.0869e-01
9.0743e-01
9.0903e-01
9.0786e-01
9.0572e-01
9.1129e-01
9.1028e-01
9.0940e-01
9.1028e-01
9.0534e-01
9.1056e-01
9.0980e-01
9.0848e-01
9.1002e-01
9.0625e-01
9.0850e-01
9.0663e-01
9.1307e-01
9.0636e-01
9.0814e-01
9.0771e-01
9.1158e-01
9.0891e-01
9.1010e-01
9.0707e-01
9.0559e-01
9.0547e-01
9.0510e-01
9.0958e-01
9.0895e-01
9.0913e-01
9.0857e-01
9.0586e-01
9.0996e-01
9.0846e-01
9.0798e-01
9.0689e-01
9.0739e-01
9.0804e-01
9.0601e-01
9.0690e-01
9.0511e-01
9.0610e-01
9.0728e-01
9.0816e-01
9.1001e-01
9.0581e-01
9.0626e-01
9.0809e-01
9.0882e-01
9.0779e-01
9.0903e-01
9.0791e-01
9.0862e-01
9.0610e-01
9.0799e-01
9.0871e-01
9.0609e-01
9.0941e-01
9.0698e-01
9.0740e-01
9.0653e-01
9.0823e-01
9.0668e-01
9.0987e-01
9.0861e-01
9.0435e-01
9.0832e-01
9.0475e-01
9.0800e-01
9.0903e-01
9.0992e-01
9.0815e-01
9.0662e-01
9.0957e-01
9.0825e-01
9.0777e-01
9.0747e-01
9.0586e-01
9.0950e-01
9.0696e-01
9.0758e-01
9.0980e-01
9.1082e-01
9.0699e-01
9.0715e-01
9.0589e-01
9.0891e-01
9.0631e-01
9.0835e-01
9.0970e-01
9.0891e-01
9.1008e-01
9.1270e-01
9.0997e-01
9.1040e-01
9.0843e-01
9.0648e-01
9.0976e-01
9.0803e-01
9.0753e-01
9.0788e-01
9.0772e-01
9.0964e-01
9.0946e-01
9.1268e-01
9.1060e-01
9.0639e-01
9.0947e-01
9.0910e-01
9.0733e-01
9.0952e-01
9.0939e-01
9.0854e-01
9.0987e-01
9.0962e-01
9.0756e-01
9.0834e-01
9.0559e-01
9.0879e-01
9.0895e-01
9.0825e-01
9.0670e-01
9.0762e-01
9.1150e-01
9.0857e-01
9.0888e-01
9.1142e-01
9.0958e-01
9.0713e-01
9.0589e-01
9.1014e-01
9.0956e-01
9.1102e-01
9.0646e-01
9.1052e-01
9.1048e-01
9.1010e-01
9.0754e-01
9.0923e-01
9.0521e-01
9.0884e-01
9.0726e-01
9.0738e-01
9.0801e-01
9.0747e-01
9.0715e-01
9.0487e-01
9.0570e-01
9.1068e-01
9.0614e-01
9.0535e-01
9.0891e-01
9.1252e-01
9.0682e-01
9.0467e-01
9.0928e-01
9.0919e-01
9.0610e-01
9.0998e-01
9.1032e-01
9.0721e-01
9.0729e-01
9.0683e-01
9.0513e-01
9.0917e-01
9.0793e-01
9.0841e-01
9.0966e-01
9.0663e-01
9.1016e-01
9.0756e-01
9.0854e-01
9.0993e-01
9.0657e-01
9.0879e-01
9.0833e-01
9.0971e-01
9.0711e-01
9.0814e-01
9.0732e-01
9.0865e-01
9.0716e-01
9.0962e-01
9.0738e-01
9.0829e-01
9.0730e-01
9.0449e-01
9.0822e-01
9.0704e-01
9.0730e-01
9.0821e-01
9.1306e-01
9.0921e-01
9.0877e-01
9.0827e-01
9.0965e-01
9.0663e-01
9.0706e-01
9.0956e-01
9.0949e-01
9.0687e-01
9.0908e-01
9.0650e-01
9.0733e-01
9.0896e-01
9.0931e-01
9.0788e-01
9.0790e-01
9.0726e-01
9.0906e-01
9.0725e-01
9.1263e-01
9.0605e-01
9.1022e-01
9.0872e-01
9.0661e-01
9.0997e-01
9.0771e-01
9.0972e-01
9.0668e-01
9.0948e-01
9.0889e-01
9.1046e-01
9.0767e-01
9.0775e-01
9.0898e-01
9.0597e-01
9.0865e-01
9.0641e-01
9.0700e-01
9.0863e-01
9.0693e-01
9.0859e-01
9.0882e-01
9.0798e-01
9.0932e-01
9.0915e-01
9.0601e-01
9.0895e-01
9.0697e-01
9.1024e-01
9.0848e-01
9.0896e-01
9.0561e-01
9.0668e-01
9.0682e-01
9.0639e-01
9.0722e-01
9.1013e-01
9.0983e-01
9.0823e-01
9.0839e-01
9.0750e-01
9.0762e-01
9.0869e-01
9.0891e-01
9.1244e-01
9.0934e-01
9.0868e-01
9.0791e-01
9.0517e-01
9.0795e-01
9.0603e-01
9.0705e-01
9.0952e-01
9.0879e-01
9.0823e-01
9.1092e-01
9.0754e-01
9.0750e-01
9.0923e-01
9.0831e-01
9.0718e-01
9.0609e-01
9.0788e-01
9.0824e-01
9.0878e-01
9.0524e-01
9.0758e-01
9.0825e-01
9.0888e-01
9.0726e-01
9.0973e-01
9.0991e-01
9.0649e-01
9.0944e-01
9.0821e-01
9.0626e-01
9.0726e-01
9.0713e-01
9.0802e-01
9.0699e-01
9.0783e-01
9.0954e-01
9.1085e-01
9.0987e-01
9.0541e-01
9.0787e-01
9.0873e-01
9.0946e-01
9.0866e-01
9.0783e-01
9.0782e-01
9.0959e-01
9.0552e-01
9.0735e-01
9.0594e-01
9.0996e-01
9.0454e-01
9.0627e-01
9.1088e-01
9.0539e-01
9.0741e-01
9.1113e-01
9.0871e-01
9.0587e-01
9.0860e-01
9.0948e-01
9.0948e-01
9.0807e-01
9.0754e-01
9.0881e-01
9.0888e-01
9.0745e-01
9.0776e-01
9.0937e-01
9.0630e-01
9.0656e-01
9.0816e-01
9.0811e-01
9.0967e-01
9.0890e-01
9.0756e-01
9.0794e-01
9.0713e-01
9.0511e-01
9.0540e-01
9.0716e-01
9.0981e-01
9.1185e-01
9.0803e-01
9.0575e-01
9.0676e-01
9.1284e-01
9.0783e-01
9.0868e-01
9.0947e-01
9.0965e-01
9.0693e-01
9.0607e-01
9.0727e-01
9.0571e-01
9.1055e-01
9.0701e-01
9.0622e-01
9.0658e-01
9.0774e-01
9.0955e-01
9.0749e-01
9.0843e-01
9.0792e-01
9.0584e-01
9.0868e-01
9.0943e-01
9.0536e-01
9.0831e-01
9.0712e-01
9.0712e-01
9.0615e-01
9.0734e-01
9.0591e-01
9.0630e-01
9.0809e-01
9.0759e-01
9.0880e-01
9.0813e-01
9.1079e-01
9.0635e-01
9.0850e-01
9.0755e-01
9.1027e-01
9.0549e-01
9.0779e-01
9.0758e-01
9.0890e-01
9.0785e-01
9.0744e-01
9.0687e-01
9.0878e-01
9.1099e-01
9.1076e-01
9.0977e-01
9.0745e-01
9.0577e-01
9.1025e-01
9.0871e-01
9.1040e-01
9.1037e-01
9.0786e-01
9.0779e-01
9.0651e-01
9.0756e-01
9.0732e-01
9.0825e-01
9.0807e-01
9.0808e-01
9.0695e-01
9.0733e-01
9.0714e-01
9.0838e-01
9.0790e-01
9.0960e-01
9.0576e-01
9.0783e-01
9.0318e-01
9.1033e-01
9.0666e-01
9.1302e-01
9.0572e-01
9.0659e-01
9.0944e-01
9.0696e-01
9.0729e-01
9.0695e-01
9.0609e-01
9.0741e-01
9.0772e-01
9.0854e-01
9.1029e-01
9.0930e-01
9.0827e-01
9.1020e-01
9.1151e-01
9.0678e-01
9.0462e-01
9.0872e-01
9.0993e-01
9.0753e-01
9.0993e-01
9.0373e-01
9.0743e-01
9.0660e-01
9.0545e-01
9.0763e-01
9.0631e-01
9.0898e-01
9.0548e-01
9.0739e-01
9.1097e-01
9.0454e-01
9.0795e-01
9.0720e-01
9.0881e-01
9.0826e-01
9.0652e-01
9.0701e-01
9.0842e-01
9.0855e-01
9.0882e-01
9.0992e-01
9.1021e-01
9.0654e-01
9.0496e-01
9.0864e-01
9.1089e-01
9.0610e-01
9.0700e-01
9.0615e-01
9.1028e-01
9.0896e-01
9.0863e-01
9.0715e-01
9.1050e-01
9.0562e-01
9.0594e-01
9.0568e-01
9.0681e-01
9.0773e-01
9.0665e-01
9.0901e-01
9.0591e-01
9.1165e-01
9.0790e-01
9.0828e-01
9.0901e-01
9.0986e-01
9.0984e-01
9.0574e-01
9.0792e-01
9.0726e-01
9.0634e-01
9.1082e-01
9.0951e-01
9.0730e-01
9.0732e-01
9.1150e-01
9.1185e-01
9.0945e-01
9.0526e-01
9.0800e-01
9.0756e-01
9.0655e-01
9.0630e-01
9.0475e-01
9.0855e-01
9.0930e-01
9.0492e-01
9.0962e-01
9.0784e-01
9.0695e-01
9.0700e-01
9.0611e-01
9.1221e-01
9.0787e-01
9.0904e-01
9.0726e-01
9.0953e-01
9.0818e-01
9.0682e-01
9.0724e-01
9.0599e-01
9.0765e-01
9.0665e-01
9.0789e-01
9.0831e-01
9.0693e-01
9.0793e-01
9.0522e-01
9.0778e-01
9.0630e-01
9.1002e-01
9.0885e-01
9.1347e-01
9.0789e-01
9.0970e-01
9.0594e-01
9.0913e-01
9.0838e-01
9.0838e-01
9.0854e-01
9.0966e-01
9.1018e-01
9.0635e-01
9.0908e-01
9.0741e-01
9.0691e-01
9.0819e-01
9.0886e-01
9.0923e-01
9.0699e-01
9.0664e-01
9.0966e-01
9.0861e-01
9.0704e-01
9.0813e-01
9.0747e-01
9.0799e-01
9.0560e-01
9.0757e-01
9.0915e-01
9.0498e-01
9.0743e-01
9.0829e-01
9.0998e-01
9.0274e-01
9.0707e-01
9.0708e-01
9.0699e-01
9.0652e-01
9.0727e-01
9.0995e-01
9.1089e-01
9.0999e-01
9.0473e-01
9.0789e-01
9.1106e-01
9.0663e-01
9.0823e-01
9.0975e-01
9.0383e-01
9.0932e-01
9.1041e-01
9.0685e-01
9.0769e-01
9.0708e-01
9.0691e-01
9.0816e-01
9.0785e-01
9.1160e-01
9.0702e-01
9.0835e-01
9.1015e-01
9.0811e-01
9.0598e-01
9.1114e-01
9.0905e-01
9.0998e-01
9.0803e-01
9.0828e-01
9.1087e-01
9.0781e-01
9.0795e-01
9.0794e-01
9.1051e-01
9.0880e-01
9.0668e-01
9.0536e-01
9.1081e-01
9.0933e-01
9.0792e-01
9.0986e-01
9.1053e-01
9.0868e-01
9.0626e-01
9.0898e-01
9.0906e-01
9.0810e-01
9.0808e-01
9.0599e-01
9.0977e-01
9.1147e-01
9.0745e-01
9.0686e-01
9.0651e-01
9.1030e-01
9.0748e-01
9.0937e-01
9.0828e-01
9.0962e-01
9.0869e-01
9.0954e-01
9.0734e-01
9.0827e-01
9.0776e-01
9.0970e-01
9.1007e-01
9.0706e-01
9.0791e-01
9.0796e-01
9.0956e-01
9.0616e-01
9.0831e-01
9.0959e-01
9.1012e-01
9.0629e-01
9.0669e-01
9.0616e-01
9.0883e-01
9.0958e-01
9.0925e-01
9.0929e-01
9.1114e-01
9.0924e-01
9.0540e-01
9.0888e-01
9.0725e-01
9.1148e-01
9.0652e-01
9.1002e-01
9.0836e-01
9.1084e-01
9.1054e-01
9.1253e-01
9.0790e-01
9.0932e-01
9.1024e-01
9.0763e-01
9.0869e-01
9.0832e-01
9.1172e-01
9.0690e-01
9.0798e-01
9.0837e-01
9.0627e-01
9.0814e-01
9.0893e-01
9.0897e-01
9.0798e-01
9.1105e-01
9.0511e-01
9.0532e-01
9.0763e-01
9.0811e-01
9.0777e-01
9.0612e-01
9.0868e-01
9.1043e-01
9.0725e-01
9.1118e-01
9.0769e-01
9.0877e-01
9.0859e-01
9.0864e-01
9.0577e-01
9.0895e-01
9.0971e-01
9.0518e-01
9.0758e-01
9.1062e-01
9.0569e-01
9.0786e-01
9.0934e-01
9.1035e-01
9.0632e-01
9.1123e-01
9.0857e-01
9.0957e-01
9.1139e-01
9.0639e-01
9.0872e-01
9.0830e-01
9.0552e-01
9.0605e-01
9.0762e-01
9.0918e-01
9.0885e-01
9.0839e-01
9.0570e-01
9.0747e-01
9.0869e-01
9.0765e-01
9.0846e-01
9.0909e-01
9.0816e-01
9.0736e-01
9.0781e-01
9.0814e-01
9.0686e-01
9.0855e-01
9.0779e-01
9.0844e-01
9.0652e-01
9.0865e-01
9.0948e-01
9.0836e-01
9.0981e-01
9.0811e-01
9.0873e-01
9.1251e-01
9.1158e-01
9.0968e-01
9.0837e-01
9.0927e-01
9.0937e-01
9.0861e-01
9.0718e-01
9.0800e-01
9.0727e-01
9.0857e-01
9.0863e-01
9.0944e-01
9.0846e-01
9.0825e-01
9.0781e-01
9.0889e-01
9.0470e-01
9.0774e-01
9.0637e-01
9.0991e-01
9.0857e-01
9.1143e-01
9.0849e-01
9.0724e-01
9.0870e-01
9.0725e-01
9.0945e-01
9.0829e-01
9.0870e-01
9.1019e-01
9.0748e-01
9.0903e-01
9.0920e-01
9.0847e-01
9.1183e-01
9.0706e-01
9.0632e-01
9.0862e-01
9.0997e-01
9.1084e-01
9.0632e-01
9.0660e-01
9.1093e-01
9.0803e-01
9.0716e-01
9.0762e-01
9.0768e-01
9.1026e-01
9.1171e-01
9.1083e-01
9.0961e-01
9.0685e-01
9.0927e-01
9.0916e-01
9.0820e-01
9.1084e-01
9.0991e-01
9.0815e-01
9.0911e-01
9.0718e-01
9.0901e-01
9.0746e-01
9.0582e-01
9.0668e-01
9.0707e-01
9.0612e-01
9.0863e-01
9.1083e-01
9.0888e-01
9.0936e-01
9.0688e-01
9.0613e-01
9.0746e-01
9.0961e-01
9.0808e-01
9.1150e-01
9.0787e-01
9.0678e-01
9.0740e-01
9.0926e-01
9.0906e-01
9.0777e-01
9.0773e-01
9.0501e-01
9.0875e-01
9.0772e-01
9.0832e-01
9.0563e-01
9.0967e-01
9.1117e-01
9.1016e-01
9.0532e-01
9.0901e-01
9.0807e-01
9.0773e-01
9.0980e-01
9.0537e-01
9.0939e-01
9.0783e-01
9.0952e-01
9.0968e-01
9.0866e-01
9.0717e-01
9.0618e-01
9.0710e-01
9.0928e-01
9.0684e-01
9.0716e-01
9.1012e-01
9.1277e-01
9.0823e-01
9.0948e-01
9.1070e-01
9.0658e-01
9.0901e-01
9.0901e-01
9.0669e-01
9.0823e-01
9.0996e-01
9.0598e-01
9.1033e-01
9.1029e-01
9.0754e-01
9.0846e-01
9.0546e-01
9.1074e-01
9.1216e-01
9.0732e-01
9.0567e-01
9.0774e-01
9.0749e-01
9.0756e-01
9.0800e-01
9.0750e-01
9.0737e-01
9.1138e-01
9.0663e-01
9.0856e-01
9.0937e-01
9.1073e-01
9.0418e-01
9.0910e-01
9.0739e-01
9.0747e-01
9.0834e-01
9.0882e-01
9.0905e-01
9.0898e-01
9.0854e-01
9.0838e-01
9.0848e-01
9.0838e-01
9.0763e-01
9.0818e-01
9.1138e-01
9.1006e-01
9.0750e-01
9.0729e-01
9.0937e-01
9.0899e-01
9.0709e-01
9.0859e-01
9.0979e-01
9.0754e-01
9.0730e-01
9.0752e-01
9.0889e-01
9.0670e-01
9.0673e-01
9.0797e-01
9.1082e-01
9.0803e-01
9.0933e-01
9.0818e-01
9.0887e-01
9.0934e-01
9.0871e-01
9.0838e-01
9.0999e-01
9.0728e-01
9.0740e-01
9.0869e-01
9.0623e-01
9.0475e-01
9.0837e-01
9.0761e-01
9.0886e-01
9.0964e-01
9.0872e-01
9.1035e-01
9.0953e-01
9.0907e-01
9.0717e-01
9.0795e-01
9.0971e-01
9.0925e-01
9.0644e-01
9.0834e-01
9.0874e-01
9.0781e-01
9.0881e-01
9.0688e-01
9.0780e-01
9.0888e-01
9.0611e-01
9.1241e-01
9.0816e-01
9.0483e-01
9.0853e-01
9.0591e-01
9.0980e-01
9.0908e-01
9.0534e-01
9.0742e-01
9.0640e-01
9.0965e-01
9.0523e-01
9.0540e-01
9.0819e-01
9.0594e-01
9.1081e-01
9.1091e-01
9.0699e-01
9.0906e-01
9.0582e-01
9.0723e-01
9.1012e-01
9.0775e-01
9.0408e-01
9.0921e-01
9.0642e-01
9.0944e-01
9.0783e-01
9.1239e-01
9.0928e-01
9.0833e-01
9.0431e-01
9.0703e-01
9.0931e-01
9.0854e-01
9.0994e-01
9.0674e-01
9.1134e-01
9.0769e-01
9.0761e-01
9.0920e-01
9.0868e-01
9.0986e-01
9.0868e-01
9.0897e-01
9.1204e-01
9.0857e-01
9.0776e-01
9.1048e-01
9.0906e-01
9.0958e-01
9.0583e-01
9.0827e-01
9.0630e-01
9.0744e-01
9.0726e-01
9.0723e-01
9.0570e-01
9.1248e-01
9.0540e-01
9.0701e-01
9.0777e-01
9.0444e-01
9.0838e-01
9.0847e-01
9.0645e-01
9.0662e-01
9.1046e-01
9.0958e-01
9.1089e-01
9.0587e-01
9.0805e-01
9.0873e-01
9.1042e-01
9.0733e-01
9.0851e-01
9.0637e-01
9.0926e-01
9.0627e-01
9.0994e-01
9.0763e-01
9.0749e-01
9.0855e-01
9.0851e-01
9.0754e-01
9.0799e-01
9.0870e-01
9.0994e-01
9.1149e-01
9.0639e-01
9.0765e-01
9.0838e-01
9.0972e-01
9.0828e-01
9.0498e-01
9.0753e-01
9.0660e-01
9.0936e-01
9.0946e-01
9.0567e-01
9.0885e-01
9.0989e-01
9.0876e-01
9.0944e-01
9.0941e-01
9.0949e-01
9.0891e-01
9.0821e-01
9.0903e-01
9.0905e-01
9.1225e-01
9.0797e-01
9.0949e-01
9.0929e-01
9.0523e-01
9.0562e-01
9.0916e-01
9.0768e-01
9.0915e-01
9.1033e-01
9.0921e-01
9.1023e-01
9.0846e-01
9.0813e-01
9.0748e-01
9.0865e-01
9.0679e-01
9.1058e-01
9.0541e-01
9.0857e-01
9.0538e-01
9.0819e-01
9.0737e-01
9.0863e-01
9.0907e-01
9.0635e-01
9.1056e-01
9.0988e-01
9.0453e-01
9.1056e-01
9.1031e-01
9.0736e-01
9.0813e-01
9.0833e-01
9.0615e-01
9.0647e-01
9.0925e-01
9.0692e-01
9.0824e-01
9.0872e-01
9.0663e-01
9.0827e-01
9.1134e-01
9.0679e-01
9.0716e-01
9.0835e-01
9.0765e-01
9.0821e-01
9.0836e-01
9.0748e-01
9.0760e-01
9.0721e-01
9.0856e-01
9.0564e-01
9.0794e-01
9.0669e-01
9.0655e-01
9.1046e-01
9.0574e-01
9.0547e-01
9.0551e-01
9.0877e-01
9.0720e-01
9.1082e-01
9.0780e-01
9.0633e-01
9.0931e-01
9.0663e-01
9.1219e-01
9.0887e-01
9.0724e-01
9.0743e-01
9.0764e-01
9.0649e-01
9.0817e-01
9.0914e-01
9.1012e-01
9.1057e-01
9.0689e-01
9.0789e-01
9.0867e-01
9.0923e-01
9.0971e-01
9.0752e-01
9.0925e-01
9.0969e-01
9.0774e-01
9.0688e-01
9.1030e-01
9.0689e-01
9.0813e-01
9.0687e-01
9.1038e-01
9.0952e-01
9.0741e-01
9.0676e-01
9.0926e-01
9.0819e-01
9.0836e-01
9.0706e-01
9.0864e-01
9.0784e-01
9.0795e-01
9.0669e-01
9.0509e-01
9.0704e-01
9.0981e-01
9.0963e-01
9.0648e-01
9.0623e-01
9.0874e-01
9.0598e-01
9.0873e-01
9.0901e-01
9.0737e-01
9.0685e-01
9.0982e-01
9.0881e-01
9.1187e-01
9.0756e-01
9.0750e-01
9.0713e-01
9.0961e-01
9.0755e-01
9.0568e-01
9.0631e-01
9.1020e-01
9.0555e-01
9.0948e-01
9.0703e-01
9.0866e-01
9.0762e-01
9.0948e-01
9.1031e-01
9.1065e-01
9.1002e-01
9.0607e-01
9.1039e-01
9.0924e-01
9.1259e-01
9.1113e-01
9.0874e-01
9.0712e-01
9.0874e-01
9.0642e-01
9.0900e-01
9.0797e-01
9.0584e-01
9.0712e-01
9.0943e-01
9.1111e-01
9.1013e-01
9.0482e-01
9.0783e-01
9.0523e-01
9.1005e-01
9.0952e-01
9.1075e-01
9.1079e-01
9.0769e-01
9.0599e-01
9.0985e-01
9.0845e-01
9.0754e-01
9.0766e-01
9.0964e-01
9.0997e-01
9.0983e-01
9.1092e-01
9.0742e-01
9.0716e-01
9.0677e-01
9.0713e-01
9.0734e-01
9.0818e-01
9.0638e-01
9.0839e-01
9.0749e-01
9.0818e-01
9.1033e-01
9.1170e-01
9.0967e-01
9.0712e-01
9.1034e-01
9.0984e-01
9.0948e-01
9.1025e-01
9.0806e-01
9.0781e-01
9.0724e-01
9.0855e-01
9.0738e-01
9.1341e-01
9.0775e-01
9.1101e-01
9.0558e-01
9.1249e-01
9.0745e-01
9.0715e-01
9.0645e-01
9.0820e-01
9.0414e-01
9.0873e-01
9.0446e-01
9.0629e-01
9.0708e-01
9.0695e-01
9.0837e-01
9.0689e-01
9.0683e-01
9.0695e-01
9.0904e-01
9.0978e-01
9.0860e-01
9.0908e-01
9.0925e-01
9.1015e-01
9.1241e-01
9.0710e-01
9.0559e-01
9.0845e-01
9.1328e-01
9.0750e-01
9.1127e-01
9.0627e-01
9.0815e-01
9.0946e-01
9.0855e-01
9.0623e-01
9.0640e-01
9.0743e-01
9.0846e-01
9.0663e-01
9.0862e-01
9.0586e-01
9.0597e-01
9.0552e-01
9.0789e-01
9.0767e-01
9.0785e-01
9.0883e-01
9.0888e-01
9.1018e-01
9.0924e-01
9.0786e-01
9.0632e-01
9.0768e-01
9.0591e-01
9.0537e-01
9.0871e-01
9.0728e-01
9.0876e-01
9.0734e-01
9.0981e-01
9.0780e-01
9.0729e-01
9.0946e-01
9.0704e-01
9.0727e-01
9.0746e-01
9.1066e-01
9.0737e-01
9.0875e-01
9.0898e-01
9.0948e-01
9.0641e-01
9.0870e-01
9.0969e-01
9.0728e-01
9.1023e-01
9.0909e-01
9.0750e-01
9.0815e-01
9.0801e-01
9.0644e-01
9.0825e-01
9.0633e-01
9.0763e-01
9.0810e-01
9.0754e-01
9.0804e-01
9.0853e-01
9.0824e-01
9.0948e-01
9.0645e-01
9.0835e-01
9.0733e-01
9.0818e-01
9.0832e-01
9.0760e-01
9.0936e-01
9.0634e-01
9.0523e-01
9.1022e-01
9.0722e-01
9.0683e-01
9.1189e-01
9.0740e-01
9.1058e-01
9.0489e-01
9.1057e-01
9.0531e-01
9.1066e-01
9.0931e-01
9.0840e-01
9.0664e-01
9.0790e-01
9.0781e-01
9.0956e-01
9.0844e-01
9.0983e-01
9.0918e-01
9.1085e-01
9.0934e-01
9.0837e-01
9.1076e-01
9.0680e-01
9.0731e-01
9.1298e-01
9.0553e-01
9.0849e-01
9.0769e-01
9.0931e-01
9.1107e-01
9.0899e-01
9.0767e-01
9.0993e-01
9.0764e-01
9.1007e-01
9.1222e-01
9.1080e-01
9.1051e-01
9.1058e-01
9.0864e-01
9.0947e-01
9.0535e-01
9.1199e-01
9.0821e-01
9.0775e-01
9.0934e-01
9.0624e-01
9.0764e-01
9.0732e-01
9.0969e-01
9.0873e-01
9.0701e-01
9.0750e-01
9.0629e-01
9.0696e-01
9.0959e-01
9.0628e-01
9.0844e-01
9.0478e-01
9.0709e-01
9.0856e-01
9.0895e-01
9.0855e-01
9.0823e-01
9.0762e-01
9.0793e-01
9.0930e-01
9.0705e-01
9.0901e-01
9.0767e-01
9.0922e-01
9.0826e-01
9.0986e-01
9.0857e-01
9.0656e-01
9.1270e-01
9.0970e-01
9.0932e-01
9.0954e-01
9.1119e-01
9.0900e-01
9.0781e-01
9.0978e-01
9.0761e-01
9.0803e-01
9.0514e-01
9.0891e-01
9.0631e-01
9.0972e-01
9.0759e-01
9.0772e-01
9.0795e-01
9.0651e-01
9.0646e-01
9.1101e-01
9.0707e-01
9.0771e-01
9.0517e-01
9.0609e-01
9.0858e-01
9.0597e-01
9.0818e-01
9.0827e-01
9.0738e-01
9.0911e-01
9.1217e-01
9.0826e-01
9.0911e-01
9.0778e-01
9.0594e-01
9.0889e-01
9.0972e-01
9.0602e-01
9.0708e-01
9.0734e-01
9.1040e-01
9.1000e-01
9.1109e-01
9.0634e-01
9.0789e-01
9.0911e-01
9.0970e-01
9.0880e-01
9.0762e-01
9.0806e-01
9.0393e-01
9.1062e-01
9.0721e-01
9.0671e-01
9.0687e-01
9.0588e-01
9.0795e-01
9.0505e-01
9.0934e-01
9.0744e-01
9.0855e-01
9.0908e-01
9.0407e-01
9.0852e-01
9.0790e-01
9.0774e-01
9.0710e-01
9.0879e-01
9.1107e-01
9.1140e-01
9.0953e-01
9.1035e-01
9.0832e-01
9.0857e-01
9.0936e-01
9.0866e-01
9.0699e-01
9.0729e-01
9.1004e-01
9.1125e-01
9.1030e-01
9.0679e-01
9.0878e-01
9.0597e-01
9.0969e-01
9.1136e-01
9.0859e-01
9.0811e-01
9.0842e-01
9.0614e-01
9.0943e-01
9.0779e-01
9.0535e-01
9.1015e-01
9.0788e-01
9.0878e-01
9.0790e-01
9.0749e-01
9.0765e-01
9.0654e-01
9.0676e-01
9.0742e-01
9.0953e-01
9.0727e-01
9.0968e-01
9.1005e-01
9.0760e-01
9.0656e-01
9.1421e-01
9.0892e-01
9.0885e-01
9.0933e-01
9.0870e-01
9.0540e-01
9.1030e-01
9.0729e-01
9.0969e-01
9.0883e-01
9.0794e-01
9.0551e-01
9.0566e-01
9.0588e-01
9.0401e-01
9.0868e-01
9.0959e-01
9.0743e-01
9.0674e-01
9.1000e-01
9.0573e-01
9.0995e-01
9.0905e-01
9.1033e-01
9.0954e-01
9.0533e-01
9.0776e-01
9.0747e-01
9.1016e-01
9.0818e-01
9.0858e-01
9.0718e-01
9.0548e-01
9.0434e-01
9.0922e-01
9.0977e-01
9.1005e-01
9.1010e-01
9.0893e-01
9.0873e-01
9.0920e-01
9.0880e-01
9.0845e-01
9.0908e-01
9.0761e-01
9.1184e-01
9.1255e-01
9.0843e-01
9.0914e-01
9.0734e-01
9.0762e-01
9.0818e-01
9.0868e-01
9.1120e-01
9.0640e-01
9.0766e-01
9.0636e-01
9.0734e-01
9.0644e-01
9.0740e-01
9.0745e-01
9.0946e-01
9.0533e-01
9.1035e-01
9.0746e-01
9.0849e-01
9.0822e-01
9.0808e-01
9.0820e-01
9.0866e-01
9.0823e-01
9.0765e-01
9.1033e-01
9.0681e-01
9.0428e-01
9.0393e-01
9.0389e-01
9.0811e-01
9.0629e-01
9.0814e-01
9.0895e-01
9.1134e-01
9.0822e-01
9.0715e-01
9.0658e-01
9.0844e-01
9.0780e-01
9.0829e-01
9.0501e-01
9.0779e-01
9.0660e-01
9.0938e-01
9.1032e-01
9.0951e-01
9.0541e-01
9.1053e-01
9.0758e-01
9.0799e-01
9.0761e-01
9.0857e-01
9.0875e-01
9.0750e-01
9.1116e-01
9.1040e-01
9.0759e-01
9.0661e-01
9.0950e-01
9.0929e-01
9.0878e-01
9.1036e-01
9.0755e-01
9.0597e-01
9.1275e-01
9.0922e-01
9.0907e-01
9.0982e-01
9.1064e-01
9.0547e-01
9.1238e-01
9.0761e-01
9.0700e-01
9.0644e-01
9.0917e-01
9.0814e-01
9.0745e-01
9.0916e-01
9.1113e-01
9.0811e-01
9.0807e-01
9.0620e-01
9.0682e-01
9.0833e-01
9.0770e-01
9.1005e-01
9.0847e-01
9.0588e-01
9.0812e-01
9.1075e-01
9.0628e-01
9.0886e-01
9.1013e-01
9.1012e-01
9.0574e-01
9.0609e-01
9.0731e-01
9.0646e-01
9.0628e-01
9.0663e-01
9.0755e-01
9.0870e-01
9.0683e-01
9.0679e-01
9.0791e-01
9.0894e-01
9.0720e-01
9.0720e-01
9.0984e-01
9.1021e-01
9.0921e-01
9.0718e-01
9.0649e-01
9.1079e-01
9.0892e-01
9.0884e-01
9.0779e-01
9.1054e-01
9.0749e-01
9.0456e-01
9.0947e-01
9.0612e-01
9.0716e-01
9.0698e-01
9.0834e-01
9.1029e-01
9.1211e-01
9.0491e-01
9.0630e-01
9.0786e-01
9.0924e-01
9.0686e-01
9.0720e-01
9.0801e-01
9.0570e-01
9.0934e-01
9.0680e-01
9.0741e-01
9.0747e-01
9.0837e-01
9.0607e-01
9.0481e-01
9.0719e-01
9.0700e-01
9.0944e-01
9.0893e-01
9.0663e-01
9.0466e-01
9.0835e-01
9.0880e-01
9.1073e-01
9.0781e-01
9.0635e-01
9.1017e-01
9.0977e-01
9.0778e-01
9.1098e-01
9.0832e-01
9.0568e-01
9.1025e-01
9.0847e-01
9.0871e-01
9.0764e-01
9.0701e-01
9.0978e-01
9.0887e-01
9.0702e-01
9.0968e-01
9.0935e-01
9.0912e-01
9.0737e-01
9.0937e-01
9.0776e-01
9.0854e-01
9.1007e-01
9.0690e-01
9.0594e-01
9.0812e-01
9.0931e-01
9.0780e-01
9.0867e-01
9.0609e-01
9.0919e-01
9.0930e-01
9.0792e-01
9.0844e-01
9.0778e-01
9.0818e-01
9.0663e-01
9.0884e-01
9.0807e-01
9.0967e-01
9.0800e-01
9.0555e-01
9.0735e-01
9.0618e-01
9.1030e-01
9.0917e-01
9.1258e-01
9.0602e-01
9.0734e-01
9.0830e-01
9.0968e-01
9.0638e-01
9.0677e-01
9.0851e-01
9.0806e-01
9.0761e-01
9.1044e-01
9.0440e-01
9.0839e-01
9.0819e-01
9.0810e-01
9.1186e-01
9.0885e-01
9.0809e-01
9.0704e-01
9.0806e-01
9.0349e-01
9.0328e-01
9.0920e-01
9.0744e-01
9.0786e-01
9.1056e-01
9.0870e-01
9.0925e-01
9.0802e-01
9.0559e-01
9.0817e-01
9.0812e-01
9.0501e-01
9.0663e-01
9.0851e-01
9.0808e-01
9.0681e-01
9.0958e-01
9.0845e-01
9.0945e-01
9.0963e-01
9.0573e-01
9.0541e-01
9.0639e-01
9.0534e-01
9.0754e-01
9.0687e-01
9.0919e-01
9.0826e-01
9.1020e-01
9.0959e-01
9.0742e-01
9.0872e-01
9.0756e-01
9.1126e-01
9.0702e-01
9.0718e-01
9.0827e-01
9.0974e-01
9.0915e-01
9.0873e-01
9.0864e-01
9.0828e-01
9.0808e-01
9.1072e-01
9.0886e-01
9.0560e-01
9.0786e-01
9.0875e-01
9.0676e-01
9.0736e-01
9.0812e-01
9.0667e-01
9.0582e-01
9.0814e-01
9.0910e-01
9.1130e-01
9.0845e-01
9.0553e-01
9.1099e-01
9.0796e-01
9.0627e-01
9.0753e-01
9.0979e-01
9.0579e-01
9.0600e-01
9.0766e-01
9.1016e-01
9.0871e-01
9.0878e-01
9.1358e-01
9.0641e-01
9.0861e-01
9.0759e-01
9.0721e-01
9.0506e-01
9.0745e-01
9.0813e-01
9.0627e-01
9.1102e-01
9.0758e-01
9.0856e-01
9.0797e-01
9.0731e-01
9.1082e-01
9.0794e-01
9.0971e-01
9.0992e-01
9.0569e-01
9.0972e-01
9.0355e-01
9.0877e-01
9.0991e-01
9.0761e-01
9.0700e-01
9.0669e-01
9.0898e-01
9.0683e-01
9.0760e-01
9.1399e-01
9.0759e-01
9.0889e-01
9.0673e-01
9.0750e-01
9.0614e-01
9.0834e-01
9.0767e-01
9.0250e-01
9.1376e-01
9.0802e-01
9.0757e-01
9.0924e-01
9.0794e-01
9.0999e-01
9.0782e-01
9.0635e-01
9.0785e-01
9.0857e-01
9.0618e-01
9.0773e-01
9.0770e-01
9.0842e-01
9.1040e-01
9.0823e-01
9.0974e-01
9.0860e-01
9.1005e-01
9.0933e-01
9.0893e-01
9.0689e-01
9.0759e-01
9.0765e-01
9.0575e-01
9.1007e-01
9.1005e-01
9.0874e-01
9.0843e-01
9.0935e-01
9.0813e-01
9.1128e-01
9.0995e-01
9.0653e-01
9.0645e-01
9.0871e-01
9.1185e-01
9.0829e-01
9.0583e-01
9.0836e-01
9.0781e-01
9.0843e-01
9.0796e-01
9.1323e-01
9.0913e-01
9.0579e-01
9.0507e-01
9.1068e-01
9.0774e-01
9.1097e-01
9.1119e-01
9.0912e-01
9.0665e-01
9.0954e-01
9.1064e-01
9.0943e-01
9.0822e-01
9.0723e-01
9.0896e-01
9.0846e-01
9.0750e-01
9.1010e-01
9.0404e-01
9.0788e-01
9.0734e-01
9.0607e-01
9.0772e-01
9.0663e-01
9.0965e-01
9.0698e-01
9.0675e-01
9.0604e-01
9.0882e-01
9.0912e-01
9.0792e-01
9.0638e-01
9.0868e-01
9.0496e-01
9.0780e-01
9.0502e-01
9.0401e-01
9.0901e-01
9.1088e-01
9.0583e-01
9.0946e-01
9.0907e-01
9.0986e-01
9.1122e-01
9.0852e-01
9.0955e-01
9.0723e-01
9.0763e-01
9.0796e-01
9.0903e-01
9.1057e-01
9.0759e-01
9.0541e-01
9.0492e-01
9.0462e-01
9.0720e-01
9.0888e-01
9.0949e-01
9.0875e-01
9.0997e-01
9.0766e-01
9.0863e-01
9.0626e-01
9.0828e-01
9.0956e-01
9.0724e-01
9.0750e-01
9.0659e-01
9.1149e-01
9.1012e-01
9.0846e-01
9.0875e-01
9.0901e-01
9.0815e-01
9.0372e-01
9.0876e-01
9.0848e-01
9.0661e-01
9.0808e-01
9.1020e-01
9.0921e-01
9.0679e-01
9.1163e-01
9.0755e-01
9.0761e-01
9.0662e-01
9.0854e-01
9.0606e-01
9.0834e-01
9.0708e-01
9.0829e-01
9.0669e-01
9.0806e-01
9.0991e-01
9.0652e-01
9.0872e-01
9.1135e-01
9.0805e-01
9.0727e-01
9.0801e-01
9.0675e-01
9.0903e-01
9.0950e-01
9.1043e-01
9.1343e-01
9.0865e-01
9.0622e-01
9.1024e-01
9.1174e-01
9.0780e-01
9.0723e-01
9.0995e-01
9.1172e-01
9.0721e-01
9.0784e-01
9.0777e-01
9.0854e-01
9.0844e-01
9.0570e-01
9.0780e-01
9.0648e-01
9.0858e-01
9.0973e-01
9.0765e-01
9.0953e-01
9.1137e-01
9.0640e-01
9.0961e-01
9.0729e-01
9.0798e-01
9.0701e-01
9.0770e-01
9.0639e-01
9.0867e-01
9.0829e-01
9.0746e-01
9.0955e-01
9.0956e-01
9.1135e-01
9.0736e-01
9.0562e-01
9.0779e-01
9.0701e-01
9.0504e-01
9.0867e-01
9.0766e-01
9.0563e-01
9.0877e-01
9.0603e-01
9.0673e-01
9.0722e-01
9.0989e-01
9.0785e-01
9.0983e-01
9.0571e-01
9.0774e-01
9.0862e-01
9.0944e-01
9.0990e-01
9.0988e-01
9.0604e-01
9.0745e-01
9.0833e-01
9.0726e-01
9.0752e-01
9.0922e-01
9.0875e-01
9.0848e-01
9.1069e-01
9.0485e-01
9.0629e-01
9.0933e-01
9.0736e-01
9.0728e-01
9.0732e-01
9.0901e-01
9.0872e-01
9.0728e-01
9.1006e-01
9.0933e-01
9.0977e-01
9.0767e-01
9.0772e-01
9.0545e-01
9.0635e-01
9.0577e-01
9.0843e-01
9.0389e-01
9.0983e-01
9.0821e-01
9.1005e-01
9.0822e-01
9.1022e-01
9.0808e-01
9.0835e-01
9.0857e-01
9.0756e-01
9.0647e-01
9.0412e-01
9.0720e-01
9.0913e-01
9.0982e-01
9.0804e-01
9.0338e-01
9.0718e-01
9.0842e-01
9.0648e-01
9.0933e-01
9.0993e-01
9.0810e-01
9.0919e-01
9.0485e-01
9.0678e-01
9.0642e-01
9.0989e-01
9.0653e-01
9.0821e-01
9.0600e-01
9.0708e-01
9.0965e-01
9.0934e-01
9.0716e-01
9.0684e-01
9.1037e-01
9.0590e-01
9.1007e-01
9.0844e-01
9.1013e-01
9.0495e-01
9.0748e-01
9.0713e-01
9.0716e-01
9.0436e-01
9.0768e-01
9.0611e-01
9.0915e-01
9.0730e-01
9.0682e-01
9.1010e-01
9.0969e-01
9.0631e-01
9.0688e-01
9.0671e-01
9.0667e-01
9.0621e-01
9.0875e-01
9.0783e-01
9.0830e-01
9.0634e-01
9.0599e-01
9.0815e-01
9.0743e-01
9.0651e-01
9.0626e-01
9.0674e-01
9.0891e-01
9.0514e-01
9.0979e-01
9.0560e-01
9.0834e-01
9.1070e-01
9.0767e-01
9.0860e-01
9.0943e-01
9.0463e-01
9.0867e-01
9.0874e-01
9.0781e-01
9.0726e-01
9.0561e-01
9.0950e-01
9.0952e-01
9.0827e-01
9.0818e-01
9.0939e-01
9.0847e-01
9.0283e-01
9.0673e-01
9.0724e-01
9.0595e-01
9.1071e-01
9.0682e-01
9.0663e-01
9.0697e-01
9.0846e-01
9.0868e-01
9.1147e-01
9.0872e-01
9.0866e-01
9.0612e-01
9.0771e-01
9.0747e-01
9.0887e-01
9.0889e-01
9.0452e-01
9.0504e-01
9.1050e-01
9.1163e-01
9.0886e-01
9.0871e-01
9.1013e-01
9.0444e-01
9.0800e-01
9.0400e-01
9.0724e-01
9.0747e-01
9.0749e-01
9.0848e-01
9.0683e-01
9.0774e-01
9.0594e-01
9.0778e-01
9.0795e-01
9.0769e-01
9.0688e-01
9.1041e-01
9.0955e-01
9.0649e-01
9.0919e-01
9.0839e-01
9.0923e-01
9.0758e-01
9.0869e-01
9.0773e-01
9.0978e-01
9.0794e-01
9.0751e-01
9.0688e-01
9.0839e-01
9.0919e-01
9.0749e-01
9.0706e-01
9.0808e-01
9.0576e-01
9.1002e-01
9.0874e-01
9.0915e-01
9.1004e-01
9.0815e-01
9.0809e-01
9.1069e-01
9.0642e-01
9.0909e-01
9.0685e-01
9.0552e-01
9.0891e-01
9.0973e-01
9.0934e-01
9.0585e-01
9.0983e-01
9.1098e-01
9.0603e-01
9.1147e-01
9.0530e-01
9.0796e-01
9.0967e-01
9.0775e-01
9.0846e-01
9.0627e-01
9.0777e-01
9.0734e-01
9.0864e-01
9.0761e-01
9.0936e-01
9.0946e-01
9.0588e-01
9.0869e-01
9.0813e-01
9.1314e-01
9.0733e-01
9.1162e-01
9.0872e-01
9.1060e-01
9.0757e-01
9.0819e-01
9.0729e-01
9.0758e-01
9.0977e-01
9.0995e-01
9.0996e-01
9.0758e-01
9.0764e-01
9.0697e-01
9.0988e-01
9.0982e-01
9.0931e-01
9.0857e-01
9.0552e-01
9.1230e-01
9.0754e-01
9.0784e-01
9.1160e-01
9.0668e-01
9.0627e-01
9.0684e-01
9.0769e-01
9.0659e-01
9.0791e-01
9.0855e-01
9.0731e-01
9.1083e-01
9.0828e-01
9.0856e-01
9.0506e-01
9.1147e-01
9.0671e-01
9.0786e-01
9.0921e-01
9.1264e-01
9.0744e-01
9.0431e-01
9.0891e-01
9.0599e-01
9.0729e-01
9.0602e-01
9.0683e-01
9.0719e-01
9.0996e-01
9.0595e-01
9.1077e-01
9.0489e-01
9.0632e-01
9.0682e-01
9.0670e-01
9.0878e-01
9.0856e-01
9.0945e-01
9.0751e-01
9.1307e-01
9.0665e-01
9.0792e-01
9.0719e-01
9.1011e-01
9.0750e-01
9.0821e-01
9.0821e-01
9.0765e-01
9.0835e-01
9.0768e-01
9.0912e-01
9.1013e-01
9.0897e-01
9.0895e-01
9.0589e-01
9.0851e-01
9.0869e-01
9.0770e-01
9.0753e-01
9.0868e-01
9.0949e-01
9.1001e-01
9.0895e-01
9.1169e-01
9.0531e-01
9.0822e-01
9.1236e-01
9.0670e-01
9.0833e-01
9.0842e-01
9.0793e-01
9.0729e-01
9.0865e-01
9.1027e-01
9.0775e-01
9.0570e-01
9.0309e-01
9.0658e-01
9.0965e-01
9.0954e-01
9.0715e-01
9.0971e-01
9.0620e-01
9.1423e-01
9.0930e-01
9.0697e-01
9.0827e-01
9.1102e-01
9.0710e-01
9.0717e-01
9.0664e-01
9.0900e-01
9.1168e-01
9.0701e-01
9.0904e-01
9.0966e-01
9.0686e-01
9.0597e-01
9.0622e-01
9.0837e-01
9.0581e-01
9.0710e-01
9.0819e-01
9.0796e-01
9.0864e-01
9.0824e-01
9.0877e-01
9.0970e-01
9.0830e-01
9.0480e-01
9.0758e-01
9.0804e-01
9.0751e-01
9.0671e-01
9.0724e-01
9.0901e-01
9.0873e-01
9.0618e-01
9.0844e-01
9.0834e-01
9.1055e-01
9.0666e-01
9.0946e-01
9.0814e-01
9.0683e-01
9.0751e-01
9.0815e-01
9.0764e-01
9.0779e-01
9.0971e-01
9.0906e-01
9.0797e-01
9.0798e-01
9.0764e-01
9.0777e-01
9.1163e-01
9.0835e-01
9.0748e-01
9.0678e-01
9.0707e-01
9.0543e-01
9.0918e-01
9.0791e-01
9.0948e-01
9.1024e-01
9.0637e-01
9.0796e-01
9.0957e-01
9.0876e-01
9.0458e-01
9.0746e-01
9.0905e-01
9.0420e-01
9.0853e-01
9.0968e-01
9.0746e-01
9.0674e-01
9.1092e-01
9.0820e-01
9.0763e-01
9.0790e-01
9.0705e-01
9.0855e-01
9.0828e-01
9.1393e-01
9.1324e-01
9.0611e-01
9.1054e-01
9.0936e-01
9.0702e-01
9.0921e-01
9.0777e-01
9.0871e-01
9.0776e-01
9.0839e-01
9.0511e-01
9.0678e-01
9.0674e-01
9.0637e-01
9.0881e-01
9.1029e-01
9.0714e-01
9.0561e-01
9.0926e-01
9.0626e-01
9.0568e-01
9.0912e-01
9.0558e-01
9.0713e-01
9.0973e-01
9.0540e-01
9.1017e-01
9.0643e-01
9.0932e-01
9.0875e-01
9.0804e-01
9.0558e-01
9.1060e-01
9.0579e-01
9.0732e-01
9.0722e-01
9.1092e-01
9.1133e-01
9.0707e-01
9.0865e-01
9.0829e-01
9.0798e-01
9.0658e-01
9.0606e-01
9.0720e-01
9.0769e-01
9.0691e-01
9.0805e-01
9.0970e-01
9.0710e-01
9.0754e-01
9.0763e-01
9.1056e-01
9.0914e-01
9.0843e-01
9.0860e-01
9.0869e-01
9.0814e-01
9.0985e-01
9.1215e-01
9.0976e-01
9.0919e-01
9.1158e-01
9.0784e-01
9.0767e-01
9.0881e-01
9.0900e-01
9.0592e-01
9.0780e-01
9.1071e-01
9.0937e-01
9.0818e-01
9.0836e-01
9.0871e-01
9.0630e-01
9.1277e-01
9.1002e-01
9.0861e-01
9.0733e-01
9.0639e-01
9.0775e-01
9.0955e-01
9.0901e-01
9.0827e-01
9.0616e-01
9.0379e-01
9.0956e-01
9.0879e-01
9.0910e-01
9.0793e-01
9.0601e-01
9.0687e-01
9.0671e-01
9.1006e-01
9.0764e-01
9.0948e-01
9.0897e-01
9.0493e-01
9.1075e-01
9.0921e-01
9.1033e-01
9.0844e-01
9.0818e-01
9.0975e-01
9.0716e-01
9.0867e-01
9.0614e-01
9.0615e-01
9.0739e-01
9.0931e-01
9.0697e-01
9.0503e-01
9.0926e-01
9.0645e-01
9.0850e-01
9.0733e-01
9.0861e-01
9.0766e-01
9.0823e-01
9.0505e-01
9.0689e-01
9.0859e-01
9.0898e-01
9.0788e-01
9.0637e-01
9.0791e-01
9.0649e-01
9.1111e-01
9.0760e-01
9.0759e-01
9.0779e-01
9.0690e-01
9.0969e-01
9.1005e-01
9.0919e-01
9.0784e-01
9.0848e-01
9.1007e-01
9.1149e-01
9.0625e-01
9.0808e-01
9.0557e-01
9.0768e-01
9.1242e-01
9.1004e-01
9.0979e-01
9.0846e-01
9.0850e-01
9.0757e-01
9.1016e-01
9.0731e-01
9.1044e-01
9.0838e-01
9.0624e-01
9.0737e-01
9.0859e-01
9.0724e-01
9.0989e-01
9.0982e-01
9.0700e-01
9.0931e-01
9.0981e-01
9.0782e-01
9.0640e-01
9.0711e-01
9.1106e-01
9.0381e-01
9.0831e-01
9.0637e-01
9.0510e-01
9.1140e-01
9.0625e-01
9.0761e-01
9.1069e-01
9.0863e-01
9.0974e-01
9.0838e-01
9.0911e-01
9.0689e-01
9.0825e-01
9.0503e-01
9.0719e-01
9.0715e-01
9.0967e-01
9.0540e-01
9.0783e-01
9.0513e-01
9.0522e-01
9.0809e-01
9.0649e-01
9.0588e-01
9.1190e-01
9.0942e-01
9.0646e-01
9.0586e-01
9.0765e-01
9.1049e-01
9.1101e-01
9.0692e-01
9.0961e-01
9.0809e-01
9.0821e-01
9.0712e-01
9.0829e-01
9.0830e-01
9.0810e-01
9.0645e-01
9.0567e-01
9.1082e-01
9.0888e-01
9.0770e-01
9.0997e-01
9.0991e-01
9.1013e-01
9.0541e-01
9.0979e-01
9.0626e-01
9.0925e-01
9.0747e-01
9.0882e-01
9.1142e-01
9.1109e-01
9.0679e-01
9.0566e-01
9.0847e-01
9.1014e-01
9.0787e-01
9.0776e-01
9.0457e-01
9.0766e-01
9.0693e-01
9.0719e-01
9.1237e-01
9.1089e-01
