9.3463e-01
9.3485e-01
9.4210e-01
9.3256e-01
9.3607e-01
9.3691e-01
9.2737e-01
9.3561e-01
9.3680e-01
9.3125e-01
9.3514e-01
9.3725e-01
9.3054e-01
9.3548e-01
9.3286e-01
9.3673e-01
9.4007e-01
9.4011e-01
9.3376e-01
9.3906e-01
9.4231e-01
9.4111e-01
9.3672e-01
9.4042e-01
9.4034e-01
9.3739e-01
9.3164e-01
9.3491e-01
9.3241e-01
9.3900e-01
9.3367e-01
9.3569e-01
9.3869e-01
9.3992e-01
9.4017e-01
9.3697e-01
9.3031e-01
9.3781e-01
9.3678e-01
9.4641e-01
9.4115e-01
9.3371e-01
9.3592e-01
9.4052e-01
9.3761e-01
9.3582e-01
9.4064e-01
9.4231e-01
9.4008e-01
9.3679e-01
9.4074e-01
9.3848e-01
9.3856e-01
9.3754e-01
9.3299e-01
9.3242e-01
9.4214e-01
9.2975e-01
9.3583e-01
9.2646e-01
9.3138e-01
9.3508e-01
9.3933e-01
9.3561e-01
9.3925e-01
9.3482e-01
9.3485e-01
9.3456e-01
9.4003e-01
9.3651e-01
9.3636e-01
9.3827e-01
9.3877e-01
9.3900e-01
9.3551e-01
9.3456e-01
9.3884e-01
9.3510e-01
9.3379e-01
9.4145e-01
9.3852e-01
9.4153e-01
9.3872e-01
9.3550e-01
9.4092e-01
9.3894e-01
9.4176e-01
9.4165e-01
9.3780e-01
9.4064e-01
9.4138e-01
9.4147e-01
9.3424e-01
9.3440e-01
9.3813e-01
9.3096e-01
9.3383e-01
9.3431e-01
9.3494e-01
9.4093e-01
9.3937e-01
9.4045e-01
9.3661e-01
9.3298e-01
9.3811e-01
9.4321e-01
9.3619e-01
9.3829e-01
9.3324e-01
9.4022e-01
9.3823e-01
9.3563e-01
9.3768e-01
9.3333e-01
9.4180e-01
9.3948e-01
9.3624e-01
9.3875e-01
9.3715e-01
9.3648e-01
9.3381e-01
9.3372e-01
9.3785e-01
9.3471e-01
9.3729e-01
9.3534e-01
9.3208e-01
9.3766e-01
9.3463e-01
9.3797e-01
9.3650e-01
9.3372e-01
9.3732e-01
9.3340e-01
9.3232e-01
9.3574e-01
9.3465e-01
9.3226e-01
9.3599e-01
9.3874e-01
9.3614e-01
9.3901e-01
9.3787e-01
9.3514e-01
9.3450e-01
9.3293e-01
9.3519e-01
9.3154e-01
9.3760e-01
9.3111e-01
9.3172e-01
9.3237e-01
9.3984e-01
9.3125e-01
9.3905e-01
9.3369e-01
9.3741e-01
9.3527e-01
9.4087e-01
9.4170e-01
9.3616e-01
9.3853e-01
9.4020e-01
9.4083e-01
9.4257e-01
9.4102e-01
9.3764e-01
9.2528e-01
9.3644e-01
9.4284e-01
9.3050e-01
9.4309e-01
9.3483e-01
9.3104e-01
9.3798e-01
9.3693e-01
9.3985e-01
9.3324e-01
9.4067e-01
9.3183e-01
9.3787e-01
9.2902e-01
9.4017e-01
9.3435e-01
9.3546e-01
9.4224e-01
9.3699e-01
9.3176e-01
9.2868e-01
9.3532e-01
9.4016e-01
9.3042e-01
9.3823e-01
9.3889e-01
9.3558e-01
9.4105e-01
9.4781e-01
9.3208e-01
9.3508e-01
9.3264e-01
9.3618e-01
9.3130e-01
9.4427e-01
9.3307e-01
9.3600e-01
9.3754e-01
9.3469e-01
9.3777e-01
9.3851e-01
9.3205e-01
9.3288e-01
9.3377e-01
9.3419e-01
9.4160e-01
9.3562e-01
9.2901e-01
9.2820e-01
9.3930e-01
9.3835e-01
9.3751e-01
9.4165e-01
9.3288e-01
9.3717e-01
9.4102e-01
9.3761e-01
9.3674e-01
9.3425e-01
9.4394e-01
9.3794e-01
9.3729e-01
9.3537e-01
9.3705e-01
9.3225e-01
9.3627e-01
9.3826e-01
9.3552e-01
9.2543e-01
9.3977e-01
9.3886e-01
9.3485e-01
9.3402e-01
9.3947e-01
9.3731e-01
9.3432e-01
9.4081e-01
9.3562e-01
9.3285e-01
9.3011e-01
9.3584e-01
9.3882e-01
9.3081e-01
9.3673e-01
9.4055e-01
9.3483e-01
9.3658e-01
9.3305e-01
9.3249e-01
9.3662e-01
9.4169e-01
9.3619e-01
9.3290e-01
9.3170e-01
9.3731e-01
9.3401e-01
9.3180e-01
9.3796e-01
9.4075e-01
9.4372e-01
9.3615e-01
9.3709e-01
9.3783e-01
9.3779e-01
9.2960e-01
9.3657e-01
9.4292e-01
9.3428e-01
9.3313e-01
9.3902e-01
9.4050e-01
9.4390e-01
9.3835e-01
9.4292e-01
9.4028e-01
9.3516e-01
9.3110e-01
9.3205e-01
9.3685e-01
9.3422e-01
9.3598e-01
9.3786e-01
9.3529e-01
9.2893e-01
9.3689e-01
9.3951e-01
9.4059e-01
9.3619e-01
9.3385e-01
9.4038e-01
9.3376e-01
9.3964e-01
9.3707e-01
9.3617e-01
9.4103e-01
9.4201e-01
9.3954e-01
9.3541e-01
9.3858e-01
9.3791e-01
9.4329e-01
9.3405e-01
9.4305e-01
9.3648e-01
9.4192e-01
9.3348e-01
9.4198e-01
9.3821e-01
9.3910e-01
9.4591e-01
9.3776e-01
9.3803e-01
9.3499e-01
9.2974e-01
9.4154e-01
9.3988e-01
9.3603e-01
9.3733e-01
9.3076e-01
9.3615e-01
9.3178e-01
9.3654e-01
9.3604e-01
9.3316e-01
9.4611e-01
9.3891e-01
9.4385e-01
9.3108e-01
9.3807e-01
9.3622e-01
9.4149e-01
9.3450e-01
9.3778e-01
9.4046e-01
9.3984e-01
9.3604e-01
9.3547e-01
9.3029e-01
9.2985e-01
9.3373e-01
9.3983e-01
9.4173e-01
9.4015e-01
9.3417e-01
9.3112e-01
9.3007e-01
9.3600e-01
9.3570e-01
9.3712e-01
9.3564e-01
9.3228e-01
9.2861e-01
9.3824e-01
9.3056e-01
9.3512e-01
9.3725e-01
9.4208e-01
9.3560e-01
9.3551e-01
9.3741e-01
9.3957e-01
9.3135e-01
9.3954e-01
9.3687e-01
9.3373e-01
9.2897e-01
9.4038e-01
9.3764e-01
9.3575e-01
9.3620e-01
9.4327e-01
9.3202e-01
9.3402e-01
9.3466e-01
9.3243e-01
9.3190e-01
9.3656e-01
9.3691e-01
9.4101e-01
9.4134e-01
9.3917e-01
9.3509e-01
9.3990e-01
9.3846e-01
9.4065e-01
9.3795e-01
9.3800e-01
9.3578e-01
9.3812e-01
9.3316e-01
9.3310e-01
9.4101e-01
9.3330e-01
9.3963e-01
9.3170e-01
9.3556e-01
9.2936e-01
9.3893e-01
9.4214e-01
9.3572e-01
9.4038e-01
9.4039e-01
9.3720e-01
9.2996e-01
9.3459e-01
9.3559e-01
9.4026e-01
9.4308e-01
9.3484e-01
9.3369e-01
9.3547e-01
9.3526e-01
9.3662e-01
9.3953e-01
9.3806e-01
9.3471e-01
9.3082e-01
9.3657e-01
9.3736e-01
9.3138e-01
9.3582e-01
9.4226e-01
9.3312e-01
9.3204e-01
9.3988e-01
9.3937e-01
9.3232e-01
9.3845e-01
9.3581e-01
9.3973e-01
9.3454e-01
9.3517e-01
9.3409e-01
9.2922e-01
9.3435e-01
9.4508e-01
9.3782e-01
9.3572e-01
9.4166e-01
9.3063e-01
9.3416e-01
9.2918e-01
9.3599e-01
9.3634e-01
9.3767e-01
9.3521e-01
9.3697e-01
9.3852e-01
9.3315e-01
9.3826e-01
9.4138e-01
9.3808e-01
9.3496e-01
9.4130e-01
9.4031e-01
9.3469e-01
9.2714e-01
9.3813e-01
9.4057e-01
9.3775e-01
9.4435e-01
9.3654e-01
9.3524e-01
9.3419e-01
9.3971e-01
9.3873e-01
9.3723e-01
9.4047e-01
9.3677e-01
9.4640e-01
9.4029e-01
9.3993e-01
9.3145e-01
9.2117e-01
9.3546e-01
9.4258e-01
9.4085e-01
9.4118e-01
9.3536e-01
9.3672e-01
9.3338e-01
9.3465e-01
9.3816e-01
9.3930e-01
9.3835e-01
9.4401e-01
9.3371e-01
9.2831e-01
9.3565e-01
9.4209e-01
9.3911e-01
9.3358e-01
9.3636e-01
9.3549e-01
9.3778e-01
9.4010e-01
9.3663e-01
9.3842e-01
9.3767e-01
9.3242e-01
9.3814e-01
9.3614e-01
9.4292e-01
9.3930e-01
9.3397e-01
9.2943e-01
9.3438e-01
9.4052e-01
9.3569e-01
9.3617e-01
9.3792e-01
9.3642e-01
9.4491e-01
9.4312e-01
9.3272e-01
9.3099e-01
9.3578e-01
9.3195e-01
9.3899e-01
9.3468e-01
9.3690e-01
9.3427e-01
9.3591e-01
9.3469e-01
9.3751e-01
9.3828e-01
9.3239e-01
9.3445e-01
9.2855e-01
9.3731e-01
9.3889e-01
9.3145e-01
9.3201e-01
9.3401e-01
9.3380e-01
9.4196e-01
9.3895e-01
9.3915e-01
9.3504e-01
9.3715e-01
9.3645e-01
9.3737e-01
9.3764e-01
9.3609e-01
9.3656e-01
9.3792e-01
9.3547e-01
9.3022e-01
9.3614e-01
9.3724e-01
9.3527e-01
9.3500e-01
9.3305e-01
9.3257e-01
9.3798e-01
9.4026e-01
9.3311e-01
9.3340e-01
9.4263e-01
9.4406e-01
9.3334e-01
9.4419e-01
9.3494e-01
9.3959e-01
9.4493e-01
9.4258e-01
9.3588e-01
9.3183e-01
9.3857e-01
9.2909e-01
9.2813e-01
9.3579e-01
9.3422e-01
9.3846e-01
9.2701e-01
9.3819e-01
9.3581e-01
9.3821e-01
9.3421e-01
9.3149e-01
9.3702e-01
9.3410e-01
9.3530e-01
9.3817e-01
9.3423e-01
9.4020e-01
9.3632e-01
9.3539e-01
9.3032e-01
9.4426e-01
9.3250e-01
9.3520e-01
9.3352e-01
9.3514e-01
9.3646e-01
9.3371e-01
9.3495e-01
9.4158e-01
9.3076e-01
9.3758e-01
9.3852e-01
9.3209e-01
9.3534e-01
9.3781e-01
9.3587e-01
9.3642e-01
9.4119e-01
9.3067e-01
9.3488e-01
9.3677e-01
9.3153e-01
9.3796e-01
9.3838e-01
9.4365e-01
9.3675e-01
9.4144e-01
9.3305e-01
9.3210e-01
9.3628e-01
9.3647e-01
9.2663e-01
9.3468e-01
9.3707e-01
9.3838e-01
9.4005e-01
9.3791e-01
9.2532e-01
9.3246e-01
9.3726e-01
9.3042e-01
9.3590e-01
9.3775e-01
9.3540e-01
9.3444e-01
9.3757e-01
9.3694e-01
9.3613e-01
9.3260e-01
9.4350e-01
9.3315e-01
9.3772e-01
9.4106e-01
9.3859e-01
9.4032e-01
9.3890e-01
9.3559e-01
9.3644e-01
9.3891e-01
9.3643e-01
9.3537e-01
9.3498e-01
9.4141e-01
9.3067e-01
9.3758e-01
9.3286e-01
9.3830e-01
9.3071e-01
9.3867e-01
9.3855e-01
9.3886e-01
9.3266e-01
9.3762e-01
9.2819e-01
9.3998e-01
9.2994e-01
9.3155e-01
9.3841e-01
9.3159e-01
9.3875e-01
9.3832e-01
9.3435e-01
9.3406e-01
9.3113e-01
9.3318e-01
9.4254e-01
9.2791e-01
9.3106e-01
9.3770e-01
9.4045e-01
9.3775e-01
9.3915e-01
9.3864e-01
9.3594e-01
9.3769e-01
9.3595e-01
9.4553e-01
9.3087e-01
9.3437e-01
9.4125e-01
9.4283e-01
9.3862e-01
9.3850e-01
9.4293e-01
9.3411e-01
9.3241e-01
9.3707e-01
9.3052e-01
9.4160e-01
9.3981e-01
9.3846e-01
9.3051e-01
9.3449e-01
9.3398e-01
9.3617e-01
9.3242e-01
9.3101e-01
9.3188e-01
9.3802e-01
9.3898e-01
9.4128e-01
9.3358e-01
9.3658e-01
9.4172e-01
9.3836e-01
9.3734e-01
9.3942e-01
9.2956e-01
9.4015e-01
9.4094e-01
9.3198e-01
9.3072e-01
9.3311e-01
9.3977e-01
9.3261e-01
9.3221e-01
9.4037e-01
9.3603e-01
9.3958e-01
9.3460e-01
9.3143e-01
9.3861e-01
9.3886e-01
9.3844e-01
9.3914e-01
9.3593e-01
9.3979e-01
9.4328e-01
9.3588e-01
9.4044e-01
9.4051e-01
9.3615e-01
9.3192e-01
9.4393e-01
9.3888e-01
9.3879e-01
9.3759e-01
9.3048e-01
9.3515e-01
9.3548e-01
9.4288e-01
9.4016e-01
9.3498e-01
9.3976e-01
9.3270e-01
9.4405e-01
9.3038e-01
9.2984e-01
9.3634e-01
9.3735e-01
9.3787e-01
9.3809e-01
9.4331e-01
9.3543e-01
9.4006e-01
9.3402e-01
9.3329e-01
9.2998e-01
9.4099e-01
9.3215e-01
9.3590e-01
9.3764e-01
9.3752e-01
9.3830e-01
9.3229e-01
9.3528e-01
9.3658e-01
9.3478e-01
9.3394e-01
9.3572e-01
9.3701e-01
9.2951e-01
9.3249e-01
9.3735e-01
9.3797e-01
9.4200e-01
9.4184e-01
9.3751e-01
9.3393e-01
9.3245e-01
9.3752e-01
9.3886e-01
9.4027e-01
9.3969e-01
9.3543e-01
9.3882e-01
9.3543e-01
9.3318e-01
9.4413e-01
9.3892e-01
9.3545e-01
9.3902e-01
9.3414e-01
9.3433e-01
9.4043e-01
9.3591e-01
9.3779e-01
9.3346e-01
9.3760e-01
9.3557e-01
9.3562e-01
9.3052e-01
9.3508e-01
9.3727e-01
9.3971e-01
9.4243e-01
9.4249e-01
9.4260e-01
9.3565e-01
9.3547e-01
9.3393e-01
9.3191e-01
9.3837e-01
9.3708e-01
9.3755e-01
9.3008e-01
9.3769e-01
9.3766e-01
9.2904e-01
9.3285e-01
9.3776e-01
9.4174e-01
9.3868e-01
9.3327e-01
9.3807e-01
9.3421e-01
9.3572e-01
9.3554e-01
9.3619e-01
9.4039e-01
9.3902e-01
9.3865e-01
9.3782e-01
9.3711e-01
9.3827e-01
9.4156e-01
9.4014e-01
9.3808e-01
9.3377e-01
9.3773e-01
9.3286e-01
9.3410e-01
9.2913e-01
9.3664e-01
9.3543e-01
9.3081e-01
9.3074e-01
9.3545e-01
9.3620e-01
9.3530e-01
9.3605e-01
9.3817e-01
9.3744e-01
9.3425e-01
9.4287e-01
9.3525e-01
9.4483e-01
9.3401e-01
9.4056e-01
9.3491e-01
9.3398e-01
9.3062e-01
9.2820e-01
9.3774e-01
9.3877e-01
9.3092e-01
9.3076e-01
9.3858e-01
9.4096e-01
9.3808e-01
9.4236e-01
9.3628e-01
9.3716e-01
9.3626e-01
9.3703e-01
9.2832e-01
9.3951e-01
9.3248e-01
9.3148e-01
9.3434e-01
9.3438e-01
9.4087e-01
9.3307e-01
9.3575e-01
9.4206e-01
9.3775e-01
9.3476e-01
9.2942e-01
9.3171e-01
9.3788e-01
9.4002e-01
9.4249e-01
9.3633e-01
9.4156e-01
9.3803e-01
9.3585e-01
9.3382e-01
9.3341e-01
9.4393e-01
9.3671e-01
9.3875e-01
9.3843e-01
9.4036e-01
9.3228e-01
9.3268e-01
9.3868e-01
9.3267e-01
9.3023e-01
9.3545e-01
9.3564e-01
9.3929e-01
9.3618e-01
9.3488e-01
9.3716e-01
9.3417e-01
9.3722e-01
9.3676e-01
9.3638e-01
9.3469e-01
9.3814e-01
9.4174e-01
9.3748e-01
9.3373e-01
9.3476e-01
9.4211e-01
9.4036e-01
9.3454e-01
9.4062e-01
9.3357e-01
9.4139e-01
9.3463e-01
9.3323e-01
9.3119e-01
9.3869e-01
9.3273e-01
9.3408e-01
9.3198e-01
9.3916e-01
9.3901e-01
9.4099e-01
9.3032e-01
9.4089e-01
9.3538e-01
9.3286e-01
9.3910e-01
9.3854e-01
9.3460e-01
9.3860e-01
9.3348e-01
9.3606e-01
9.3624e-01
9.3069e-01
9.3669e-01
9.3005e-01
9.4021e-01
9.3411e-01
9.3567e-01
9.3628e-01
9.3856e-01
9.3358e-01
9.3206e-01
9.3403e-01
9.3940e-01
9.3235e-01
9.3191e-01
9.4353e-01
9.3559e-01
9.3748e-01
9.4097e-01
9.3924e-01
9.3619e-01
9.3538e-01
9.3504e-01
9.4553e-01
9.4215e-01
9.3909e-01
9.3595e-01
9.3777e-01
9.3653e-01
9.3578e-01
9.3772e-01
9.3618e-01
9.3975e-01
