9.2485e-01
9.2320e-01
9.3542e-01
9.1664e-01
9.4670e-01
9.3364e-01
9.4691e-01
9.3294e-01
9.3843e-01
9.3552e-01
9.3467e-01
9.3549e-01
9.2835e-01
9.3107e-01
9.3697e-01
9.3506e-01
9.3660e-01
9.2749e-01
9.3531e-01
9.3635e-01
9.2775e-01
9.1985e-01
9.4025e-01
9.3379e-01
9.3147e-01
9.4619e-01
9.2340e-01
9.3107e-01
9.4078e-01
9.4390e-01
9.1909e-01
9.3475e-01
9.3580e-01
9.2341e-01
9.4532e-01
9.3498e-01
9.3652e-01
9.2859e-01
9.2292e-01
9.3074e-01
9.3274e-01
9.3313e-01
9.4328e-01
9.4170e-01
9.3875e-01
9.3365e-01
9.3267e-01
9.3611e-01
9.3587e-01
9.4796e-01
9.3313e-01
9.4291e-01
9.3030e-01
9.3962e-01
9.3736e-01
9.2952e-01
9.3622e-01
9.2710e-01
9.4749e-01
9.3511e-01
9.4027e-01
9.5037e-01
9.2320e-01
9.4903e-01
9.2627e-01
9.3288e-01
9.2422e-01
9.3626e-01
9.3381e-01
9.4184e-01
9.4613e-01
9.4668e-01
9.3764e-01
9.3770e-01
9.1942e-01
9.3447e-01
9.2894e-01
9.2783e-01
9.2952e-01
9.2850e-01
9.2995e-01
9.4678e-01
9.3070e-01
9.3570e-01
9.3394e-01
9.2834e-01
9.3903e-01
9.2760e-01
9.4487e-01
9.2714e-01
9.3088e-01
9.2235e-01
9.2786e-01
9.2207e-01
9.3455e-01
9.2042e-01
9.2080e-01
9.2897e-01
9.2362e-01
9.3640e-01
9.4092e-01
9.3061e-01
9.2938e-01
9.1956e-01
9.4447e-01
9.2879e-01
9.4086e-01
9.3827e-01
9.3194e-01
9.3874e-01
9.3936e-01
9.3950e-01
9.2970e-01
9.3838e-01
9.4510e-01
9.2403e-01
9.3869e-01
9.2899e-01
9.3502e-01
9.4249e-01
9.3932e-01
9.2308e-01
9.4206e-01
9.3605e-01
9.2764e-01
9.6914e-01
9.4306e-01
9.2154e-01
9.4429e-01
9.1985e-01
9.3959e-01
9.2725e-01
9.4442e-01
9.3251e-01
9.3859e-01
9.4506e-01
9.3262e-01
9.4054e-01
9.4190e-01
9.2229e-01
9.2051e-01
9.4647e-01
9.0996e-01
9.3587e-01
9.2978e-01
9.2686e-01
9.1360e-01
9.3102e-01
9.4171e-01
9.2596e-01
9.5048e-01
9.3659e-01
9.4698e-01
9.3341e-01
9.3894e-01
9.2429e-01
9.2728e-01
9.3683e-01
9.3149e-01
9.2925e-01
9.4416e-01
9.3924e-01
9.3105e-01
9.2558e-01
9.2639e-01
9.2498e-01
9.2984e-01
9.3142e-01
9.4028e-01
9.3086e-01
9.2999e-01
9.3532e-01
9.2308e-01
9.3812e-01
9.4772e-01
9.3626e-01
9.4060e-01
9.3178e-01
9.3780e-01
9.2901e-01
9.2899e-01
9.3479e-01
9.4093e-01
9.4673e-01
9.2729e-01
9.4178e-01
9.2721e-01
9.3892e-01
9.3100e-01
9.4374e-01
9.4220e-01
9.3835e-01
9.2957e-01
9.3122e-01
9.2680e-01
9.3368e-01
9.3183e-01
9.3709e-01
9.4027e-01
9.3019e-01
9.3765e-01
9.2604e-01
9.3101e-01
9.2558e-01
9.3205e-01
9.3957e-01
9.3677e-01
9.3694e-01
9.3218e-01
9.3615e-01
9.3893e-01
9.4580e-01
9.3346e-01
9.4106e-01
9.3614e-01
9.2227e-01
9.3045e-01
9.4089e-01
9.1508e-01
9.2740e-01
9.3563e-01
9.3371e-01
9.4106e-01
9.2510e-01
9.1785e-01
9.4869e-01
9.3668e-01
9.2795e-01
9.2895e-01
9.3284e-01
9.3040e-01
9.4059e-01
9.4081e-01
9.2683e-01
9.4767e-01
9.3760e-01
9.3141e-01
9.3428e-01
9.4661e-01
9.3323e-01
9.3415e-01
9.3746e-01
9.4042e-01
9.4761e-01
9.2132e-01
9.3021e-01
9.4835e-01
9.2906e-01
9.3686e-01
9.5011e-01
9.2482e-01
9.3208e-01
9.1913e-01
9.2271e-01
9.3994e-01
9.3524e-01
9.2891e-01
9.6273e-01
9.2847e-01
9.3966e-01
9.3335e-01
9.3902e-01
9.3315e-01
9.3366e-01
9.3771e-01
9.2914e-01
9.4305e-01
9.3882e-01
9.4205e-01
9.3039e-01
9.4178e-01
9.3334e-01
9.4066e-01
9.3095e-01
9.4199e-01
9.3862e-01
9.2535e-01
9.3085e-01
9.3431e-01
9.3834e-01
9.3915e-01
9.4001e-01
9.2763e-01
9.4119e-01
9.2434e-01
9.2793e-01
9.3697e-01
9.3319e-01
9.3925e-01
9.3595e-01
9.2741e-01
9.2450e-01
9.2342e-01
9.2882e-01
9.2863e-01
9.3203e-01
9.3090e-01
9.3224e-01
9.1013e-01
9.3837e-01
9.3994e-01
9.3058e-01
9.4143e-01
9.3723e-01
9.3883e-01
9.4015e-01
9.3854e-01
9.3496e-01
9.4072e-01
9.5464e-01
9.2927e-01
9.3537e-01
9.1798e-01
9.2760e-01
9.2750e-01
9.4177e-01
9.3487e-01
9.2848e-01
9.3150e-01
9.2758e-01
9.2297e-01
9.4723e-01
9.1803e-01
9.1641e-01
9.3591e-01
9.3539e-01
9.3416e-01
9.3429e-01
9.3125e-01
9.2038e-01
9.1954e-01
9.3968e-01
9.1954e-01
9.3871e-01
9.1658e-01
9.4798e-01
9.3822e-01
9.1423e-01
9.2943e-01
9.3617e-01
9.3579e-01
9.3255e-01
9.2438e-01
9.2793e-01
9.3892e-01
9.4719e-01
9.4182e-01
9.4101e-01
9.3156e-01
9.3906e-01
9.3755e-01
9.3968e-01
9.3587e-01
9.2266e-01
9.2751e-01
9.3750e-01
9.3974e-01
9.4697e-01
9.4524e-01
9.3550e-01
9.4865e-01
9.2738e-01
9.3909e-01
9.3404e-01
9.2277e-01
9.3339e-01
9.2990e-01
9.2002e-01
9.3869e-01
9.3383e-01
9.2384e-01
9.3956e-01
9.3049e-01
9.4480e-01
9.2821e-01
9.4804e-01
9.4519e-01
9.3428e-01
9.3500e-01
9.4253e-01
9.3853e-01
9.2346e-01
9.3370e-01
9.3102e-01
9.3949e-01
9.2544e-01
9.3651e-01
9.3131e-01
9.2955e-01
9.4228e-01
9.2758e-01
9.4804e-01
9.2896e-01
9.4207e-01
9.3272e-01
9.3133e-01
9.2008e-01
9.2618e-01
9.3583e-01
9.1545e-01
9.4484e-01
9.3534e-01
9.3770e-01
9.3205e-01
9.4277e-01
9.3637e-01
9.3379e-01
9.3482e-01
9.3029e-01
9.3828e-01
9.3215e-01
9.2359e-01
9.4310e-01
9.2864e-01
9.2552e-01
9.2320e-01
9.3673e-01
9.3628e-01
9.3433e-01
9.2933e-01
9.2954e-01
9.2366e-01
9.3458e-01
9.3820e-01
9.3451e-01
9.5662e-01
9.5398e-01
9.3923e-01
9.3048e-01
9.3273e-01
9.2535e-01
9.4327e-01
9.5201e-01
9.2984e-01
9.2028e-01
9.4323e-01
9.3783e-01
9.4477e-01
9.5212e-01
9.4173e-01
9.2408e-01
9.2366e-01
9.4318e-01
9.2924e-01
9.4090e-01
9.3754e-01
9.3091e-01
9.3372e-01
9.2040e-01
9.4077e-01
9.2463e-01
9.4058e-01
9.2460e-01
9.4702e-01
9.1909e-01
9.2673e-01
9.2464e-01
9.3125e-01
9.3588e-01
9.2669e-01
9.3322e-01
9.3043e-01
9.3228e-01
9.2902e-01
9.3984e-01
9.2558e-01
9.3057e-01
9.3557e-01
9.3100e-01
9.4335e-01
9.3850e-01
9.3852e-01
9.3054e-01
9.2751e-01
9.2897e-01
9.3687e-01
9.2707e-01
9.1706e-01
9.4754e-01
9.1922e-01
9.2656e-01
9.4756e-01
9.2230e-01
9.3327e-01
9.3802e-01
9.3506e-01
9.1867e-01
9.4180e-01
9.3393e-01
9.2758e-01
9.2713e-01
9.3796e-01
9.3313e-01
9.3454e-01
9.1583e-01
9.4240e-01
9.3445e-01
9.2903e-01
9.3825e-01
9.4217e-01
9.3123e-01
9.3323e-01
9.2943e-01
9.4710e-01
9.3051e-01
9.3439e-01
9.3212e-01
9.4991e-01
9.3474e-01
9.3876e-01
9.3072e-01
9.2727e-01
9.3107e-01
9.3232e-01
9.4652e-01
9.4872e-01
9.2879e-01
9.2858e-01
9.4157e-01
9.3133e-01
9.3667e-01
9.3010e-01
9.2634e-01
9.3031e-01
9.1885e-01
9.2799e-01
9.1439e-01
9.2645e-01
9.4000e-01
9.4449e-01
9.2942e-01
9.2438e-01
9.3717e-01
9.3130e-01
9.4019e-01
9.5493e-01
9.1500e-01
9.3615e-01
9.2131e-01
9.4527e-01
9.3589e-01
9.3324e-01
9.3657e-01
9.3295e-01
9.4080e-01
9.4788e-01
9.3529e-01
9.3434e-01
9.3801e-01
9.4077e-01
9.2931e-01
9.3207e-01
9.4105e-01
9.4357e-01
9.2772e-01
9.4237e-01
9.4123e-01
9.3377e-01
9.3461e-01
9.3656e-01
9.3348e-01
9.3022e-01
9.2640e-01
9.2517e-01
9.3370e-01
9.3564e-01
9.1950e-01
9.2662e-01
9.3307e-01
9.2733e-01
9.4981e-01
9.2385e-01
9.3737e-01
9.3822e-01
9.3915e-01
9.3592e-01
9.3370e-01
9.3464e-01
9.3562e-01
9.4181e-01
9.4676e-01
9.2788e-01
9.3135e-01
9.3595e-01
9.2991e-01
9.3224e-01
9.3081e-01
9.2263e-01
9.2564e-01
9.3603e-01
9.4172e-01
9.3672e-01
9.3075e-01
9.3856e-01
9.1012e-01
9.2823e-01
9.5022e-01
9.4272e-01
9.2276e-01
9.4358e-01
9.3570e-01
9.3888e-01
9.2598e-01
9.3399e-01
9.3107e-01
9.3274e-01
9.1730e-01
9.2332e-01
9.3998e-01
9.0391e-01
9.4269e-01
9.3831e-01
9.2240e-01
9.2195e-01
9.4490e-01
9.4599e-01
9.2943e-01
9.3253e-01
9.5141e-01
9.3173e-01
9.3033e-01
9.1978e-01
9.2854e-01
9.3441e-01
9.3011e-01
9.3624e-01
9.3469e-01
9.1199e-01
9.3452e-01
9.3467e-01
9.2763e-01
9.2965e-01
9.4090e-01
9.2596e-01
9.4143e-01
9.5079e-01
9.3029e-01
9.2344e-01
9.2884e-01
9.4213e-01
9.2971e-01
9.3038e-01
9.3171e-01
9.3378e-01
9.3560e-01
9.3872e-01
9.3636e-01
9.3339e-01
9.3791e-01
9.3123e-01
9.3347e-01
9.3172e-01
9.3794e-01
9.3902e-01
9.3657e-01
9.3185e-01
9.3743e-01
9.3965e-01
9.3296e-01
9.2167e-01
9.2728e-01
9.4644e-01
9.3432e-01
9.4570e-01
9.2984e-01
9.4158e-01
9.5194e-01
9.2474e-01
9.4363e-01
9.3131e-01
9.3222e-01
9.3468e-01
9.3088e-01
9.2103e-01
9.3592e-01
9.3961e-01
9.3154e-01
9.3421e-01
9.3017e-01
9.3128e-01
9.3173e-01
9.2011e-01
9.3524e-01
9.2521e-01
9.2468e-01
9.2532e-01
9.4617e-01
9.5003e-01
9.3685e-01
9.3066e-01
9.4374e-01
9.3988e-01
9.3571e-01
9.5001e-01
9.3659e-01
9.3425e-01
9.3189e-01
9.3671e-01
9.2224e-01
9.3363e-01
9.3888e-01
9.2089e-01
9.2400e-01
9.3767e-01
9.2902e-01
9.2863e-01
9.4085e-01
9.3566e-01
9.3098e-01
9.4460e-01
9.3736e-01
9.2070e-01
9.2587e-01
9.4378e-01
9.3955e-01
9.4270e-01
9.3847e-01
9.3207e-01
9.3919e-01
9.3595e-01
9.2975e-01
9.3256e-01
9.4865e-01
9.3683e-01
9.3301e-01
9.3262e-01
9.2725e-01
9.2047e-01
9.3890e-01
9.4017e-01
9.3892e-01
9.4342e-01
9.4056e-01
9.4447e-01
9.2376e-01
9.3274e-01
9.4659e-01
9.2843e-01
9.3494e-01
9.2652e-01
9.2900e-01
9.3207e-01
9.3531e-01
9.3218e-01
9.5299e-01
9.3826e-01
9.2820e-01
9.4236e-01
9.3666e-01
9.3866e-01
9.3165e-01
9.4819e-01
9.3926e-01
9.3624e-01
9.4536e-01
9.3071e-01
9.2890e-01
9.3184e-01
9.4052e-01
9.3823e-01
9.2320e-01
9.4090e-01
9.3111e-01
9.4190e-01
9.3916e-01
9.1192e-01
9.3331e-01
9.5158e-01
9.3476e-01
9.3726e-01
9.2044e-01
9.4010e-01
9.2856e-01
9.5124e-01
9.1768e-01
9.3374e-01
9.3024e-01
9.5210e-01
9.3265e-01
9.4839e-01
9.4867e-01
9.4892e-01
9.4262e-01
9.4563e-01
9.4763e-01
9.3997e-01
9.2238e-01
9.4267e-01
9.4653e-01
9.2839e-01
9.3216e-01
9.2756e-01
9.3657e-01
9.3201e-01
9.3248e-01
9.3942e-01
9.2239e-01
9.3677e-01
9.3539e-01
9.2717e-01
9.2784e-01
9.2571e-01
9.1847e-01
9.2736e-01
9.3755e-01
9.3566e-01
9.3181e-01
9.3679e-01
9.3647e-01
9.3011e-01
9.2545e-01
9.1884e-01
9.3561e-01
9.3815e-01
9.1628e-01
9.3885e-01
9.3942e-01
9.2757e-01
9.3692e-01
9.3527e-01
9.3026e-01
9.3678e-01
9.3815e-01
9.3929e-01
9.3320e-01
9.2797e-01
9.3143e-01
9.3399e-01
9.2971e-01
9.3397e-01
9.3106e-01
9.2448e-01
9.1975e-01
9.3443e-01
9.2784e-01
9.3472e-01
9.2908e-01
9.4800e-01
9.4503e-01
9.2308e-01
9.3200e-01
9.2606e-01
9.2715e-01
9.4473e-01
9.2666e-01
9.2479e-01
9.3890e-01
9.4804e-01
9.4547e-01
9.2202e-01
9.3177e-01
9.2944e-01
9.3468e-01
9.3765e-01
9.2961e-01
9.2783e-01
9.3134e-01
9.4067e-01
9.3367e-01
9.3613e-01
9.2016e-01
9.2284e-01
9.3681e-01
9.2237e-01
9.4547e-01
9.3782e-01
9.1642e-01
9.2859e-01
9.3865e-01
9.2455e-01
9.3249e-01
9.2979e-01
9.2790e-01
9.3450e-01
9.3881e-01
9.3723e-01
9.4370e-01
9.3411e-01
9.3013e-01
9.3521e-01
9.2847e-01
9.4211e-01
9.3654e-01
9.2528e-01
9.5338e-01
9.2827e-01
9.2041e-01
9.4264e-01
9.4260e-01
9.2619e-01
9.3081e-01
9.3011e-01
9.2808e-01
9.2101e-01
9.3806e-01
9.3281e-01
9.3556e-01
9.3412e-01
9.4392e-01
9.2649e-01
9.2515e-01
9.2776e-01
9.4871e-01
9.4436e-01
9.2361e-01
9.4772e-01
9.3480e-01
9.3805e-01
9.3256e-01
9.3588e-01
9.3172e-01
9.3609e-01
9.2894e-01
9.2024e-01
9.3984e-01
9.4646e-01
9.2583e-01
9.2985e-01
9.3489e-01
9.4706e-01
9.2985e-01
9.4005e-01
9.4314e-01
9.4334e-01
9.4385e-01
9.4546e-01
9.3767e-01
9.3784e-01
9.4764e-01
9.2668e-01
9.1730e-01
9.3840e-01
9.2384e-01
9.3623e-01
9.3606e-01
9.3246e-01
9.4056e-01
9.2903e-01
9.3979e-01
9.3626e-01
9.3198e-01
9.2077e-01
9.3947e-01
9.5091e-01
9.4126e-01
9.4442e-01
9.3240e-01
9.2300e-01
9.4361e-01
9.3222e-01
9.3030e-01
9.4974e-01
9.4666e-01
9.3485e-01
9.3786e-01
9.4354e-01
9.3662e-01
9.2885e-01
9.3824e-01
9.4844e-01
9.2682e-01
9.3858e-01
9.2717e-01
9.2817e-01
9.4000e-01
9.5179e-01
9.2939e-01
9.2113e-01
9.3023e-01
9.2513e-01
9.5025e-01
9.3406e-01
9.4131e-01
9.2702e-01
9.2624e-01
9.4688e-01
9.2698e-01
9.2626e-01
9.3668e-01
9.2322e-01
9.4668e-01
9.2305e-01
9.3417e-01
9.2871e-01
9.3990e-01
9.4644e-01
9.3299e-01
9.2744e-01
9.4576e-01
9.3439e-01
9.4071e-01
9.1913e-01
9.4307e-01
9.4089e-01
9.2804e-01
9.1771e-01
9.4040e-01
9.3410e-01
9.3886e-01
9.3623e-01
