9.0089e-01
8.9884e-01
9.0240e-01
9.0090e-01
9.0163e-01
9.0236e-01
8.9979e-01
8.9943e-01
9.0033e-01
9.0328e-01
8.9965e-01
9.0163e-01
9.0100e-01
9.0110e-01
9.0229e-01
9.0002e-01
9.0101e-01
8.9969e-01
8.9990e-01
9.0081e-01
9.0122e-01
9.0145e-01
9.0081e-01
9.0213e-01
9.0057e-01
9.0095e-01
9.0156e-01
9.0095e-01
9.0177e-01
9.0102e-01
8.9889e-01
9.0066e-01
9.0144e-01
9.0212e-01
9.0155e-01
8.9939e-01
9.0164e-01
8.9923e-01
9.0104e-01
9.0019e-01
9.0268e-01
8.9982e-01
9.0164e-01
9.0123e-01
9.0111e-01
9.0177e-01
9.0085e-01
9.0190e-01
9.0083e-01
9.0097e-01
9.0041e-01
9.0063e-01
9.0001e-01
9.0113e-01
9.0035e-01
9.0232e-01
9.0082e-01
9.0082e-01
9.0301e-01
9.0126e-01
9.0245e-01
9.0254e-01
9.0197e-01
8.9951e-01
9.0343e-01
8.9930e-01
8.9991e-01
9.0086e-01
8.9996e-01
9.0003e-01
8.9806e-01
9.0079e-01
9.0085e-01
9.0151e-01
9.0204e-01
9.0221e-01
9.0209e-01
9.0207e-01
8.9941e-01
9.0140e-01
9.0001e-01
8.9899e-01
9.0008e-01
9.0183e-01
9.0133e-01
9.0074e-01
9.0128e-01
9.0088e-01
9.0182e-01
9.0106e-01
9.0137e-01
9.0237e-01
9.0152e-01
9.0073e-01
9.0106e-01
8.9992e-01
8.9849e-01
9.0033e-01
9.0255e-01
9.0044e-01
8.9995e-01
9.0033e-01
9.0019e-01
9.0022e-01
8.9988e-01
9.0124e-01
9.0045e-01
9.0258e-01
9.0006e-01
9.0202e-01
8.9910e-01
9.0182e-01
9.0110e-01
8.9832e-01
9.0129e-01
8.9877e-01
9.0081e-01
9.0354e-01
9.0113e-01
8.9974e-01
8.9983e-01
9.0190e-01
9.0049e-01
9.0176e-01
9.0174e-01
9.0200e-01
8.9957e-01
9.0099e-01
9.0119e-01
9.0101e-01
9.0070e-01
9.0277e-01
9.0099e-01
9.0066e-01
9.0244e-01
9.0122e-01
9.0169e-01
9.0322e-01
9.0035e-01
9.0090e-01
9.0211e-01
9.0321e-01
9.0057e-01
9.0026e-01
9.0014e-01
9.0051e-01
9.0014e-01
9.0122e-01
9.0130e-01
8.9969e-01
8.9877e-01
8.9852e-01
9.0005e-01
9.0017e-01
9.0098e-01
9.0262e-01
9.0085e-01
9.0073e-01
8.9933e-01
8.9955e-01
9.0225e-01
9.0113e-01
9.0085e-01
9.0090e-01
9.0139e-01
9.0017e-01
9.0011e-01
9.0216e-01
8.9877e-01
9.0081e-01
9.0187e-01
9.0321e-01
9.0317e-01
9.0098e-01
8.9995e-01
8.9985e-01
9.0078e-01
8.9983e-01
9.0075e-01
8.9830e-01
9.0219e-01
9.0095e-01
9.0162e-01
9.0127e-01
9.0006e-01
9.0107e-01
9.0121e-01
8.9883e-01
9.0031e-01
9.0181e-01
9.0075e-01
9.0251e-01
9.0232e-01
9.0133e-01
8.9998e-01
9.0064e-01
9.0182e-01
9.0225e-01
9.0203e-01
9.0052e-01
9.0122e-01
9.0146e-01
8.9942e-01
9.0176e-01
8.9993e-01
9.0044e-01
9.0165e-01
9.0063e-01
9.0186e-01
9.0048e-01
9.0208e-01
9.0180e-01
9.0144e-01
9.0410e-01
8.9923e-01
9.0052e-01
8.9887e-01
9.0133e-01
8.9971e-01
9.0240e-01
8.9907e-01
9.0150e-01
9.0110e-01
9.0046e-01
9.0053e-01
9.0083e-01
9.0090e-01
8.9985e-01
9.0273e-01
8.9963e-01
9.0189e-01
9.0094e-01
9.0267e-01
9.0167e-01
9.0009e-01
9.0135e-01
9.0165e-01
8.9986e-01
9.0184e-01
8.9971e-01
9.0173e-01
9.0030e-01
9.0156e-01
9.0173e-01
8.9788e-01
8.9855e-01
8.9991e-01
9.0199e-01
9.0027e-01
9.0086e-01
8.9992e-01
9.0135e-01
9.0056e-01
9.0011e-01
8.9948e-01
9.0270e-01
8.9944e-01
8.9922e-01
9.0207e-01
9.0235e-01
9.0123e-01
9.0023e-01
9.0101e-01
8.9966e-01
8.9987e-01
9.0224e-01
8.9963e-01
9.0147e-01
9.0077e-01
9.0095e-01
9.0065e-01
9.0087e-01
8.9933e-01
9.0018e-01
9.0146e-01
8.9809e-01
9.0109e-01
9.0150e-01
8.9998e-01
8.9789e-01
9.0183e-01
9.0102e-01
9.0100e-01
8.9942e-01
8.9940e-01
8.9814e-01
9.0145e-01
8.9842e-01
9.0084e-01
9.0260e-01
9.0160e-01
9.0062e-01
9.0180e-01
9.0082e-01
9.0171e-01
8.9953e-01
9.0244e-01
9.0047e-01
9.0159e-01
9.0124e-01
9.0105e-01
9.0186e-01
8.9981e-01
8.9757e-01
9.0117e-01
9.0016e-01
9.0289e-01
9.0053e-01
9.0172e-01
9.0114e-01
9.0002e-01
8.9989e-01
9.0141e-01
9.0080e-01
9.0221e-01
9.0042e-01
9.0090e-01
8.9990e-01
9.0017e-01
9.0124e-01
9.0301e-01
9.0036e-01
9.0382e-01
9.0211e-01
8.9864e-01
9.0345e-01
9.0150e-01
8.9954e-01
9.0089e-01
9.0054e-01
9.0296e-01
9.0092e-01
8.9987e-01
9.0027e-01
9.0018e-01
9.0094e-01
8.9999e-01
8.9973e-01
9.0230e-01
9.0146e-01
9.0191e-01
8.9973e-01
9.0227e-01
8.9998e-01
9.0048e-01
8.9979e-01
9.0288e-01
9.0087e-01
8.9961e-01
9.0148e-01
9.0180e-01
9.0165e-01
8.9957e-01
8.9967e-01
9.0177e-01
9.0169e-01
9.0278e-01
9.0117e-01
9.0154e-01
9.0125e-01
9.0299e-01
9.0117e-01
9.0093e-01
9.0104e-01
9.0175e-01
9.0049e-01
9.0120e-01
9.0206e-01
9.0227e-01
9.0157e-01
8.9989e-01
9.0253e-01
9.0164e-01
9.0269e-01
9.0016e-01
9.0174e-01
9.0198e-01
9.0064e-01
9.0150e-01
9.0237e-01
9.0026e-01
9.0118e-01
9.0051e-01
9.0127e-01
8.9883e-01
9.0278e-01
8.9944e-01
9.0084e-01
9.0032e-01
9.0114e-01
9.0007e-01
9.0033e-01
9.0025e-01
9.0174e-01
9.0054e-01
9.0127e-01
9.0202e-01
9.0226e-01
9.0076e-01
8.9895e-01
9.0018e-01
9.0106e-01
9.0069e-01
9.0183e-01
9.0092e-01
9.0069e-01
9.0214e-01
9.0127e-01
9.0020e-01
9.0249e-01
9.0110e-01
8.9910e-01
9.0173e-01
8.9946e-01
8.9928e-01
9.0199e-01
9.0074e-01
9.0246e-01
9.0156e-01
9.0197e-01
9.0102e-01
9.0137e-01
9.0228e-01
9.0155e-01
9.0165e-01
9.0215e-01
9.0130e-01
8.9983e-01
8.9994e-01
8.9869e-01
9.0028e-01
9.0412e-01
9.0052e-01
8.9976e-01
9.0214e-01
9.0062e-01
9.0013e-01
8.9946e-01
9.0063e-01
9.0055e-01
9.0219e-01
9.0193e-01
9.0031e-01
9.0150e-01
9.0079e-01
9.0122e-01
8.9910e-01
9.0007e-01
9.0155e-01
9.0077e-01
9.0375e-01
8.9931e-01
8.9997e-01
8.9962e-01
9.0121e-01
9.0176e-01
9.0082e-01
9.0134e-01
8.9975e-01
9.0235e-01
9.0016e-01
9.0011e-01
9.0132e-01
9.0126e-01
9.0038e-01
9.0087e-01
9.0069e-01
9.0107e-01
9.0167e-01
9.0374e-01
9.0096e-01
9.0328e-01
9.0085e-01
9.0031e-01
9.0032e-01
9.0264e-01
8.9923e-01
9.0152e-01
8.9820e-01
8.9904e-01
9.0135e-01
9.0197e-01
8.9896e-01
9.0123e-01
9.0067e-01
9.0085e-01
9.0287e-01
9.0080e-01
9.0045e-01
9.0308e-01
9.0116e-01
9.0167e-01
9.0109e-01
9.0288e-01
9.0010e-01
8.9990e-01
9.0117e-01
8.9841e-01
9.0235e-01
9.0171e-01
9.0213e-01
9.0098e-01
9.0145e-01
8.9849e-01
9.0234e-01
9.0057e-01
9.0106e-01
8.9915e-01
9.0158e-01
9.0215e-01
9.0042e-01
9.0012e-01
9.0290e-01
9.0077e-01
9.0085e-01
9.0032e-01
9.0203e-01
9.0338e-01
9.0080e-01
9.0064e-01
9.0127e-01
9.0235e-01
9.0058e-01
9.0091e-01
8.9826e-01
9.0055e-01
8.9983e-01
9.0188e-01
9.0163e-01
9.0156e-01
8.9982e-01
9.0111e-01
9.0154e-01
9.0050e-01
9.0047e-01
8.9937e-01
8.9998e-01
9.0167e-01
9.0094e-01
9.0130e-01
9.0041e-01
9.0156e-01
9.0147e-01
9.0170e-01
9.0305e-01
9.0044e-01
9.0216e-01
8.9960e-01
9.0338e-01
8.9947e-01
9.0253e-01
9.0022e-01
9.0114e-01
9.0129e-01
9.0235e-01
9.0090e-01
9.0014e-01
9.0117e-01
9.0172e-01
9.0151e-01
9.0287e-01
9.0190e-01
9.0040e-01
9.0058e-01
9.0046e-01
8.9997e-01
9.0107e-01
9.0248e-01
8.9808e-01
9.0092e-01
8.9983e-01
8.9964e-01
9.0203e-01
9.0065e-01
9.0202e-01
9.0105e-01
8.9994e-01
8.9932e-01
9.0239e-01
9.0003e-01
9.0212e-01
9.0092e-01
9.0094e-01
9.0115e-01
9.0056e-01
9.0420e-01
9.0068e-01
8.9813e-01
8.9991e-01
8.9987e-01
9.0016e-01
9.0117e-01
9.0098e-01
9.0145e-01
9.0007e-01
9.0124e-01
9.0142e-01
8.9906e-01
9.0144e-01
8.9997e-01
8.9883e-01
9.0078e-01
9.0114e-01
9.0133e-01
9.0128e-01
9.0299e-01
9.0141e-01
9.0113e-01
8.9810e-01
9.0035e-01
9.0078e-01
9.0145e-01
9.0306e-01
9.0040e-01
9.0033e-01
8.9907e-01
9.0113e-01
9.0199e-01
9.0276e-01
9.0258e-01
9.0140e-01
9.0000e-01
9.0187e-01
8.9857e-01
8.9882e-01
9.0032e-01
9.0035e-01
8.9876e-01
9.0092e-01
9.0080e-01
9.0008e-01
9.0079e-01
8.9887e-01
8.9878e-01
8.9729e-01
8.9977e-01
9.0145e-01
9.0147e-01
9.0173e-01
9.0100e-01
9.0106e-01
9.0154e-01
8.9990e-01
9.0035e-01
9.0041e-01
9.0048e-01
9.0052e-01
9.0143e-01
8.9893e-01
8.9935e-01
9.0340e-01
9.0162e-01
9.0078e-01
8.9980e-01
9.0024e-01
9.0081e-01
9.0065e-01
9.0122e-01
9.0235e-01
9.0157e-01
9.0088e-01
9.0124e-01
8.9948e-01
8.9919e-01
9.0096e-01
9.0091e-01
9.0063e-01
9.0131e-01
8.9846e-01
8.9958e-01
9.0197e-01
9.0101e-01
9.0162e-01
9.0110e-01
9.0164e-01
9.0240e-01
9.0025e-01
9.0027e-01
8.9894e-01
9.0051e-01
9.0117e-01
9.0094e-01
9.0073e-01
9.0234e-01
9.0224e-01
9.0044e-01
9.0004e-01
9.0018e-01
8.9815e-01
9.0125e-01
8.9984e-01
8.9955e-01
9.0006e-01
9.0274e-01
8.9917e-01
9.0086e-01
9.0271e-01
9.0097e-01
8.9876e-01
9.0122e-01
9.0269e-01
9.0131e-01
9.0074e-01
9.0006e-01
9.0155e-01
9.0127e-01
9.0071e-01
9.0187e-01
9.0242e-01
9.0080e-01
9.0110e-01
9.0210e-01
8.9981e-01
8.9984e-01
9.0240e-01
9.0009e-01
8.9818e-01
8.9984e-01
9.0167e-01
9.0118e-01
8.9928e-01
9.0240e-01
9.0117e-01
8.9997e-01
9.0039e-01
8.9970e-01
9.0208e-01
9.0043e-01
8.9832e-01
9.0117e-01
9.0072e-01
9.0267e-01
9.0112e-01
9.0065e-01
9.0014e-01
9.0022e-01
9.0159e-01
9.0111e-01
9.0042e-01
8.9942e-01
8.9984e-01
8.9984e-01
8.9989e-01
9.0117e-01
9.0040e-01
9.0200e-01
9.0001e-01
9.0234e-01
9.0086e-01
9.0066e-01
9.0192e-01
9.0229e-01
9.0039e-01
9.0112e-01
9.0009e-01
9.0236e-01
9.0234e-01
9.0254e-01
9.0162e-01
9.0167e-01
9.0234e-01
9.0007e-01
9.0052e-01
8.9895e-01
9.0223e-01
8.9921e-01
9.0024e-01
9.0171e-01
8.9960e-01
9.0121e-01
9.0224e-01
9.0114e-01
9.0181e-01
9.0156e-01
9.0022e-01
9.0020e-01
9.0212e-01
9.0029e-01
9.0074e-01
9.0001e-01
9.0010e-01
9.0079e-01
9.0063e-01
9.0237e-01
9.0152e-01
9.0206e-01
8.9963e-01
9.0170e-01
9.0082e-01
9.0121e-01
8.9991e-01
9.0224e-01
9.0131e-01
9.0248e-01
9.0163e-01
9.0254e-01
9.0204e-01
9.0157e-01
9.0120e-01
8.9911e-01
9.0008e-01
9.0071e-01
9.0222e-01
9.0078e-01
9.0057e-01
8.9934e-01
8.9994e-01
8.9921e-01
9.0128e-01
9.0158e-01
9.0145e-01
9.0168e-01
9.0216e-01
9.0122e-01
9.0148e-01
9.0103e-01
8.9981e-01
8.9858e-01
9.0039e-01
9.0211e-01
8.9863e-01
8.9975e-01
8.9995e-01
8.9946e-01
9.0199e-01
9.0045e-01
8.9962e-01
8.9890e-01
9.0091e-01
9.0300e-01
9.0051e-01
9.0072e-01
9.0077e-01
9.0155e-01
8.9950e-01
9.0176e-01
8.9881e-01
9.0028e-01
9.0007e-01
9.0094e-01
9.0310e-01
9.0080e-01
9.0080e-01
9.0119e-01
8.9948e-01
9.0130e-01
9.0062e-01
9.0199e-01
9.0001e-01
8.9999e-01
9.0139e-01
8.9920e-01
9.0158e-01
9.0203e-01
9.0127e-01
9.0010e-01
8.9969e-01
9.0040e-01
8.9965e-01
9.0209e-01
9.0136e-01
9.0128e-01
9.0150e-01
9.0047e-01
8.9884e-01
9.0177e-01
9.0088e-01
9.0020e-01
8.9957e-01
9.0002e-01
8.9895e-01
9.0356e-01
9.0059e-01
8.9991e-01
8.9971e-01
8.9938e-01
9.0007e-01
9.0131e-01
9.0152e-01
9.0177e-01
9.0120e-01
9.0069e-01
9.0102e-01
9.0205e-01
9.0250e-01
9.0159e-01
8.9784e-01
9.0206e-01
9.0007e-01
9.0036e-01
9.0131e-01
9.0108e-01
9.0235e-01
8.9958e-01
9.0190e-01
9.0057e-01
9.0241e-01
9.0091e-01
9.0073e-01
8.9917e-01
9.0197e-01
8.9958e-01
9.0104e-01
8.9778e-01
9.0007e-01
9.0036e-01
9.0108e-01
8.9927e-01
9.0260e-01
9.0124e-01
9.0160e-01
9.0018e-01
9.0031e-01
9.0218e-01
9.0008e-01
9.0153e-01
9.0081e-01
9.0030e-01
8.9742e-01
9.0233e-01
9.0024e-01
9.0101e-01
9.0028e-01
9.0082e-01
8.9955e-01
8.9967e-01
9.0124e-01
9.0142e-01
9.0402e-01
9.0027e-01
9.0381e-01
9.0243e-01
9.0171e-01
9.0040e-01
9.0060e-01
9.0166e-01
8.9932e-01
8.9881e-01
9.0121e-01
8.9970e-01
9.0246e-01
9.0283e-01
9.0264e-01
9.0043e-01
9.0031e-01
9.0139e-01
9.0169e-01
9.0097e-01
8.9906e-01
9.0156e-01
9.0175e-01
9.0071e-01
9.0071e-01
9.0001e-01
9.0133e-01
9.0137e-01
9.0089e-01
9.0303e-01
9.0060e-01
9.0120e-01
9.0226e-01
9.0118e-01
9.0214e-01
9.0118e-01
9.0066e-01
8.9939e-01
9.0192e-01
9.0055e-01
9.0215e-01
9.0062e-01
9.0075e-01
9.0028e-01
9.0002e-01
9.0149e-01
9.0056e-01
9.0117e-01
8.9995e-01
9.0182e-01
9.0092e-01
8.9970e-01
9.0100e-01
8.9856e-01
9.0193e-01
9.0203e-01
9.0090e-01
9.0015e-01
8.9924e-01
9.0039e-01
9.0157e-01
9.0096e-01
9.0049e-01
9.0216e-01
8.9868e-01
9.0042e-01
9.0103e-01
9.0220e-01
8.9935e-01
9.0130e-01
9.0022e-01
9.0161e-01
8.9883e-01
8.9941e-01
9.0252e-01
9.0002e-01
8.9896e-01
8.9853e-01
8.9960e-01
9.0272e-01
8.9910e-01
9.0064e-01
8.9907e-01
8.9860e-01
8.9759e-01
8.9751e-01
8.9709e-01
9.0147e-01
8.9979e-01
9.0260e-01
9.0245e-01
9.0345e-01
9.0242e-01
9.0353e-01
9.0238e-01
9.0073e-01
9.0017e-01
9.0101e-01
8.9992e-01
9.0115e-01
8.9840e-01
9.0265e-01
9.0041e-01
9.0005e-01
8.9945e-01
9.0113e-01
9.0014e-01
9.0067e-01
9.0022e-01
8.9937e-01
8.9982e-01
8.9966e-01
8.9995e-01
9.0148e-01
9.0165e-01
8.9971e-01
9.0051e-01
9.0009e-01
8.9928e-01
8.9963e-01
8.9919e-01
8.9911e-01
9.0112e-01
9.0099e-01
8.9792e-01
9.0072e-01
9.0087e-01
9.0178e-01
9.0079e-01
8.9898e-01
8.9739e-01
9.0119e-01
8.9950e-01
9.0267e-01
8.9995e-01
9.0206e-01
8.9887e-01
9.0151e-01
9.0250e-01
9.0201e-01
9.0008e-01
9.0087e-01
9.0113e-01
8.9932e-01
9.0064e-01
9.0046e-01
9.0161e-01
9.0180e-01
9.0011e-01
8.9965e-01
9.0160e-01
9.0151e-01
8.9998e-01
9.0012e-01
8.9924e-01
9.0038e-01
8.9871e-01
9.0019e-01
8.9933e-01
8.9777e-01
9.0216e-01
8.9871e-01
9.0150e-01
9.0011e-01
9.0009e-01
8.9848e-01
9.0006e-01
8.9976e-01
8.9836e-01
8.9932e-01
8.9848e-01
8.9806e-01
9.0081e-01
9.0003e-01
8.9926e-01
9.0194e-01
8.9910e-01
9.0017e-01
9.0249e-01
9.0016e-01
9.0010e-01
8.9928e-01
8.9723e-01
8.9933e-01
8.9857e-01
9.0039e-01
9.0136e-01
8.9973e-01
9.0108e-01
8.9978e-01
8.9899e-01
8.9951e-01
8.9981e-01
9.0105e-01
8.9834e-01
8.9801e-01
8.9936e-01
9.0074e-01
8.9888e-01
8.9948e-01
9.0056e-01
9.0093e-01
9.0046e-01
9.0110e-01
9.0282e-01
9.0080e-01
9.0002e-01
8.9882e-01
8.9854e-01
8.9985e-01
9.0003e-01
9.0056e-01
8.9980e-01
8.9789e-01
8.9870e-01
8.9940e-01
9.0053e-01
8.9908e-01
8.9939e-01
9.0033e-01
9.0086e-01
9.0080e-01
8.9804e-01
9.0108e-01
8.9973e-01
9.0015e-01
8.9960e-01
8.9986e-01
9.0052e-01
9.0137e-01
8.9973e-01
8.9975e-01
8.9959e-01
8.9785e-01
9.0292e-01
9.0077e-01
8.9942e-01
9.0016e-01
9.0140e-01
8.9996e-01
9.0341e-01
9.0010e-01
8.9882e-01
8.9911e-01
9.0169e-01
9.0089e-01
9.0146e-01
8.9952e-01
9.0101e-01
9.0032e-01
8.9818e-01
9.0085e-01
8.9985e-01
8.9891e-01
8.9804e-01
8.9979e-01
9.0132e-01
9.0060e-01
9.0250e-01
9.0158e-01
8.9980e-01
8.9892e-01
8.9865e-01
9.0044e-01
9.0232e-01
9.0009e-01
8.9992e-01
9.0250e-01
8.9997e-01
8.9981e-01
8.9804e-01
8.9897e-01
9.0097e-01
9.0223e-01
8.9811e-01
8.9960e-01
9.0097e-01
9.0149e-01
8.9947e-01
8.9808e-01
9.0162e-01
8.9891e-01
9.0094e-01
9.0152e-01
9.0190e-01
9.0038e-01
8.9977e-01
8.9957e-01
8.9913e-01
8.9950e-01
8.9920e-01
8.9901e-01
8.9943e-01
8.9922e-01
9.0136e-01
9.0260e-01
8.9924e-01
9.0001e-01
9.0089e-01
8.9860e-01
9.0105e-01
8.9841e-01
8.9900e-01
8.9780e-01
9.0101e-01
9.0183e-01
9.0057e-01
8.9813e-01
9.0005e-01
8.9976e-01
8.9877e-01
8.9716e-01
8.9938e-01
9.0208e-01
9.0055e-01
9.0084e-01
8.9931e-01
9.0074e-01
9.0127e-01
9.0099e-01
8.9985e-01
8.9899e-01
9.0116e-01
9.0154e-01
9.0127e-01
9.0075e-01
8.9818e-01
8.9867e-01
9.0032e-01
9.0151e-01
9.0037e-01
8.9936e-01
9.0165e-01
8.9920e-01
9.0194e-01
8.9778e-01
8.9860e-01
8.9921e-01
8.9837e-01
8.9912e-01
9.0069e-01
9.0054e-01
8.9795e-01
8.9919e-01
8.9910e-01
8.9993e-01
9.0113e-01
8.9867e-01
8.9963e-01
8.9965e-01
9.0049e-01
9.0002e-01
9.0162e-01
9.0198e-01
9.0040e-01
8.9916e-01
9.0063e-01
8.9989e-01
8.9932e-01
9.0116e-01
9.0017e-01
8.9737e-01
9.0121e-01
9.0011e-01
9.0087e-01
9.0233e-01
9.0114e-01
9.0033e-01
8.9748e-01
9.0140e-01
9.0068e-01
9.0051e-01
9.0125e-01
8.9945e-01
9.0186e-01
9.0231e-01
8.9858e-01
9.0042e-01
9.0001e-01
9.0226e-01
9.0067e-01
8.9939e-01
9.0069e-01
8.9834e-01
9.0119e-01
8.9810e-01
8.9884e-01
9.0028e-01
9.0168e-01
8.9879e-01
8.9883e-01
9.0231e-01
8.9898e-01
8.9945e-01
9.0153e-01
9.0047e-01
8.9940e-01
9.0089e-01
9.0160e-01
9.0039e-01
9.0011e-01
8.9782e-01
8.9838e-01
8.9937e-01
9.0043e-01
8.9890e-01
8.9778e-01
9.0199e-01
8.9919e-01
8.9963e-01
9.0017e-01
9.0037e-01
9.0078e-01
9.0088e-01
9.0181e-01
9.0023e-01
9.0100e-01
8.9997e-01
9.0199e-01
9.0044e-01
8.9892e-01
9.0148e-01
8.9890e-01
8.9862e-01
9.0197e-01
9.0080e-01
9.0306e-01
8.9862e-01
8.9817e-01
8.9908e-01
9.0028e-01
8.9946e-01
8.9890e-01
8.9933e-01
8.9839e-01
9.0018e-01
9.0009e-01
8.9891e-01
9.0066e-01
8.9862e-01
9.0087e-01
8.9854e-01
9.0168e-01
9.0121e-01
8.9914e-01
9.0108e-01
8.9894e-01
9.0103e-01
9.0018e-01
9.0067e-01
9.0018e-01
9.0077e-01
9.0122e-01
8.9856e-01
9.0017e-01
9.0150e-01
9.0051e-01
8.9981e-01
8.9953e-01
9.0011e-01
9.0000e-01
9.0056e-01
9.0056e-01
8.9822e-01
8.9982e-01
8.9924e-01
9.0002e-01
9.0081e-01
9.0070e-01
9.0027e-01
9.0100e-01
9.0230e-01
9.0228e-01
9.0020e-01
8.9944e-01
8.9917e-01
8.9938e-01
9.0046e-01
9.0143e-01
9.0072e-01
9.0034e-01
9.0112e-01
9.0010e-01
9.0003e-01
8.9989e-01
9.0132e-01
8.9988e-01
8.9999e-01
8.9899e-01
9.0150e-01
9.0059e-01
9.0042e-01
8.9995e-01
8.9962e-01
9.0055e-01
9.0100e-01
8.9964e-01
8.9843e-01
8.9990e-01
8.9809e-01
9.0246e-01
9.0141e-01
9.0010e-01
8.9960e-01
8.9900e-01
8.9884e-01
8.9870e-01
8.9896e-01
8.9887e-01
8.9982e-01
9.0184e-01
9.0101e-01
9.0144e-01
8.9985e-01
8.9934e-01
8.9982e-01
8.9999e-01
9.0208e-01
8.9988e-01
9.0070e-01
9.0098e-01
9.0238e-01
9.0029e-01
8.9867e-01
8.9867e-01
9.0196e-01
8.9989e-01
8.9966e-01
9.0005e-01
9.0003e-01
9.0193e-01
9.0039e-01
8.9790e-01
9.0073e-01
9.0195e-01
8.9845e-01
9.0224e-01
9.0105e-01
9.0110e-01
9.0178e-01
9.0042e-01
8.9983e-01
8.9996e-01
8.9840e-01
9.0011e-01
9.0166e-01
8.9953e-01
8.9740e-01
9.0005e-01
9.0065e-01
9.0124e-01
9.0057e-01
8.9785e-01
9.0083e-01
9.0070e-01
9.0104e-01
9.0118e-01
8.9854e-01
9.0017e-01
8.9951e-01
8.9963e-01
8.9911e-01
8.9935e-01
9.0038e-01
9.0025e-01
9.0018e-01
8.9908e-01
9.0220e-01
9.0110e-01
8.9780e-01
8.9775e-01
9.0057e-01
9.0014e-01
9.0258e-01
9.0272e-01
8.9993e-01
9.0033e-01
8.9969e-01
9.0060e-01
8.9968e-01
9.0045e-01
8.9804e-01
9.0106e-01
9.0125e-01
9.0020e-01
8.9933e-01
8.9987e-01
9.0085e-01
9.0125e-01
8.9998e-01
9.0013e-01
9.0067e-01
9.0062e-01
9.0201e-01
8.9896e-01
8.9998e-01
8.9940e-01
8.9943e-01
8.9866e-01
9.0076e-01
9.0289e-01
8.9946e-01
8.9998e-01
9.0126e-01
8.9712e-01
8.9955e-01
8.9986e-01
8.9885e-01
8.9985e-01
9.0026e-01
9.0068e-01
9.0040e-01
8.9919e-01
9.0024e-01
8.9808e-01
9.0144e-01
8.9923e-01
8.9908e-01
9.0031e-01
9.0018e-01
9.0066e-01
8.9852e-01
8.9930e-01
8.9977e-01
9.0104e-01
9.0047e-01
9.0179e-01
8.9956e-01
9.0009e-01
9.0026e-01
8.9981e-01
8.9931e-01
8.9903e-01
8.9992e-01
8.9909e-01
8.9818e-01
9.0122e-01
8.9956e-01
9.0150e-01
8.9824e-01
8.9958e-01
8.9931e-01
8.9946e-01
8.9903e-01
8.9899e-01
9.0028e-01
8.9909e-01
9.0177e-01
9.0046e-01
9.0017e-01
8.9764e-01
9.0185e-01
9.0061e-01
9.0108e-01
8.9939e-01
9.0005e-01
9.0233e-01
9.0068e-01
9.0015e-01
8.9934e-01
9.0159e-01
8.9849e-01
9.0092e-01
8.9682e-01
9.0241e-01
9.0261e-01
8.9877e-01
8.9984e-01
8.9918e-01
9.0022e-01
8.9999e-01
8.9944e-01
9.0187e-01
9.0286e-01
8.9926e-01
8.9749e-01
9.0027e-01
9.0243e-01
8.9972e-01
9.0007e-01
9.0076e-01
9.0028e-01
9.0111e-01
8.9972e-01
9.0107e-01
8.9993e-01
8.9968e-01
8.9859e-01
8.9896e-01
8.9899e-01
8.9833e-01
9.0194e-01
8.9961e-01
8.9807e-01
8.9940e-01
8.9841e-01
9.0074e-01
8.9933e-01
8.9830e-01
8.9953e-01
9.0143e-01
9.0127e-01
9.0054e-01
9.0126e-01
9.0199e-01
9.0045e-01
9.0039e-01
9.0198e-01
9.0019e-01
8.9994e-01
9.0119e-01
9.0181e-01
9.0100e-01
9.0140e-01
8.9874e-01
9.0057e-01
9.0352e-01
8.9844e-01
9.0143e-01
9.0129e-01
9.0082e-01
8.9786e-01
8.9947e-01
9.0147e-01
9.0125e-01
9.0016e-01
9.0065e-01
9.0042e-01
9.0115e-01
9.0034e-01
9.0164e-01
9.0231e-01
8.9871e-01
8.9750e-01
8.9950e-01
9.0178e-01
9.0075e-01
9.0201e-01
9.0036e-01
9.0192e-01
8.9968e-01
8.9914e-01
8.9798e-01
9.0045e-01
9.0114e-01
9.0025e-01
9.0004e-01
8.9895e-01
8.9883e-01
8.9726e-01
9.0124e-01
9.0034e-01
8.9882e-01
9.0181e-01
8.9974e-01
9.0155e-01
8.9820e-01
9.0038e-01
8.9945e-01
9.0020e-01
9.0057e-01
8.9945e-01
8.9921e-01
8.9976e-01
9.0061e-01
9.0116e-01
8.9756e-01
9.0073e-01
9.0181e-01
9.0020e-01
9.0044e-01
9.0064e-01
9.0087e-01
9.0106e-01
8.9908e-01
8.9896e-01
9.0133e-01
9.0197e-01
9.0095e-01
8.9831e-01
8.9970e-01
9.0059e-01
8.9973e-01
9.0217e-01
9.0123e-01
8.9869e-01
9.0109e-01
9.0124e-01
8.9814e-01
8.9998e-01
8.9824e-01
9.0044e-01
8.9993e-01
9.0126e-01
8.9999e-01
8.9824e-01
9.0307e-01
9.0019e-01
9.0026e-01
9.0196e-01
9.0114e-01
9.0204e-01
8.9934e-01
8.9936e-01
8.9838e-01
8.9978e-01
9.0044e-01
8.9861e-01
8.9971e-01
9.0047e-01
9.0058e-01
9.0076e-01
9.0043e-01
8.9779e-01
9.0131e-01
8.9836e-01
9.0243e-01
8.9949e-01
8.9923e-01
8.9961e-01
8.9815e-01
8.9854e-01
8.9987e-01
8.9732e-01
8.9876e-01
9.0027e-01
9.0160e-01
8.9850e-01
8.9857e-01
8.9968e-01
9.0027e-01
9.0091e-01
9.0179e-01
9.0084e-01
9.0010e-01
8.9853e-01
8.9986e-01
9.0075e-01
9.0228e-01
9.0040e-01
9.0346e-01
9.0023e-01
9.0008e-01
8.9993e-01
8.9972e-01
8.9929e-01
9.0061e-01
9.0124e-01
9.0089e-01
8.9953e-01
8.9788e-01
9.0125e-01
8.9830e-01
8.9905e-01
9.0054e-01
8.9917e-01
9.0049e-01
8.9954e-01
8.9909e-01
8.9960e-01
8.9960e-01
8.9817e-01
9.0094e-01
9.0003e-01
9.0170e-01
9.0036e-01
8.9896e-01
8.9729e-01
8.9804e-01
8.9957e-01
8.9708e-01
9.0156e-01
9.0056e-01
8.9773e-01
9.0049e-01
9.0005e-01
9.0140e-01
9.0193e-01
9.0028e-01
9.0162e-01
8.9842e-01
9.0055e-01
8.9985e-01
9.0232e-01
9.0080e-01
9.0298e-01
9.0082e-01
9.0029e-01
9.0115e-01
9.0200e-01
9.0187e-01
8.9990e-01
8.9908e-01
8.9976e-01
9.0131e-01
9.0174e-01
9.0124e-01
8.9903e-01
9.0024e-01
8.9917e-01
8.9879e-01
9.0083e-01
8.9946e-01
8.9997e-01
9.0238e-01
8.9964e-01
9.0050e-01
8.9997e-01
9.0013e-01
9.0238e-01
8.9905e-01
8.9901e-01
9.0071e-01
9.0007e-01
9.0183e-01
8.9860e-01
8.9985e-01
8.9911e-01
8.9965e-01
8.9805e-01
9.0058e-01
9.0241e-01
8.9981e-01
9.0179e-01
8.9729e-01
8.9971e-01
8.9985e-01
9.0148e-01
8.9901e-01
8.9727e-01
9.0302e-01
8.9996e-01
9.0092e-01
9.0106e-01
8.9756e-01
9.0206e-01
9.0016e-01
9.0090e-01
8.9937e-01
8.9910e-01
9.0053e-01
8.9885e-01
9.0201e-01
9.0147e-01
9.0073e-01
9.0031e-01
9.0024e-01
9.0187e-01
8.9877e-01
9.0207e-01
8.9779e-01
8.9957e-01
8.9938e-01
9.0174e-01
8.9822e-01
9.0039e-01
9.0150e-01
8.9920e-01
9.0167e-01
8.9823e-01
9.0150e-01
8.9907e-01
9.0052e-01
8.9932e-01
8.9988e-01
8.9925e-01
8.9760e-01
9.0121e-01
9.0207e-01
9.0071e-01
8.9975e-01
8.9947e-01
9.0248e-01
8.9748e-01
8.9933e-01
9.0003e-01
8.9853e-01
9.0050e-01
8.9859e-01
9.0078e-01
8.9981e-01
8.9981e-01
9.0095e-01
8.9848e-01
9.0135e-01
9.0454e-01
9.0187e-01
8.9925e-01
8.9840e-01
9.0127e-01
8.9907e-01
9.0062e-01
9.0162e-01
9.0033e-01
9.0155e-01
9.0013e-01
8.9814e-01
9.0118e-01
9.0092e-01
8.9994e-01
9.0127e-01
8.9983e-01
9.0037e-01
8.9861e-01
8.9961e-01
9.0078e-01
9.0014e-01
9.0069e-01
9.0111e-01
9.0203e-01
9.0064e-01
9.0065e-01
8.9817e-01
8.9949e-01
8.9903e-01
8.9980e-01
9.0163e-01
8.9932e-01
8.9891e-01
9.0075e-01
9.0099e-01
9.0020e-01
9.0133e-01
8.9755e-01
9.0106e-01
9.0086e-01
9.0100e-01
9.0125e-01
8.9944e-01
9.0016e-01
9.0266e-01
8.9935e-01
9.0110e-01
9.0103e-01
8.9877e-01
8.9909e-01
8.9984e-01
8.9730e-01
9.0241e-01
8.9999e-01
9.0026e-01
8.9928e-01
9.0191e-01
9.0045e-01
9.0001e-01
9.0035e-01
9.0113e-01
8.9960e-01
8.9746e-01
9.0014e-01
8.9987e-01
9.0125e-01
9.0156e-01
9.0174e-01
9.0103e-01
9.0138e-01
8.9972e-01
9.0057e-01
9.0121e-01
9.0116e-01
9.0062e-01
9.0000e-01
9.0233e-01
8.9993e-01
9.0102e-01
9.0030e-01
9.0079e-01
9.0029e-01
9.0083e-01
8.9865e-01
9.0030e-01
9.0082e-01
8.9928e-01
8.9904e-01
9.0090e-01
9.0242e-01
8.9927e-01
9.0180e-01
9.0050e-01
8.9977e-01
8.9982e-01
8.9924e-01
9.0298e-01
9.0021e-01
9.0024e-01
9.0130e-01
8.9989e-01
9.0228e-01
8.9909e-01
9.0126e-01
9.0084e-01
9.0077e-01
9.0033e-01
8.9939e-01
8.9898e-01
8.9915e-01
9.0040e-01
8.9926e-01
8.9991e-01
8.9952e-01
9.0144e-01
9.0033e-01
8.9777e-01
8.9961e-01
8.9954e-01
9.0217e-01
8.9909e-01
8.9893e-01
9.0039e-01
8.9953e-01
9.0149e-01
9.0067e-01
9.0095e-01
9.0065e-01
9.0017e-01
9.0055e-01
9.0115e-01
9.0144e-01
8.9965e-01
8.9911e-01
8.9958e-01
8.9986e-01
8.9974e-01
9.0005e-01
9.0116e-01
9.0070e-01
9.0082e-01
9.0221e-01
9.0039e-01
9.0041e-01
8.9848e-01
8.9836e-01
8.9891e-01
9.0124e-01
9.0092e-01
9.0090e-01
8.9880e-01
8.9929e-01
9.0061e-01
8.9866e-01
9.0030e-01
8.9957e-01
8.9891e-01
8.9741e-01
8.9963e-01
8.9694e-01
9.0122e-01
9.0168e-01
9.0034e-01
8.9996e-01
9.0225e-01
9.0142e-01
8.9913e-01
8.9885e-01
9.0069e-01
8.9956e-01
9.0036e-01
9.0089e-01
9.0133e-01
9.0121e-01
9.0079e-01
9.0080e-01
9.0026e-01
9.0021e-01
8.9929e-01
9.0058e-01
8.9849e-01
9.0428e-01
9.0099e-01
8.9874e-01
9.0092e-01
9.0047e-01
8.9944e-01
8.9995e-01
9.0006e-01
9.0047e-01
8.9968e-01
9.0006e-01
9.0050e-01
8.9804e-01
8.9994e-01
8.9959e-01
8.9957e-01
8.9873e-01
9.0018e-01
8.9997e-01
9.0023e-01
9.0053e-01
8.9832e-01
9.0127e-01
9.0238e-01
9.0167e-01
9.0033e-01
9.0201e-01
8.9758e-01
9.0149e-01
9.0028e-01
8.9817e-01
9.0057e-01
9.0057e-01
9.0058e-01
9.0310e-01
8.9786e-01
9.0053e-01
9.0047e-01
9.0093e-01
8.9908e-01
9.0096e-01
9.0059e-01
9.0130e-01
9.0040e-01
8.9947e-01
9.0063e-01
9.0061e-01
8.9819e-01
9.0092e-01
9.0107e-01
9.0022e-01
8.9932e-01
9.0095e-01
9.0079e-01
8.9840e-01
9.0098e-01
8.9994e-01
9.0013e-01
8.9982e-01
9.0013e-01
9.0033e-01
8.9935e-01
8.9906e-01
8.9874e-01
8.9939e-01
8.9937e-01
8.9878e-01
8.9812e-01
9.0012e-01
8.9988e-01
9.0018e-01
8.9959e-01
8.9943e-01
9.0295e-01
9.0026e-01
8.9997e-01
9.0046e-01
9.0175e-01
8.9964e-01
8.9793e-01
9.0192e-01
9.0205e-01
9.0213e-01
8.9925e-01
8.9915e-01
9.0009e-01
8.9968e-01
8.9952e-01
8.9895e-01
9.0046e-01
9.0096e-01
8.9978e-01
9.0092e-01
8.9926e-01
8.9904e-01
8.9609e-01
8.9930e-01
8.9829e-01
8.9969e-01
8.9893e-01
8.9754e-01
9.0048e-01
9.0105e-01
9.0315e-01
9.0003e-01
9.0114e-01
9.0041e-01
9.0212e-01
8.9986e-01
8.9773e-01
8.9899e-01
9.0219e-01
8.9988e-01
8.9943e-01
9.0015e-01
8.9873e-01
9.0009e-01
8.9845e-01
8.9901e-01
9.0232e-01
9.0013e-01
8.9829e-01
9.0007e-01
8.9731e-01
9.0039e-01
9.0153e-01
9.0084e-01
8.9899e-01
9.0060e-01
8.9791e-01
9.0021e-01
9.0086e-01
8.9945e-01
8.9979e-01
8.9869e-01
8.9945e-01
8.9891e-01
8.9867e-01
8.9854e-01
9.0123e-01
8.9980e-01
8.9835e-01
8.9813e-01
8.9916e-01
8.9943e-01
9.0038e-01
8.9934e-01
9.0137e-01
8.9859e-01
8.9809e-01
8.9975e-01
9.0082e-01
9.0001e-01
9.0086e-01
8.9898e-01
8.9991e-01
8.9932e-01
8.9787e-01
9.0030e-01
9.0030e-01
9.0109e-01
9.0089e-01
9.0055e-01
9.0089e-01
8.9956e-01
9.0037e-01
8.9976e-01
9.0008e-01
9.0013e-01
8.9957e-01
8.9979e-01
8.9923e-01
8.9863e-01
9.0184e-01
8.9984e-01
9.0257e-01
9.0278e-01
8.9810e-01
9.0021e-01
8.9945e-01
8.9816e-01
8.9962e-01
9.0115e-01
8.9845e-01
9.0148e-01
9.0159e-01
8.9952e-01
9.0213e-01
9.0114e-01
9.0059e-01
9.0220e-01
9.0029e-01
8.9909e-01
9.0034e-01
9.0166e-01
8.9926e-01
8.9984e-01
9.0295e-01
8.9992e-01
9.0077e-01
9.0247e-01
8.9988e-01
8.9729e-01
8.9857e-01
9.0021e-01
8.9977e-01
8.9955e-01
9.0179e-01
8.9944e-01
9.0011e-01
8.9678e-01
9.0061e-01
9.0052e-01
8.9933e-01
8.9954e-01
9.0012e-01
9.0329e-01
9.0063e-01
9.0066e-01
8.9759e-01
9.0025e-01
8.9938e-01
8.9804e-01
8.9942e-01
9.0008e-01
8.9780e-01
8.9988e-01
9.0018e-01
9.0104e-01
8.9901e-01
8.9948e-01
8.9989e-01
9.0058e-01
8.9822e-01
9.0024e-01
9.0103e-01
8.9986e-01
9.0086e-01
9.0039e-01
9.0003e-01
9.0061e-01
9.0162e-01
9.0048e-01
8.9998e-01
8.9885e-01
8.9965e-01
8.9983e-01
8.9953e-01
9.0199e-01
8.9997e-01
8.9864e-01
9.0163e-01
8.9892e-01
9.0067e-01
8.9812e-01
9.0062e-01
8.9991e-01
9.0097e-01
8.9790e-01
9.0007e-01
8.9890e-01
8.9769e-01
8.9775e-01
8.9929e-01
8.9950e-01
8.9894e-01
8.9965e-01
8.9987e-01
8.9878e-01
9.0140e-01
8.9829e-01
9.0169e-01
8.9947e-01
9.0160e-01
9.0060e-01
8.9859e-01
9.0025e-01
9.0066e-01
9.0016e-01
9.0088e-01
9.0121e-01
9.0097e-01
9.0041e-01
9.0245e-01
9.0089e-01
9.0178e-01
8.9995e-01
9.0085e-01
8.9873e-01
8.9893e-01
8.9995e-01
9.0026e-01
8.9781e-01
8.9985e-01
8.9844e-01
9.0027e-01
9.0053e-01
9.0004e-01
8.9904e-01
8.9980e-01
8.9919e-01
9.0166e-01
8.9927e-01
8.9796e-01
9.0031e-01
8.9854e-01
9.0021e-01
9.0022e-01
8.9987e-01
8.9932e-01
9.0064e-01
8.9999e-01
9.0037e-01
8.9977e-01
9.0111e-01
9.0184e-01
8.9858e-01
9.0093e-01
9.0113e-01
9.0123e-01
8.9954e-01
9.0018e-01
8.9933e-01
9.0069e-01
9.0072e-01
8.9926e-01
9.0028e-01
9.0040e-01
9.0074e-01
9.0155e-01
8.9872e-01
9.0002e-01
8.9905e-01
8.9820e-01
9.0036e-01
8.9987e-01
8.9814e-01
9.0034e-01
9.0240e-01
9.0190e-01
9.0017e-01
8.9972e-01
9.0126e-01
9.0042e-01
9.0146e-01
9.0115e-01
8.9962e-01
8.9962e-01
9.0255e-01
9.0004e-01
9.0026e-01
8.9921e-01
8.9995e-01
8.9990e-01
9.0199e-01
8.9997e-01
9.0072e-01
9.0016e-01
8.9748e-01
8.9947e-01
9.0112e-01
8.9849e-01
9.0113e-01
9.0054e-01
9.0144e-01
9.0092e-01
9.0153e-01
9.0113e-01
9.0246e-01
9.0188e-01
9.0027e-01
9.0052e-01
9.0232e-01
9.0077e-01
9.0117e-01
9.0431e-01
8.9986e-01
8.9937e-01
8.9883e-01
9.0087e-01
8.9887e-01
9.0092e-01
9.0202e-01
8.9991e-01
9.0162e-01
9.0144e-01
8.9982e-01
8.9788e-01
8.9908e-01
8.9991e-01
9.0049e-01
8.9757e-01
9.0097e-01
8.9938e-01
9.0093e-01
8.9900e-01
9.0175e-01
8.9969e-01
8.9943e-01
8.9891e-01
9.0141e-01
8.9893e-01
8.9995e-01
8.9878e-01
8.9839e-01
8.9956e-01
8.9756e-01
8.9956e-01
9.0299e-01
9.0105e-01
9.0123e-01
8.9916e-01
9.0158e-01
9.0109e-01
9.0018e-01
9.0199e-01
8.9955e-01
9.0127e-01
8.9950e-01
9.0091e-01
8.9994e-01
8.9967e-01
9.0152e-01
9.0026e-01
9.0120e-01
9.0101e-01
8.9979e-01
9.0104e-01
9.0067e-01
8.9885e-01
9.0139e-01
9.0024e-01
8.9968e-01
8.9857e-01
8.9951e-01
8.9798e-01
9.0008e-01
9.0043e-01
8.9982e-01
9.0086e-01
9.0123e-01
8.9998e-01
9.0032e-01
9.0208e-01
9.0247e-01
9.0111e-01
8.9909e-01
9.0084e-01
9.0003e-01
8.9941e-01
9.0015e-01
8.9837e-01
8.9855e-01
9.0088e-01
9.0079e-01
9.0128e-01
8.9968e-01
8.9985e-01
8.9916e-01
8.9917e-01
8.9798e-01
8.9824e-01
8.9970e-01
9.0181e-01
8.9785e-01
9.0231e-01
8.9846e-01
8.9966e-01
8.9935e-01
8.9892e-01
9.0338e-01
8.9950e-01
8.9935e-01
8.9904e-01
9.0194e-01
8.9808e-01
9.0024e-01
8.9793e-01
9.0027e-01
8.9990e-01
9.0016e-01
8.9982e-01
9.0118e-01
8.9981e-01
9.0247e-01
9.0040e-01
8.9971e-01
9.0065e-01
8.9885e-01
8.9987e-01
8.9978e-01
9.0090e-01
9.0027e-01
8.9874e-01
8.9842e-01
9.0103e-01
8.9843e-01
9.0042e-01
8.9852e-01
8.9896e-01
9.0186e-01
9.0075e-01
8.9932e-01
9.0093e-01
8.9921e-01
9.0099e-01
9.0179e-01
8.9935e-01
9.0052e-01
8.9980e-01
9.0093e-01
8.9963e-01
9.0077e-01
8.9902e-01
8.9730e-01
8.9848e-01
8.9930e-01
8.9971e-01
9.0153e-01
8.9819e-01
9.0073e-01
9.0004e-01
8.9771e-01
9.0229e-01
9.0151e-01
8.9636e-01
8.9939e-01
9.0150e-01
8.9962e-01
9.0157e-01
9.0181e-01
8.9910e-01
8.9941e-01
9.0036e-01
8.9982e-01
9.0058e-01
9.0115e-01
8.9945e-01
8.9837e-01
9.0031e-01
8.9829e-01
9.0088e-01
8.9977e-01
8.9851e-01
9.0027e-01
8.9856e-01
9.0268e-01
9.0033e-01
9.0167e-01
8.9749e-01
9.0244e-01
9.0112e-01
9.0011e-01
8.9882e-01
8.9910e-01
8.9749e-01
8.9826e-01
8.9792e-01
9.0146e-01
9.0327e-01
8.9727e-01
9.0042e-01
9.0029e-01
9.0067e-01
8.9715e-01
8.9974e-01
9.0109e-01
8.9846e-01
9.0158e-01
9.0055e-01
9.0073e-01
8.9920e-01
9.0217e-01
8.9861e-01
9.0011e-01
9.0052e-01
9.0016e-01
9.0132e-01
8.9979e-01
9.0113e-01
8.9947e-01
8.9923e-01
9.0013e-01
8.9989e-01
8.9977e-01
8.9849e-01
8.9945e-01
8.9961e-01
8.9946e-01
9.0071e-01
9.0137e-01
9.0170e-01
9.0018e-01
8.9996e-01
8.9963e-01
9.0072e-01
9.0000e-01
9.0128e-01
8.9998e-01
9.0110e-01
8.9798e-01
9.0094e-01
9.0014e-01
8.9945e-01
8.9938e-01
9.0008e-01
9.0011e-01
9.0104e-01
9.0123e-01
8.9904e-01
9.0057e-01
9.0010e-01
9.0098e-01
9.0070e-01
9.0183e-01
9.0123e-01
8.9965e-01
9.0087e-01
9.0038e-01
9.0108e-01
9.0114e-01
8.9753e-01
8.9830e-01
9.0079e-01
8.9934e-01
9.0033e-01
9.0180e-01
9.0002e-01
9.0077e-01
9.0003e-01
9.0029e-01
8.9934e-01
9.0100e-01
9.0146e-01
8.9890e-01
8.9973e-01
8.9795e-01
9.0174e-01
8.9958e-01
9.0063e-01
9.0049e-01
9.0003e-01
8.9884e-01
9.0086e-01
8.9910e-01
9.0075e-01
8.9893e-01
8.9935e-01
8.9982e-01
8.9890e-01
8.9888e-01
9.0079e-01
8.9767e-01
9.0046e-01
9.0065e-01
8.9895e-01
8.9915e-01
9.0061e-01
8.9869e-01
9.0057e-01
9.0100e-01
8.9828e-01
9.0061e-01
9.0082e-01
9.0068e-01
9.0174e-01
8.9908e-01
8.9943e-01
8.9986e-01
9.0055e-01
9.0122e-01
9.0067e-01
9.0288e-01
8.9945e-01
9.0222e-01
9.0175e-01
9.0327e-01
9.0017e-01
9.0140e-01
9.0047e-01
8.9912e-01
8.9968e-01
9.0011e-01
9.0237e-01
9.0075e-01
9.0041e-01
9.0158e-01
9.0035e-01
9.0211e-01
8.9928e-01
9.0251e-01
8.9847e-01
8.9829e-01
8.9806e-01
9.0011e-01
9.0304e-01
9.0048e-01
8.9957e-01
9.0123e-01
9.0135e-01
9.0032e-01
9.0071e-01
9.0047e-01
9.0007e-01
9.0116e-01
9.0014e-01
9.0011e-01
8.9934e-01
9.0067e-01
9.0005e-01
9.0058e-01
8.9911e-01
8.9862e-01
9.0049e-01
8.9984e-01
9.0124e-01
9.0129e-01
8.9996e-01
9.0067e-01
9.0189e-01
9.0039e-01
8.9891e-01
9.0064e-01
8.9869e-01
9.0190e-01
9.0005e-01
8.9911e-01
9.0054e-01
9.0010e-01
8.9925e-01
9.0171e-01
8.9937e-01
9.0180e-01
9.0194e-01
8.9987e-01
8.9964e-01
9.0075e-01
9.0019e-01
8.9957e-01
8.9884e-01
9.0044e-01
9.0027e-01
8.9868e-01
8.9819e-01
9.0357e-01
8.9859e-01
9.0097e-01
8.9857e-01
9.0113e-01
8.9981e-01
9.0021e-01
9.0176e-01
8.9858e-01
8.9658e-01
8.9905e-01
8.9961e-01
8.9961e-01
8.9953e-01
9.0238e-01
8.9983e-01
8.9793e-01
9.0114e-01
8.9797e-01
8.9953e-01
9.0243e-01
8.9986e-01
8.9996e-01
8.9814e-01
9.0028e-01
8.9987e-01
8.9820e-01
9.0232e-01
8.9933e-01
9.0155e-01
8.9727e-01
9.0009e-01
9.0070e-01
8.9806e-01
8.9883e-01
8.9914e-01
9.0231e-01
9.0161e-01
9.0003e-01
8.9993e-01
8.9959e-01
9.0120e-01
9.0073e-01
9.0032e-01
9.0051e-01
8.9893e-01
9.0147e-01
8.9951e-01
8.9971e-01
9.0099e-01
9.0040e-01
8.9913e-01
9.0139e-01
9.0107e-01
8.9775e-01
8.9891e-01
8.9756e-01
9.0036e-01
9.0014e-01
8.9777e-01
8.9929e-01
9.0232e-01
8.9993e-01
9.0101e-01
8.9875e-01
9.0051e-01
8.9805e-01
9.0113e-01
9.0007e-01
9.0098e-01
9.0129e-01
8.9949e-01
8.9918e-01
8.9810e-01
8.9965e-01
9.0070e-01
9.0211e-01
9.0080e-01
9.0108e-01
8.9860e-01
9.0011e-01
8.9970e-01
8.9963e-01
8.9964e-01
8.9915e-01
8.9932e-01
9.0104e-01
9.0188e-01
8.9765e-01
9.0034e-01
8.9995e-01
9.0131e-01
8.9717e-01
9.0113e-01
9.0320e-01
9.0152e-01
9.0161e-01
8.9835e-01
8.9958e-01
9.0043e-01
9.0066e-01
8.9947e-01
9.0001e-01
9.0197e-01
9.0022e-01
9.0128e-01
8.9929e-01
9.0125e-01
8.9780e-01
9.0026e-01
8.9812e-01
9.0102e-01
9.0083e-01
9.0192e-01
8.9877e-01
8.9850e-01
9.0223e-01
8.9988e-01
9.0128e-01
8.9959e-01
8.9944e-01
9.0163e-01
9.0196e-01
8.9988e-01
8.9982e-01
8.9817e-01
8.9904e-01
8.9932e-01
9.0025e-01
9.0003e-01
8.9896e-01
8.9939e-01
9.0004e-01
8.9956e-01
8.9999e-01
8.9943e-01
9.0001e-01
9.0001e-01
9.0052e-01
8.9832e-01
9.0059e-01
9.0107e-01
8.9709e-01
8.9745e-01
8.9868e-01
9.0126e-01
9.0012e-01
9.0115e-01
8.9909e-01
8.9787e-01
8.9798e-01
9.0034e-01
9.0153e-01
9.0058e-01
9.0073e-01
9.0240e-01
8.9985e-01
8.9850e-01
8.9889e-01
9.0050e-01
9.0211e-01
8.9848e-01
8.9870e-01
9.0038e-01
8.9893e-01
9.0139e-01
8.9995e-01
8.9988e-01
8.9916e-01
9.0003e-01
8.9876e-01
8.9839e-01
8.9956e-01
9.0033e-01
8.9847e-01
8.9842e-01
9.0195e-01
8.9955e-01
8.9862e-01
9.0116e-01
8.9951e-01
9.0089e-01
9.0178e-01
8.9899e-01
9.0114e-01
9.0166e-01
9.0059e-01
8.9826e-01
9.0042e-01
8.9989e-01
9.0004e-01
9.0094e-01
8.9981e-01
8.9936e-01
9.0044e-01
9.0198e-01
8.9801e-01
8.9906e-01
9.0130e-01
9.0013e-01
9.0123e-01
9.0128e-01
9.0031e-01
8.9976e-01
9.0179e-01
8.9810e-01
9.0045e-01
9.0218e-01
9.0047e-01
8.9874e-01
9.0039e-01
8.9960e-01
9.0043e-01
9.0219e-01
8.9930e-01
9.0072e-01
9.0090e-01
8.9783e-01
8.9978e-01
8.9867e-01
8.9960e-01
9.0014e-01
9.0186e-01
8.9865e-01
9.0041e-01
9.0175e-01
8.9879e-01
9.0129e-01
8.9966e-01
9.0049e-01
8.9995e-01
8.9991e-01
8.9861e-01
8.9928e-01
8.9980e-01
8.9704e-01
8.9933e-01
9.0089e-01
8.9902e-01
9.0244e-01
9.0106e-01
8.9977e-01
9.0050e-01
8.9921e-01
9.0168e-01
8.9908e-01
8.9976e-01
8.9995e-01
8.9885e-01
9.0006e-01
9.0154e-01
9.0196e-01
8.9936e-01
9.0332e-01
9.0259e-01
9.0109e-01
9.0082e-01
8.9954e-01
9.0016e-01
9.0079e-01
9.0191e-01
9.0268e-01
9.0042e-01
9.0088e-01
8.9997e-01
8.9906e-01
9.0302e-01
9.0088e-01
9.0099e-01
9.0124e-01
8.9795e-01
9.0107e-01
9.0161e-01
8.9974e-01
9.0026e-01
9.0057e-01
9.0163e-01
9.0138e-01
8.9960e-01
9.0086e-01
8.9957e-01
8.9831e-01
8.9774e-01
8.9990e-01
8.9967e-01
9.0043e-01
8.9850e-01
9.0217e-01
8.9945e-01
9.0050e-01
8.9843e-01
9.0104e-01
9.0054e-01
9.0016e-01
9.0006e-01
8.9901e-01
8.9896e-01
8.9980e-01
8.9950e-01
8.9943e-01
8.9879e-01
9.0004e-01
9.0078e-01
8.9893e-01
8.9770e-01
8.9924e-01
9.0106e-01
8.9872e-01
8.9988e-01
8.9859e-01
9.0114e-01
9.0082e-01
8.9965e-01
9.0119e-01
9.0188e-01
9.0035e-01
8.9960e-01
9.0097e-01
8.9910e-01
9.0037e-01
9.0106e-01
9.0101e-01
8.9994e-01
8.9963e-01
9.0135e-01
9.0166e-01
8.9903e-01
8.9806e-01
9.0050e-01
9.0054e-01
8.9964e-01
9.0084e-01
9.0009e-01
9.0144e-01
9.0088e-01
8.9989e-01
9.0051e-01
8.9996e-01
8.9916e-01
8.9958e-01
8.9898e-01
8.9832e-01
8.9998e-01
8.9940e-01
8.9883e-01
9.0152e-01
8.9777e-01
9.0310e-01
9.0168e-01
8.9906e-01
8.9986e-01
8.9788e-01
8.9929e-01
9.0283e-01
9.0167e-01
9.0013e-01
9.0083e-01
8.9852e-01
9.0015e-01
8.9952e-01
8.9728e-01
8.9994e-01
8.9730e-01
8.9871e-01
9.0190e-01
8.9945e-01
9.0076e-01
9.0120e-01
8.9898e-01
9.0192e-01
9.0217e-01
9.0039e-01
8.9747e-01
9.0111e-01
9.0174e-01
8.9757e-01
9.0142e-01
9.0122e-01
8.9936e-01
9.0068e-01
9.0162e-01
9.0020e-01
9.0284e-01
9.0094e-01
9.0082e-01
9.0081e-01
8.9791e-01
8.9898e-01
8.9991e-01
9.0119e-01
9.0051e-01
8.9950e-01
8.9937e-01
9.0148e-01
9.0007e-01
9.0125e-01
9.0105e-01
8.9952e-01
8.9835e-01
8.9882e-01
8.9994e-01
8.9927e-01
8.9993e-01
8.9987e-01
9.0126e-01
9.0096e-01
8.9928e-01
9.0134e-01
9.0004e-01
9.0075e-01
8.9884e-01
8.9932e-01
9.0214e-01
9.0132e-01
9.0035e-01
8.9965e-01
9.0090e-01
8.9886e-01
9.0165e-01
9.0005e-01
8.9971e-01
8.9942e-01
8.9939e-01
8.9959e-01
9.0034e-01
9.0159e-01
8.9946e-01
9.0011e-01
8.9867e-01
9.0018e-01
9.0123e-01
9.0020e-01
8.9941e-01
8.9961e-01
8.9906e-01
9.0097e-01
9.0159e-01
9.0064e-01
9.0035e-01
9.0219e-01
8.9883e-01
8.9986e-01
8.9908e-01
9.0032e-01
8.9923e-01
9.0226e-01
8.9920e-01
9.0065e-01
9.0066e-01
8.9998e-01
9.0099e-01
9.0002e-01
9.0187e-01
8.9998e-01
8.9859e-01
9.0022e-01
8.9856e-01
9.0085e-01
9.0007e-01
9.0069e-01
9.0056e-01
8.9926e-01
8.9875e-01
8.9959e-01
8.9945e-01
9.0078e-01
8.9804e-01
9.0044e-01
9.0047e-01
8.9896e-01
8.9929e-01
9.0124e-01
8.9965e-01
8.9992e-01
8.9953e-01
9.0246e-01
9.0026e-01
8.9966e-01
8.9977e-01
8.9698e-01
9.0017e-01
8.9953e-01
8.9863e-01
9.0078e-01
9.0094e-01
9.0211e-01
9.0097e-01
8.9901e-01
8.9886e-01
9.0158e-01
9.0102e-01
9.0082e-01
8.9863e-01
8.9827e-01
9.0258e-01
9.0115e-01
9.0148e-01
9.0174e-01
8.9904e-01
9.0057e-01
9.0140e-01
8.9998e-01
8.9975e-01
9.0208e-01
9.0103e-01
9.0173e-01
9.0003e-01
9.0094e-01
8.9905e-01
8.9935e-01
8.9982e-01
8.9899e-01
9.0016e-01
8.9898e-01
8.9969e-01
9.0106e-01
8.9999e-01
8.9941e-01
9.0309e-01
8.9881e-01
8.9769e-01
8.9797e-01
8.9998e-01
9.0034e-01
9.0002e-01
9.0020e-01
9.0022e-01
9.0010e-01
9.0053e-01
9.0007e-01
8.9943e-01
9.0010e-01
8.9783e-01
8.9914e-01
8.9877e-01
9.0066e-01
8.9923e-01
9.0175e-01
9.0017e-01
9.0126e-01
9.0052e-01
9.0068e-01
9.0013e-01
9.0191e-01
8.9872e-01
8.9954e-01
9.0032e-01
9.0092e-01
8.9979e-01
9.0158e-01
9.0112e-01
8.9767e-01
8.9906e-01
9.0053e-01
9.0009e-01
8.9859e-01
8.9939e-01
9.0053e-01
9.0174e-01
9.0044e-01
9.0487e-01
8.9997e-01
8.9893e-01
9.0034e-01
9.0045e-01
9.0093e-01
9.0036e-01
9.0137e-01
9.0021e-01
9.0010e-01
8.9845e-01
8.9745e-01
8.9977e-01
8.9812e-01
8.9937e-01
9.0135e-01
9.0260e-01
9.0251e-01
8.9852e-01
8.9985e-01
8.9912e-01
9.0020e-01
8.9949e-01
9.0120e-01
8.9984e-01
8.9830e-01
9.0166e-01
9.0007e-01
8.9962e-01
9.0049e-01
9.0024e-01
8.9959e-01
8.9948e-01
9.0178e-01
9.0079e-01
9.0098e-01
8.9880e-01
9.0089e-01
8.9889e-01
9.0003e-01
9.0029e-01
9.0116e-01
9.0021e-01
9.0237e-01
9.0089e-01
9.0056e-01
8.9788e-01
9.0012e-01
9.0041e-01
9.0098e-01
9.0004e-01
9.0106e-01
9.0017e-01
9.0135e-01
8.9862e-01
8.9848e-01
9.0072e-01
9.0067e-01
8.9891e-01
9.0025e-01
8.9906e-01
8.9882e-01
9.0026e-01
8.9843e-01
9.0018e-01
8.9944e-01
9.0115e-01
9.0120e-01
8.9932e-01
8.9949e-01
8.9848e-01
9.0260e-01
8.9882e-01
8.9967e-01
9.0145e-01
8.9992e-01
8.9977e-01
9.0152e-01
8.9764e-01
8.9879e-01
8.9826e-01
8.9996e-01
9.0072e-01
9.0113e-01
9.0279e-01
8.9888e-01
9.0219e-01
9.0232e-01
8.9883e-01
8.9972e-01
8.9901e-01
8.9916e-01
8.9737e-01
8.9826e-01
9.0149e-01
8.9821e-01
8.9885e-01
9.0003e-01
8.9900e-01
8.9971e-01
8.9994e-01
9.0040e-01
8.9853e-01
9.0086e-01
9.0257e-01
9.0073e-01
9.0127e-01
9.0096e-01
9.0036e-01
8.9956e-01
9.0146e-01
8.9966e-01
8.9904e-01
8.9875e-01
9.0005e-01
8.9980e-01
9.0159e-01
9.0073e-01
9.0063e-01
9.0203e-01
9.0150e-01
9.0078e-01
8.9987e-01
9.0081e-01
9.0201e-01
8.9972e-01
9.0077e-01
9.0074e-01
8.9896e-01
9.0005e-01
9.0190e-01
9.0160e-01
8.9990e-01
8.9852e-01
9.0165e-01
8.9961e-01
9.0116e-01
9.0150e-01
9.0104e-01
8.9953e-01
8.9745e-01
9.0210e-01
8.9907e-01
9.0041e-01
8.9894e-01
8.9865e-01
8.9872e-01
9.0164e-01
8.9812e-01
9.0109e-01
9.0294e-01
9.0134e-01
9.0062e-01
9.0142e-01
9.0165e-01
8.9663e-01
9.0012e-01
9.0018e-01
8.9909e-01
8.9833e-01
9.0061e-01
9.0166e-01
9.0048e-01
8.9987e-01
9.0002e-01
9.0104e-01
8.9982e-01
9.0085e-01
8.9938e-01
9.0113e-01
9.0059e-01
8.9808e-01
9.0122e-01
9.0038e-01
9.0053e-01
9.0110e-01
9.0173e-01
9.0070e-01
9.0036e-01
9.0071e-01
8.9914e-01
9.0106e-01
8.9929e-01
9.0019e-01
8.9958e-01
9.0058e-01
9.0164e-01
9.0023e-01
9.0166e-01
9.0145e-01
8.9894e-01
8.9759e-01
9.0025e-01
8.9849e-01
9.0064e-01
8.9786e-01
9.0308e-01
9.0176e-01
8.9913e-01
8.9961e-01
9.0026e-01
9.0044e-01
8.9955e-01
8.9863e-01
8.9806e-01
8.9942e-01
8.9999e-01
9.0140e-01
9.0078e-01
9.0031e-01
8.9924e-01
9.0117e-01
8.9924e-01
8.9943e-01
9.0145e-01
8.9945e-01
8.9921e-01
8.9932e-01
9.0021e-01
9.0146e-01
9.0023e-01
9.0109e-01
9.0163e-01
8.9941e-01
9.0206e-01
8.9873e-01
9.0087e-01
9.0010e-01
9.0052e-01
9.0211e-01
9.0021e-01
9.0019e-01
9.0122e-01
9.0239e-01
8.9941e-01
9.0123e-01
9.0174e-01
9.0121e-01
9.0126e-01
9.0019e-01
8.9813e-01
8.9907e-01
9.0051e-01
8.9803e-01
8.9789e-01
9.0091e-01
8.9955e-01
8.9982e-01
8.9924e-01
8.9975e-01
9.0062e-01
8.9973e-01
9.0137e-01
9.0158e-01
9.0066e-01
8.9975e-01
8.9937e-01
9.0080e-01
9.0074e-01
8.9936e-01
9.0056e-01
8.9948e-01
9.0079e-01
9.0043e-01
9.0076e-01
8.9872e-01
9.0022e-01
9.0057e-01
8.9982e-01
9.0180e-01
8.9882e-01
8.9983e-01
9.0056e-01
8.9859e-01
8.9988e-01
9.0179e-01
9.0007e-01
9.0090e-01
9.0212e-01
9.0188e-01
8.9956e-01
9.0040e-01
9.0082e-01
9.0023e-01
9.0113e-01
9.0181e-01
8.9940e-01
8.9719e-01
9.0024e-01
9.0012e-01
8.9989e-01
8.9972e-01
8.9979e-01
9.0253e-01
9.0108e-01
9.0011e-01
8.9994e-01
9.0141e-01
8.9781e-01
8.9784e-01
9.0095e-01
8.9993e-01
9.0088e-01
8.9917e-01
8.9913e-01
8.9815e-01
8.9888e-01
9.0067e-01
8.9885e-01
8.9931e-01
9.0018e-01
9.0022e-01
9.0007e-01
8.9820e-01
9.0052e-01
8.9888e-01
9.0082e-01
8.9996e-01
8.9865e-01
9.0150e-01
9.0235e-01
9.0018e-01
9.0068e-01
9.0055e-01
9.0040e-01
9.0120e-01
8.9754e-01
9.0264e-01
8.9944e-01
9.0276e-01
9.0015e-01
9.0159e-01
8.9915e-01
9.0040e-01
9.0068e-01
8.9945e-01
9.0170e-01
9.0189e-01
9.0029e-01
9.0107e-01
9.0154e-01
9.0188e-01
9.0015e-01
9.0055e-01
9.0161e-01
9.0032e-01
9.0070e-01
8.9870e-01
9.0171e-01
9.0263e-01
8.9992e-01
8.9904e-01
8.9906e-01
8.9763e-01
8.9893e-01
9.0078e-01
8.9566e-01
9.0012e-01
8.9911e-01
9.0018e-01
8.9876e-01
8.9864e-01
8.9888e-01
8.9678e-01
9.0055e-01
9.0161e-01
8.9929e-01
9.0056e-01
8.9841e-01
9.0017e-01
8.9866e-01
8.9837e-01
8.9790e-01
8.9834e-01
8.9963e-01
8.9927e-01
9.0071e-01
9.0183e-01
9.0091e-01
8.9923e-01
8.9931e-01
9.0024e-01
9.0101e-01
9.0076e-01
8.9974e-01
8.9972e-01
9.0007e-01
9.0163e-01
9.0340e-01
9.0096e-01
9.0153e-01
8.9864e-01
8.9937e-01
8.9851e-01
8.9947e-01
8.9818e-01
8.9980e-01
9.0128e-01
9.0174e-01
8.9769e-01
9.0009e-01
8.9998e-01
9.0300e-01
8.9957e-01
9.0290e-01
8.9784e-01
9.0143e-01
8.9979e-01
9.0107e-01
9.0017e-01
9.0322e-01
9.0151e-01
9.0245e-01
9.0041e-01
9.0011e-01
8.9688e-01
8.9954e-01
9.0021e-01
9.0023e-01
9.0008e-01
9.0099e-01
8.9965e-01
9.0065e-01
9.0054e-01
9.0038e-01
8.9881e-01
9.0051e-01
8.9908e-01
9.0093e-01
9.0025e-01
9.0207e-01
8.9931e-01
8.9983e-01
8.9817e-01
8.9799e-01
8.9999e-01
8.9772e-01
8.9903e-01
9.0090e-01
9.0147e-01
9.0165e-01
9.0168e-01
9.0206e-01
8.9926e-01
8.9901e-01
9.0064e-01
9.0066e-01
9.0034e-01
9.0181e-01
8.9924e-01
8.9816e-01
8.9674e-01
8.9979e-01
8.9931e-01
9.0176e-01
9.0186e-01
9.0185e-01
9.0232e-01
8.9965e-01
8.9919e-01
8.9769e-01
9.0254e-01
8.9944e-01
9.0062e-01
9.0159e-01
9.0206e-01
8.9940e-01
9.0047e-01
9.0027e-01
9.0078e-01
9.0048e-01
9.0116e-01
8.9991e-01
9.0078e-01
9.0161e-01
8.9929e-01
8.9996e-01
8.9876e-01
8.9988e-01
9.0030e-01
9.0007e-01
9.0108e-01
8.9870e-01
8.9932e-01
9.0140e-01
9.0321e-01
9.0175e-01
9.0090e-01
8.9782e-01
9.0012e-01
9.0019e-01
8.9985e-01
8.9928e-01
8.9912e-01
9.0015e-01
8.9988e-01
9.0106e-01
9.0043e-01
9.0070e-01
9.0015e-01
8.9948e-01
9.0008e-01
9.0173e-01
8.9973e-01
9.0105e-01
9.0217e-01
9.0064e-01
8.9881e-01
8.9941e-01
8.9986e-01
8.9949e-01
9.0055e-01
8.9932e-01
8.9924e-01
9.0037e-01
8.9842e-01
8.9941e-01
8.9993e-01
8.9907e-01
9.0142e-01
9.0054e-01
9.0108e-01
8.9989e-01
8.9892e-01
9.0035e-01
8.9895e-01
8.9998e-01
8.9794e-01
9.0161e-01
9.0093e-01
8.9876e-01
8.9983e-01
8.9907e-01
9.0135e-01
9.0178e-01
8.9982e-01
8.9888e-01
9.0120e-01
8.9919e-01
8.9923e-01
8.9910e-01
8.9989e-01
9.0019e-01
9.0058e-01
9.0074e-01
8.9948e-01
9.0073e-01
8.9993e-01
9.0185e-01
9.0017e-01
9.0039e-01
9.0087e-01
8.9960e-01
8.9805e-01
9.0097e-01
9.0008e-01
8.9938e-01
9.0034e-01
8.9922e-01
8.9885e-01
8.9859e-01
8.9997e-01
9.0052e-01
9.0220e-01
8.9812e-01
8.9986e-01
8.9877e-01
9.0121e-01
8.9967e-01
8.9974e-01
8.9786e-01
9.0265e-01
8.9972e-01
9.0003e-01
8.9930e-01
9.0101e-01
9.0133e-01
9.0178e-01
8.9835e-01
9.0096e-01
9.0015e-01
8.9962e-01
8.9792e-01
8.9720e-01
9.0018e-01
8.9953e-01
9.0025e-01
9.0125e-01
9.0149e-01
8.9972e-01
9.0090e-01
9.0028e-01
9.0015e-01
8.9899e-01
9.0082e-01
8.9975e-01
8.9917e-01
8.9940e-01
8.9976e-01
8.9925e-01
8.9824e-01
9.0123e-01
8.9690e-01
9.0090e-01
9.0059e-01
9.0079e-01
9.0339e-01
8.9868e-01
8.9843e-01
8.9947e-01
9.0286e-01
8.9866e-01
9.0187e-01
8.9973e-01
9.0083e-01
9.0022e-01
8.9900e-01
8.9956e-01
8.9904e-01
8.9975e-01
8.9940e-01
9.0080e-01
9.0054e-01
9.0052e-01
9.0142e-01
9.0039e-01
8.9979e-01
9.0018e-01
9.0008e-01
9.0127e-01
8.9864e-01
8.9869e-01
8.9988e-01
9.0128e-01
9.0143e-01
9.0065e-01
8.9857e-01
9.0072e-01
8.9954e-01
8.9908e-01
8.9951e-01
9.0199e-01
8.9902e-01
9.0140e-01
9.0003e-01
9.0196e-01
9.0127e-01
8.9918e-01
9.0192e-01
8.9989e-01
8.9984e-01
8.9957e-01
8.9969e-01
8.9798e-01
9.0031e-01
8.9902e-01
9.0175e-01
8.9987e-01
8.9959e-01
9.0140e-01
8.9995e-01
9.0214e-01
9.0016e-01
9.0063e-01
9.0061e-01
9.0114e-01
8.9769e-01
8.9936e-01
9.0000e-01
8.9957e-01
8.9954e-01
8.9880e-01
9.0066e-01
9.0146e-01
9.0016e-01
9.0201e-01
9.0138e-01
9.0118e-01
9.0154e-01
8.9905e-01
8.9957e-01
8.9908e-01
8.9787e-01
8.9843e-01
8.9985e-01
8.9935e-01
8.9942e-01
9.0073e-01
9.0075e-01
8.9929e-01
8.9964e-01
9.0049e-01
9.0174e-01
9.0135e-01
9.0064e-01
9.0115e-01
8.9921e-01
8.9750e-01
8.9988e-01
9.0192e-01
8.9938e-01
8.9908e-01
9.0076e-01
8.9924e-01
8.9885e-01
8.9935e-01
9.0049e-01
9.0024e-01
9.0231e-01
8.9964e-01
8.9889e-01
8.9864e-01
9.0041e-01
9.0121e-01
8.9762e-01
9.0082e-01
8.9742e-01
8.9955e-01
9.0170e-01
9.0094e-01
8.9870e-01
8.9958e-01
9.0024e-01
8.9855e-01
9.0126e-01
9.0086e-01
9.0045e-01
8.9885e-01
9.0030e-01
9.0064e-01
9.0026e-01
9.0032e-01
9.0152e-01
9.0124e-01
9.0009e-01
9.0068e-01
8.9969e-01
8.9990e-01
9.0258e-01
8.9920e-01
8.9961e-01
9.0063e-01
9.0348e-01
9.0057e-01
8.9963e-01
8.9988e-01
8.9963e-01
8.9971e-01
8.9955e-01
9.0029e-01
8.9805e-01
8.9907e-01
8.9838e-01
8.9897e-01
8.9958e-01
9.0029e-01
9.0203e-01
8.9955e-01
8.9901e-01
8.9807e-01
8.9800e-01
9.0251e-01
8.9884e-01
9.0027e-01
8.9979e-01
9.0083e-01
8.9927e-01
8.9857e-01
9.0151e-01
8.9816e-01
8.9967e-01
9.0077e-01
9.0285e-01
9.0252e-01
8.9988e-01
8.9927e-01
8.9937e-01
9.0026e-01
8.9884e-01
8.9931e-01
8.9830e-01
9.0120e-01
8.9984e-01
9.0142e-01
9.0049e-01
8.9916e-01
9.0051e-01
9.0105e-01
8.9879e-01
8.9811e-01
9.0106e-01
9.0079e-01
9.0189e-01
9.0289e-01
9.0054e-01
8.9868e-01
9.0007e-01
9.0118e-01
9.0051e-01
9.0037e-01
8.9957e-01
9.0017e-01
8.9966e-01
8.9994e-01
9.0010e-01
8.9944e-01
8.9871e-01
9.0124e-01
9.0041e-01
9.0015e-01
8.9996e-01
8.9946e-01
9.0119e-01
9.0023e-01
9.0267e-01
8.9760e-01
8.9963e-01
8.9886e-01
9.0078e-01
8.9931e-01
9.0190e-01
8.9904e-01
9.0028e-01
9.0056e-01
8.9967e-01
8.9899e-01
8.9999e-01
8.9987e-01
8.9922e-01
9.0188e-01
8.9964e-01
9.0156e-01
8.9916e-01
9.0202e-01
9.0133e-01
8.9921e-01
9.0053e-01
9.0130e-01
8.9933e-01
9.0067e-01
8.9921e-01
9.0110e-01
8.9990e-01
9.0107e-01
9.0100e-01
8.9765e-01
8.9705e-01
8.9957e-01
9.0152e-01
8.9923e-01
8.9949e-01
8.9927e-01
8.9984e-01
8.9876e-01
8.9977e-01
8.9860e-01
9.0002e-01
8.9879e-01
8.9818e-01
9.0058e-01
9.0211e-01
9.0104e-01
9.0008e-01
9.0038e-01
8.9815e-01
8.9917e-01
9.0166e-01
8.9848e-01
9.0141e-01
8.9924e-01
9.0037e-01
8.9797e-01
9.0062e-01
8.9778e-01
8.9902e-01
9.0102e-01
8.9737e-01
9.0012e-01
9.0138e-01
8.9914e-01
8.9706e-01
9.0079e-01
9.0033e-01
9.0022e-01
8.9833e-01
8.9917e-01
8.9726e-01
9.0177e-01
8.9782e-01
8.9992e-01
9.0096e-01
9.0060e-01
9.0052e-01
9.0052e-01
8.9935e-01
8.9960e-01
8.9951e-01
9.0225e-01
8.9914e-01
9.0119e-01
9.0057e-01
9.0075e-01
9.0239e-01
8.9852e-01
8.9648e-01
9.0060e-01
8.9957e-01
9.0257e-01
9.0087e-01
9.0123e-01
9.0112e-01
8.9954e-01
8.9912e-01
9.0143e-01
9.0036e-01
9.0157e-01
9.0007e-01
8.9969e-01
8.9822e-01
9.0014e-01
9.0054e-01
9.0073e-01
8.9992e-01
9.0280e-01
9.0178e-01
8.9838e-01
9.0165e-01
9.0113e-01
8.9974e-01
9.0008e-01
8.9958e-01
9.0217e-01
9.0082e-01
8.9921e-01
8.9905e-01
8.9908e-01
8.9916e-01
8.9970e-01
9.0097e-01
9.0174e-01
9.0145e-01
9.0083e-01
8.9869e-01
9.0159e-01
8.9995e-01
8.9920e-01
8.9933e-01
9.0126e-01
8.9928e-01
8.9751e-01
9.0018e-01
9.0097e-01
8.9880e-01
8.9944e-01
8.9995e-01
9.0152e-01
8.9993e-01
9.0083e-01
9.0119e-01
9.0091e-01
9.0086e-01
9.0105e-01
9.0045e-01
9.0043e-01
9.0034e-01
9.0107e-01
8.9996e-01
9.0000e-01
9.0059e-01
9.0146e-01
9.0146e-01
8.9880e-01
9.0129e-01
9.0091e-01
9.0215e-01
8.9938e-01
9.0177e-01
9.0130e-01
8.9989e-01
9.0090e-01
9.0089e-01
8.9959e-01
8.9971e-01
8.9979e-01
9.0112e-01
8.9877e-01
9.0208e-01
8.9924e-01
9.0004e-01
8.9944e-01
9.0023e-01
8.9960e-01
8.9993e-01
8.9884e-01
9.0151e-01
9.0008e-01
9.0080e-01
9.0146e-01
9.0184e-01
8.9921e-01
8.9847e-01
8.9895e-01
9.0090e-01
8.9786e-01
9.0111e-01
9.0049e-01
8.9974e-01
9.0141e-01
8.9969e-01
8.9996e-01
9.0174e-01
9.0042e-01
8.9816e-01
9.0146e-01
8.9920e-01
8.9891e-01
9.0127e-01
9.0015e-01
9.0261e-01
9.0022e-01
9.0193e-01
9.0042e-01
9.0080e-01
9.0147e-01
9.0074e-01
9.0072e-01
9.0146e-01
9.0022e-01
8.9953e-01
8.9992e-01
8.9746e-01
8.9843e-01
9.0362e-01
8.9945e-01
8.9900e-01
9.0055e-01
8.9930e-01
8.9945e-01
8.9883e-01
8.9993e-01
9.0044e-01
9.0036e-01
9.0278e-01
8.9933e-01
9.0080e-01
8.9916e-01
9.0041e-01
8.9900e-01
8.9983e-01
9.0091e-01
9.0048e-01
9.0205e-01
8.9873e-01
8.9939e-01
8.9864e-01
9.0026e-01
9.0001e-01
9.0054e-01
9.0055e-01
8.9918e-01
9.0175e-01
8.9912e-01
8.9911e-01
9.0028e-01
9.0068e-01
8.9880e-01
9.0054e-01
8.9988e-01
9.0061e-01
9.0013e-01
9.0249e-01
9.0025e-01
9.0248e-01
8.9946e-01
9.0091e-01
9.0017e-01
9.0189e-01
9.0120e-01
9.0040e-01
9.0018e-01
8.9869e-01
9.0035e-01
9.0145e-01
8.9860e-01
9.0103e-01
8.9979e-01
8.9905e-01
9.0193e-01
8.9947e-01
9.0147e-01
9.0248e-01
9.0096e-01
8.9985e-01
9.0057e-01
9.0248e-01
8.9890e-01
8.9926e-01
9.0023e-01
8.9685e-01
8.9984e-01
9.0110e-01
9.0109e-01
9.0000e-01
9.0071e-01
8.9756e-01
9.0121e-01
9.0071e-01
8.9937e-01
8.9796e-01
8.9960e-01
9.0211e-01
8.9955e-01
9.0021e-01
9.0127e-01
8.9994e-01
9.0031e-01
8.9980e-01
9.0057e-01
9.0235e-01
8.9949e-01
9.0010e-01
9.0101e-01
9.0201e-01
8.9868e-01
8.9924e-01
8.9876e-01
8.9962e-01
8.9841e-01
9.0044e-01
9.0134e-01
9.0092e-01
8.9927e-01
9.0070e-01
9.0085e-01
8.9898e-01
8.9951e-01
8.9900e-01
8.9915e-01
9.0023e-01
9.0041e-01
8.9983e-01
8.9992e-01
9.0008e-01
9.0044e-01
9.0071e-01
9.0355e-01
8.9972e-01
9.0053e-01
8.9888e-01
9.0074e-01
8.9895e-01
9.0196e-01
9.0027e-01
9.0042e-01
9.0089e-01
9.0180e-01
9.0060e-01
8.9963e-01
8.9980e-01
9.0105e-01
9.0102e-01
9.0136e-01
9.0038e-01
9.0019e-01
8.9969e-01
8.9990e-01
8.9958e-01
9.0058e-01
9.0219e-01
8.9654e-01
8.9969e-01
8.9925e-01
8.9924e-01
9.0055e-01
9.0022e-01
9.0066e-01
9.0055e-01
8.9883e-01
8.9873e-01
9.0153e-01
8.9909e-01
9.0033e-01
9.0101e-01
8.9970e-01
9.0079e-01
8.9922e-01
9.0364e-01
9.0076e-01
8.9704e-01
9.0061e-01
8.9940e-01
8.9975e-01
9.0050e-01
9.0019e-01
8.9976e-01
8.9984e-01
9.0055e-01
9.0056e-01
8.9887e-01
9.0059e-01
8.9916e-01
8.9878e-01
8.9893e-01
9.0099e-01
8.9958e-01
9.0085e-01
9.0157e-01
9.0099e-01
9.0065e-01
8.9681e-01
8.9988e-01
8.9911e-01
9.0116e-01
9.0240e-01
9.0027e-01
8.9936e-01
8.9937e-01
9.0077e-01
9.0129e-01
9.0252e-01
9.0185e-01
9.0003e-01
8.9935e-01
9.0120e-01
8.9798e-01
8.9770e-01
8.9968e-01
8.9896e-01
8.9803e-01
9.0061e-01
8.9955e-01
8.9921e-01
9.0015e-01
8.9888e-01
8.9813e-01
8.9709e-01
8.9849e-01
9.0086e-01
9.0105e-01
9.0077e-01
9.0049e-01
8.9972e-01
9.0099e-01
8.9882e-01
8.9884e-01
8.9978e-01
8.9957e-01
8.9986e-01
8.9939e-01
8.9850e-01
8.9845e-01
9.0214e-01
9.0161e-01
8.9998e-01
9.0033e-01
8.9920e-01
9.0069e-01
9.0048e-01
9.0104e-01
9.0139e-01
9.0088e-01
9.0053e-01
9.0053e-01
8.9814e-01
8.9871e-01
9.0011e-01
9.0099e-01
8.9983e-01
8.9991e-01
8.9755e-01
8.9873e-01
9.0059e-01
8.9981e-01
9.0036e-01
8.9989e-01
9.0015e-01
9.0191e-01
8.9948e-01
8.9965e-01
8.9919e-01
9.0010e-01
9.0010e-01
8.9942e-01
9.0016e-01
9.0048e-01
9.0199e-01
8.9935e-01
8.9806e-01
8.9961e-01
8.9810e-01
8.9998e-01
8.9917e-01
8.9868e-01
8.9966e-01
9.0175e-01
8.9824e-01
9.0041e-01
9.0062e-01
9.0035e-01
8.9804e-01
9.0055e-01
9.0149e-01
8.9967e-01
9.0005e-01
8.9946e-01
9.0060e-01
9.0096e-01
8.9984e-01
9.0011e-01
9.0087e-01
9.0004e-01
8.9971e-01
9.0273e-01
8.9821e-01
8.9783e-01
9.0182e-01
8.9976e-01
8.9737e-01
8.9719e-01
9.0193e-01
9.0047e-01
8.9805e-01
9.0077e-01
9.0052e-01
8.9932e-01
8.9898e-01
8.9846e-01
9.0070e-01
8.9983e-01
8.9711e-01
9.0065e-01
8.9965e-01
9.0170e-01
8.9959e-01
8.9999e-01
8.9867e-01
8.9958e-01
9.0081e-01
9.0055e-01
8.9869e-01
8.9866e-01
8.9826e-01
8.9951e-01
8.9887e-01
9.0067e-01
8.9967e-01
9.0090e-01
8.9832e-01
9.0195e-01
8.9887e-01
9.0046e-01
9.0135e-01
9.0216e-01
8.9935e-01
9.0059e-01
8.9881e-01
9.0164e-01
8.9970e-01
9.0040e-01
9.0134e-01
9.0140e-01
9.0200e-01
8.9830e-01
9.0008e-01
8.9854e-01
9.0173e-01
8.9773e-01
8.9960e-01
9.0113e-01
8.9829e-01
9.0131e-01
9.0052e-01
9.0197e-01
9.0082e-01
9.0119e-01
8.9856e-01
9.0101e-01
9.0127e-01
8.9982e-01
9.0001e-01
8.9960e-01
8.9890e-01
9.0041e-01
9.0042e-01
9.0051e-01
8.9990e-01
9.0156e-01
8.9886e-01
9.0111e-01
9.0023e-01
9.0077e-01
8.9820e-01
9.0210e-01
9.0080e-01
9.0208e-01
9.0095e-01
9.0183e-01
9.0137e-01
8.9936e-01
8.9921e-01
8.9799e-01
8.9851e-01
8.9957e-01
9.0151e-01
8.9981e-01
8.9894e-01
8.9814e-01
8.9958e-01
8.9881e-01
9.0039e-01
8.9983e-01
9.0037e-01
9.0122e-01
9.0013e-01
8.9977e-01
9.0026e-01
8.9940e-01
8.9842e-01
8.9862e-01
8.9862e-01
9.0087e-01
8.9736e-01
8.9925e-01
8.9937e-01
8.9903e-01
9.0180e-01
8.9861e-01
8.9936e-01
8.9739e-01
9.0006e-01
9.0223e-01
8.9942e-01
8.9996e-01
9.0021e-01
9.0113e-01
8.9840e-01
9.0150e-01
8.9836e-01
8.9997e-01
8.9960e-01
9.0039e-01
9.0215e-01
9.0025e-01
9.0005e-01
8.9985e-01
8.9887e-01
9.0195e-01
8.9988e-01
9.0175e-01
8.9907e-01
8.9858e-01
9.0121e-01
8.9926e-01
9.0101e-01
9.0141e-01
9.0206e-01
8.9954e-01
8.9840e-01
8.9974e-01
8.9931e-01
9.0157e-01
9.0034e-01
9.0065e-01
9.0121e-01
9.0004e-01
8.9871e-01
9.0159e-01
8.9940e-01
8.9957e-01
8.9888e-01
8.9961e-01
8.9734e-01
9.0221e-01
8.9903e-01
8.9834e-01
8.9922e-01
8.9817e-01
8.9889e-01
9.0076e-01
9.0093e-01
9.0116e-01
9.0175e-01
8.9982e-01
8.9938e-01
9.0023e-01
9.0178e-01
9.0142e-01
8.9636e-01
9.0035e-01
8.9977e-01
8.9864e-01
9.0040e-01
9.0062e-01
8.9938e-01
8.9877e-01
9.0116e-01
9.0047e-01
9.0158e-01
8.9942e-01
9.0029e-01
8.9954e-01
9.0132e-01
8.9913e-01
8.9982e-01
8.9756e-01
8.9933e-01
8.9968e-01
9.0057e-01
8.9859e-01
9.0119e-01
8.9978e-01
9.0116e-01
8.9948e-01
8.9991e-01
9.0157e-01
8.9944e-01
9.0024e-01
9.0010e-01
8.9898e-01
8.9739e-01
9.0096e-01
9.0039e-01
9.0046e-01
8.9943e-01
8.9925e-01
8.9839e-01
8.9861e-01
9.0079e-01
9.0062e-01
9.0231e-01
8.9914e-01
9.0323e-01
9.0019e-01
9.0111e-01
9.0038e-01
9.0005e-01
9.0138e-01
8.9770e-01
8.9753e-01
8.9932e-01
8.9867e-01
9.0173e-01
9.0230e-01
9.0182e-01
9.0004e-01
8.9929e-01
9.0065e-01
9.0136e-01
9.0079e-01
8.9897e-01
9.0083e-01
9.0130e-01
9.0016e-01
9.0031e-01
8.9950e-01
9.0055e-01
9.0016e-01
9.0136e-01
9.0251e-01
8.9882e-01
9.0041e-01
9.0171e-01
9.0051e-01
9.0171e-01
8.9949e-01
8.9910e-01
8.9899e-01
9.0154e-01
9.0003e-01
9.0168e-01
8.9833e-01
8.9941e-01
8.9843e-01
8.9904e-01
9.0006e-01
8.9995e-01
9.0069e-01
8.9850e-01
9.0133e-01
9.0037e-01
8.9826e-01
9.0053e-01
8.9692e-01
9.0145e-01
9.0163e-01
9.0039e-01
8.9875e-01
8.9867e-01
8.9895e-01
9.0109e-01
9.0043e-01
8.9989e-01
9.0168e-01
8.9871e-01
8.9922e-01
8.9950e-01
9.0034e-01
8.9766e-01
9.0071e-01
8.9983e-01
9.0153e-01
