9.2039e-01
9.2056e-01
9.1917e-01
9.1787e-01
9.1913e-01
9.1917e-01
9.1708e-01
9.1798e-01
9.1993e-01
9.2036e-01
9.1867e-01
9.2043e-01
9.1909e-01
9.1690e-01
9.2034e-01
9.1936e-01
9.1897e-01
9.2114e-01
9.1772e-01
9.2002e-01
9.2068e-01
9.1951e-01
9.1850e-01
9.1748e-01
9.1992e-01
9.1873e-01
9.1845e-01
9.1745e-01
9.1901e-01
9.1845e-01
9.1984e-01
9.1730e-01
9.1733e-01
9.1894e-01
9.1979e-01
9.2011e-01
9.1703e-01
9.1878e-01
9.1782e-01
9.1803e-01
9.1805e-01
9.1685e-01
9.1983e-01
9.1892e-01
9.1976e-01
9.1893e-01
9.1946e-01
9.1840e-01
9.1822e-01
9.1891e-01
9.2046e-01
9.1849e-01
9.1759e-01
9.1895e-01
9.1832e-01
9.1871e-01
9.1926e-01
9.1850e-01
9.1915e-01
9.1869e-01
9.1709e-01
9.1986e-01
9.1878e-01
9.1970e-01
9.1794e-01
9.1990e-01
9.1885e-01
9.2007e-01
9.1979e-01
9.1943e-01
9.1975e-01
9.2199e-01
9.2062e-01
9.1751e-01
9.1742e-01
9.1984e-01
9.2027e-01
9.1805e-01
9.1869e-01
9.1976e-01
9.1897e-01
9.1916e-01
9.1867e-01
9.1922e-01
9.1793e-01
9.1892e-01
9.2015e-01
9.1952e-01
9.1858e-01
9.1929e-01
9.1950e-01
9.1855e-01
9.2086e-01
9.1594e-01
9.1740e-01
9.1775e-01
9.1834e-01
9.1773e-01
9.1952e-01
9.2107e-01
9.2016e-01
9.2009e-01
9.1747e-01
9.2173e-01
9.1727e-01
9.1933e-01
9.1961e-01
9.1872e-01
9.1907e-01
9.1950e-01
9.1812e-01
9.2060e-01
9.1978e-01
9.1790e-01
9.2033e-01
9.1815e-01
9.1954e-01
9.1874e-01
9.1895e-01
9.1886e-01
9.1788e-01
9.1893e-01
9.1883e-01
9.1718e-01
9.2067e-01
9.1738e-01
9.1988e-01
9.1801e-01
9.2001e-01
9.2017e-01
9.2119e-01
9.1977e-01
9.2021e-01
9.1809e-01
9.1999e-01
9.1973e-01
9.2062e-01
9.1887e-01
9.1872e-01
9.1963e-01
9.1829e-01
9.1824e-01
9.1882e-01
9.2198e-01
9.1923e-01
9.2090e-01
9.1804e-01
9.1877e-01
9.1919e-01
9.1800e-01
9.1726e-01
9.1833e-01
9.1652e-01
9.1823e-01
9.1939e-01
9.1941e-01
9.1982e-01
9.2031e-01
9.1758e-01
9.1711e-01
9.1875e-01
9.2026e-01
9.2018e-01
9.2134e-01
9.2115e-01
9.1842e-01
9.1588e-01
9.1789e-01
9.1641e-01
9.1906e-01
9.2059e-01
9.2082e-01
9.2252e-01
9.1571e-01
9.1885e-01
9.2017e-01
9.1940e-01
9.1885e-01
9.1728e-01
9.1889e-01
9.1932e-01
9.1815e-01
9.1937e-01
9.2050e-01
9.1861e-01
9.1857e-01
9.1890e-01
9.1801e-01
9.1836e-01
9.1951e-01
9.1853e-01
9.1959e-01
9.1903e-01
9.2015e-01
9.1964e-01
9.1716e-01
9.1917e-01
9.1899e-01
9.1735e-01
9.1896e-01
9.1806e-01
9.1818e-01
9.1968e-01
9.1901e-01
9.1990e-01
9.1708e-01
9.1861e-01
9.1911e-01
9.1716e-01
9.1900e-01
9.2054e-01
9.1896e-01
9.1879e-01
9.1784e-01
9.1859e-01
9.1884e-01
9.1908e-01
9.1984e-01
9.1819e-01
9.1880e-01
9.1836e-01
9.1864e-01
9.1753e-01
9.1927e-01
9.1744e-01
9.1836e-01
9.1891e-01
9.2036e-01
9.1938e-01
9.1925e-01
9.1839e-01
9.1935e-01
9.1738e-01
9.1641e-01
9.2039e-01
9.1919e-01
9.2089e-01
9.1927e-01
9.1673e-01
9.2014e-01
9.2059e-01
9.2068e-01
9.1883e-01
9.1837e-01
9.1989e-01
9.1697e-01
9.1934e-01
9.1937e-01
9.2016e-01
9.2024e-01
9.1977e-01
9.1662e-01
9.2030e-01
9.2033e-01
9.1833e-01
9.1907e-01
9.1818e-01
9.1936e-01
9.1727e-01
9.1903e-01
9.1995e-01
9.1804e-01
9.2003e-01
9.1992e-01
9.1848e-01
9.2155e-01
9.1917e-01
9.1823e-01
9.1983e-01
9.1876e-01
9.1864e-01
9.1934e-01
9.2105e-01
9.1656e-01
9.1872e-01
9.1702e-01
9.1828e-01
9.2064e-01
9.2265e-01
9.1997e-01
9.1751e-01
9.1826e-01
9.2127e-01
9.1856e-01
9.1885e-01
9.2226e-01
9.1981e-01
9.1855e-01
9.1960e-01
9.1848e-01
9.1874e-01
9.1935e-01
9.1887e-01
9.2116e-01
9.1800e-01
9.1672e-01
9.2013e-01
9.1780e-01
9.1866e-01
9.1856e-01
9.1841e-01
9.1780e-01
9.1693e-01
9.1933e-01
9.1999e-01
9.2157e-01
9.1914e-01
9.1941e-01
9.1838e-01
9.1923e-01
9.1739e-01
9.1926e-01
9.1942e-01
9.1884e-01
9.1991e-01
9.1723e-01
9.1913e-01
9.1917e-01
9.1946e-01
9.1902e-01
9.1755e-01
9.1979e-01
9.1871e-01
9.1929e-01
9.1793e-01
9.1815e-01
9.1992e-01
9.2026e-01
9.1771e-01
9.2203e-01
9.2141e-01
9.1815e-01
9.1881e-01
9.1901e-01
9.2091e-01
9.2094e-01
9.1871e-01
9.2046e-01
9.1777e-01
9.1896e-01
9.2079e-01
9.1538e-01
9.1967e-01
9.1940e-01
9.2122e-01
9.1966e-01
9.2119e-01
9.1808e-01
9.1930e-01
9.1877e-01
9.1880e-01
9.1868e-01
9.1721e-01
9.1893e-01
9.1780e-01
9.2002e-01
9.1785e-01
9.1982e-01
9.1856e-01
9.1845e-01
9.2213e-01
9.1750e-01
9.1870e-01
9.1944e-01
9.2166e-01
9.1978e-01
9.2016e-01
9.1816e-01
9.1823e-01
9.1928e-01
9.1929e-01
9.1900e-01
9.1964e-01
9.1911e-01
9.1849e-01
9.1943e-01
9.1734e-01
9.1792e-01
9.1738e-01
9.1789e-01
9.1982e-01
9.1830e-01
9.1811e-01
9.1762e-01
9.1727e-01
9.1831e-01
9.2097e-01
9.2125e-01
9.2029e-01
9.1936e-01
9.1897e-01
9.1949e-01
9.1956e-01
9.1928e-01
9.1825e-01
9.2026e-01
9.1769e-01
9.1801e-01
9.1929e-01
9.1866e-01
9.1954e-01
9.1737e-01
9.1791e-01
9.1851e-01
9.1791e-01
9.1995e-01
9.2055e-01
9.1877e-01
9.1789e-01
9.1965e-01
9.2127e-01
9.1874e-01
9.1690e-01
9.1990e-01
9.2054e-01
9.1748e-01
9.1921e-01
9.1910e-01
9.1767e-01
9.1980e-01
9.1705e-01
9.1808e-01
9.1955e-01
9.1850e-01
9.1918e-01
9.1847e-01
9.1812e-01
9.1683e-01
9.1749e-01
9.1916e-01
9.1811e-01
9.1939e-01
9.1796e-01
9.1917e-01
9.1799e-01
9.1885e-01
9.1635e-01
9.1979e-01
9.1716e-01
9.1749e-01
9.1726e-01
9.1898e-01
9.1762e-01
9.2007e-01
9.2072e-01
9.1949e-01
9.1889e-01
9.2042e-01
9.1700e-01
9.1916e-01
9.1916e-01
9.2084e-01
9.1993e-01
9.1958e-01
9.1963e-01
9.1552e-01
9.1949e-01
9.1758e-01
9.1663e-01
9.1997e-01
9.1850e-01
9.1862e-01
9.1784e-01
9.1942e-01
9.1818e-01
9.1676e-01
9.1821e-01
9.2011e-01
9.1880e-01
9.2217e-01
9.1975e-01
9.2167e-01
9.1738e-01
9.1909e-01
9.1781e-01
9.1905e-01
9.1859e-01
9.2013e-01
9.2018e-01
9.1894e-01
9.1937e-01
9.1806e-01
9.1893e-01
9.2000e-01
9.1456e-01
9.1912e-01
9.1900e-01
9.2098e-01
9.1910e-01
9.1669e-01
9.1962e-01
9.1783e-01
9.1697e-01
9.1972e-01
9.1858e-01
9.1876e-01
9.1926e-01
9.1859e-01
9.1788e-01
9.1809e-01
9.1785e-01
9.1990e-01
9.2185e-01
9.1784e-01
9.1890e-01
9.1794e-01
9.1776e-01
9.1771e-01
9.1754e-01
9.1878e-01
9.1777e-01
9.2008e-01
9.1686e-01
9.1639e-01
9.2024e-01
9.1903e-01
9.1730e-01
9.1954e-01
9.1989e-01
9.1820e-01
9.1759e-01
9.1909e-01
9.1827e-01
9.1984e-01
9.1868e-01
9.2053e-01
9.1917e-01
9.1867e-01
9.2126e-01
9.1826e-01
9.1856e-01
9.1875e-01
9.1811e-01
9.1922e-01
9.1712e-01
9.1899e-01
9.1744e-01
9.2003e-01
9.1840e-01
9.1831e-01
9.1847e-01
9.1802e-01
9.1943e-01
9.1954e-01
9.1823e-01
9.2002e-01
9.2004e-01
9.2031e-01
9.2012e-01
9.1869e-01
9.2164e-01
9.2059e-01
9.1792e-01
9.1897e-01
9.2000e-01
9.1905e-01
9.1841e-01
9.2043e-01
9.2025e-01
9.1728e-01
9.1849e-01
9.2072e-01
9.1927e-01
9.1961e-01
9.1565e-01
9.1801e-01
9.1939e-01
9.1886e-01
9.2138e-01
9.1986e-01
9.1932e-01
9.1928e-01
9.1808e-01
9.2137e-01
9.1938e-01
9.1673e-01
9.1774e-01
9.1942e-01
9.2080e-01
9.1951e-01
9.1883e-01
9.1918e-01
9.1762e-01
9.1853e-01
9.1996e-01
9.2012e-01
9.2195e-01
9.1791e-01
9.1812e-01
9.1865e-01
9.1792e-01
9.1957e-01
9.1921e-01
9.1920e-01
9.1966e-01
9.1905e-01
9.1862e-01
9.2064e-01
9.2023e-01
9.1760e-01
9.1944e-01
9.2074e-01
9.1799e-01
9.2020e-01
9.1906e-01
9.1845e-01
9.1763e-01
9.1785e-01
9.1950e-01
9.1912e-01
9.2069e-01
9.1785e-01
9.2032e-01
9.1730e-01
9.1797e-01
9.1842e-01
9.1942e-01
9.1783e-01
9.2059e-01
9.1875e-01
9.1977e-01
9.1929e-01
9.1877e-01
9.1976e-01
9.1855e-01
9.1878e-01
9.1996e-01
9.1977e-01
9.1923e-01
9.1893e-01
9.2009e-01
9.1807e-01
9.1907e-01
9.1843e-01
9.1949e-01
9.2030e-01
9.1814e-01
9.1723e-01
9.1890e-01
9.1740e-01
9.1797e-01
9.1879e-01
9.1874e-01
9.1704e-01
9.1857e-01
9.1801e-01
9.2138e-01
9.1982e-01
9.1769e-01
9.1801e-01
9.1907e-01
9.1798e-01
9.1947e-01
9.2048e-01
9.1667e-01
9.1928e-01
9.1681e-01
9.1994e-01
9.1930e-01
9.1934e-01
9.1914e-01
9.1856e-01
9.1899e-01
9.2155e-01
9.1904e-01
9.1989e-01
9.2002e-01
9.2237e-01
9.2037e-01
9.1731e-01
9.1995e-01
9.1791e-01
9.2034e-01
9.1952e-01
9.2018e-01
9.1970e-01
9.1772e-01
9.1997e-01
9.1847e-01
9.1890e-01
9.1965e-01
9.1739e-01
9.2038e-01
9.1841e-01
9.1967e-01
9.1644e-01
9.1841e-01
9.1825e-01
9.1652e-01
9.1848e-01
9.1858e-01
9.1984e-01
9.1727e-01
9.1822e-01
9.1797e-01
9.1884e-01
9.1807e-01
9.2094e-01
9.1778e-01
9.1903e-01
9.1843e-01
9.1876e-01
9.1995e-01
9.1817e-01
9.1791e-01
9.1891e-01
9.1915e-01
9.1916e-01
9.1818e-01
9.1794e-01
9.1949e-01
9.1718e-01
9.1975e-01
9.1874e-01
9.1954e-01
9.1725e-01
9.1956e-01
9.2122e-01
9.1796e-01
9.1904e-01
9.1981e-01
9.1984e-01
9.1849e-01
9.1963e-01
9.1840e-01
9.1793e-01
9.2193e-01
9.1790e-01
9.1852e-01
9.1554e-01
9.2101e-01
9.1830e-01
9.1683e-01
9.1633e-01
9.1827e-01
9.1876e-01
9.2039e-01
9.1811e-01
9.1801e-01
9.1923e-01
9.2019e-01
9.1980e-01
9.1823e-01
9.2075e-01
9.1911e-01
9.1730e-01
9.1892e-01
9.2016e-01
9.1877e-01
9.1978e-01
9.2047e-01
9.1818e-01
9.1794e-01
9.1935e-01
9.1883e-01
9.1893e-01
9.1928e-01
9.1876e-01
9.1956e-01
9.1721e-01
9.1746e-01
9.1738e-01
9.1803e-01
9.1819e-01
9.1885e-01
9.1833e-01
9.1865e-01
9.2073e-01
9.2024e-01
9.1732e-01
9.1858e-01
9.2090e-01
9.1578e-01
9.2074e-01
9.1743e-01
9.1834e-01
9.1760e-01
9.1934e-01
9.1892e-01
9.1987e-01
9.1960e-01
9.1891e-01
9.1892e-01
9.1914e-01
9.1741e-01
9.1945e-01
9.1698e-01
9.1942e-01
9.1875e-01
9.1778e-01
9.2063e-01
9.1942e-01
9.1828e-01
9.1999e-01
9.1914e-01
9.1987e-01
9.1919e-01
9.1870e-01
9.1959e-01
9.1945e-01
9.1750e-01
9.1891e-01
9.1941e-01
9.2074e-01
9.1888e-01
9.1893e-01
9.1922e-01
9.2061e-01
9.1787e-01
9.1921e-01
9.1885e-01
9.1835e-01
9.2006e-01
9.2082e-01
9.1780e-01
9.1823e-01
9.1803e-01
9.2038e-01
9.1865e-01
9.1815e-01
9.1797e-01
9.1829e-01
9.2027e-01
9.1681e-01
9.1773e-01
9.1751e-01
9.1926e-01
9.1821e-01
9.1967e-01
9.1965e-01
9.1941e-01
9.1648e-01
9.1926e-01
9.1727e-01
9.2019e-01
9.2034e-01
9.1904e-01
9.2003e-01
9.1916e-01
9.1918e-01
9.1949e-01
9.2071e-01
9.1930e-01
9.1761e-01
9.2098e-01
9.1900e-01
9.2028e-01
9.2007e-01
9.1969e-01
9.1940e-01
9.1783e-01
9.1921e-01
9.1914e-01
9.1843e-01
9.1956e-01
9.1899e-01
9.1927e-01
9.1817e-01
9.1889e-01
9.1712e-01
9.1900e-01
9.1924e-01
9.2153e-01
9.1960e-01
9.1924e-01
9.1805e-01
9.2022e-01
9.1590e-01
9.1826e-01
9.2029e-01
9.2087e-01
9.1703e-01
9.1872e-01
9.1940e-01
9.1834e-01
9.1851e-01
9.1778e-01
9.1830e-01
9.1878e-01
9.1971e-01
9.2047e-01
9.1981e-01
9.2076e-01
9.1940e-01
9.1990e-01
9.1898e-01
9.1753e-01
9.2050e-01
9.1883e-01
9.2065e-01
9.1860e-01
9.2029e-01
9.2039e-01
9.1813e-01
9.2066e-01
9.1844e-01
9.1744e-01
9.1981e-01
9.2085e-01
9.2099e-01
9.1982e-01
9.1813e-01
9.1915e-01
9.2200e-01
9.1788e-01
9.2113e-01
9.2024e-01
9.1992e-01
9.1932e-01
9.1876e-01
9.1853e-01
9.2050e-01
9.1834e-01
9.1833e-01
9.2009e-01
9.1701e-01
9.1844e-01
9.2138e-01
9.2098e-01
9.1751e-01
9.1941e-01
9.2060e-01
9.1689e-01
9.2021e-01
9.1934e-01
9.2088e-01
9.1904e-01
9.1925e-01
9.1832e-01
9.1835e-01
9.1878e-01
9.1949e-01
9.1706e-01
9.1741e-01
9.2163e-01
9.1797e-01
9.1832e-01
9.1745e-01
9.1943e-01
9.1763e-01
9.1876e-01
9.1870e-01
9.1863e-01
9.1877e-01
9.1857e-01
9.1926e-01
9.1854e-01
9.1800e-01
9.2009e-01
9.1967e-01
9.2076e-01
9.1813e-01
9.1874e-01
9.1762e-01
9.1894e-01
9.1972e-01
9.1857e-01
9.1803e-01
9.1805e-01
9.1813e-01
9.1596e-01
9.1894e-01
9.1716e-01
9.2042e-01
9.1841e-01
9.1929e-01
9.1920e-01
9.1927e-01
9.1814e-01
9.1992e-01
9.1909e-01
9.1826e-01
9.1662e-01
9.2089e-01
9.2028e-01
9.1969e-01
9.1878e-01
9.2133e-01
9.1865e-01
9.1955e-01
9.1827e-01
9.2064e-01
9.1832e-01
9.1795e-01
9.1875e-01
9.1721e-01
9.2003e-01
9.1772e-01
9.2007e-01
9.1873e-01
9.1835e-01
9.1989e-01
9.1798e-01
9.1792e-01
9.1967e-01
9.1788e-01
9.1928e-01
9.1708e-01
9.1988e-01
9.2069e-01
