9.4947e-01
9.1542e-01
9.3684e-01
9.2805e-01
9.3537e-01
9.3103e-01
9.4801e-01
9.4516e-01
9.4707e-01
9.3430e-01
9.3701e-01
9.3257e-01
9.3702e-01
9.3500e-01
9.4171e-01
9.3054e-01
9.2840e-01
9.2718e-01
9.4449e-01
9.4900e-01
9.3662e-01
9.4393e-01
9.3919e-01
9.3903e-01
9.3690e-01
9.4347e-01
9.3250e-01
9.2813e-01
9.2670e-01
9.3741e-01
9.3392e-01
9.4930e-01
9.4679e-01
9.3943e-01
9.2582e-01
9.4294e-01
9.3573e-01
9.3442e-01
9.3879e-01
9.3758e-01
9.4098e-01
9.2625e-01
9.3336e-01
9.3889e-01
9.3791e-01
9.3952e-01
9.3907e-01
9.3244e-01
9.4978e-01
9.3702e-01
9.4305e-01
9.3324e-01
9.3883e-01
9.3990e-01
9.3817e-01
9.3788e-01
9.3699e-01
9.3548e-01
9.3588e-01
9.2671e-01
9.3165e-01
9.3770e-01
9.2924e-01
9.3215e-01
9.2936e-01
9.2144e-01
9.4285e-01
9.3008e-01
9.2788e-01
9.3917e-01
9.3026e-01
9.2741e-01
9.2982e-01
9.3024e-01
9.3856e-01
9.2394e-01
9.3082e-01
9.4492e-01
9.3659e-01
9.3075e-01
9.3857e-01
9.2718e-01
9.4514e-01
9.3983e-01
9.4062e-01
9.4400e-01
9.3490e-01
9.3269e-01
9.5027e-01
9.3188e-01
9.2955e-01
9.4245e-01
9.3269e-01
9.3419e-01
9.4537e-01
9.3649e-01
9.4570e-01
9.3192e-01
9.3985e-01
9.3863e-01
9.3168e-01
9.3670e-01
9.3609e-01
9.3074e-01
9.3304e-01
9.3481e-01
9.3258e-01
9.2994e-01
9.3061e-01
9.3220e-01
9.2723e-01
9.4943e-01
9.2769e-01
9.3923e-01
9.4066e-01
9.4832e-01
9.2553e-01
9.3350e-01
9.2389e-01
9.4220e-01
9.2667e-01
9.2455e-01
9.3344e-01
9.4155e-01
9.3808e-01
9.3133e-01
9.3183e-01
9.3640e-01
9.4253e-01
9.3108e-01
9.3647e-01
9.2918e-01
9.4385e-01
9.2254e-01
9.2005e-01
9.3467e-01
9.3943e-01
9.4102e-01
9.3644e-01
9.3945e-01
9.4043e-01
9.3747e-01
9.2343e-01
9.3729e-01
9.4089e-01
9.5079e-01
9.3527e-01
9.3232e-01
9.5231e-01
9.4269e-01
9.3151e-01
9.3104e-01
9.2868e-01
9.3426e-01
9.3049e-01
9.2174e-01
9.3837e-01
9.4048e-01
9.2693e-01
9.3581e-01
9.3428e-01
9.3798e-01
9.4925e-01
9.5263e-01
9.3551e-01
9.4378e-01
9.3243e-01
9.3799e-01
9.4705e-01
9.2551e-01
9.3584e-01
9.3323e-01
9.3075e-01
9.4524e-01
9.3759e-01
9.3540e-01
9.2498e-01
9.3482e-01
9.2659e-01
9.3855e-01
9.3355e-01
9.3425e-01
9.2595e-01
9.4267e-01
9.3521e-01
9.3340e-01
9.2473e-01
9.3408e-01
9.2478e-01
9.1755e-01
9.3735e-01
9.3435e-01
9.4145e-01
9.4054e-01
9.4014e-01
9.3338e-01
9.3946e-01
9.2843e-01
9.2927e-01
9.3281e-01
9.4771e-01
9.3050e-01
9.3390e-01
9.3277e-01
9.3854e-01
9.2761e-01
9.3172e-01
9.2898e-01
9.2596e-01
9.4495e-01
9.3311e-01
9.3499e-01
9.4873e-01
9.3280e-01
9.3496e-01
9.4300e-01
9.4523e-01
9.4551e-01
9.3102e-01
9.3490e-01
9.3590e-01
9.4333e-01
9.3929e-01
9.2497e-01
9.3759e-01
9.3148e-01
9.2910e-01
9.4340e-01
9.3648e-01
9.3362e-01
9.3812e-01
9.3772e-01
9.4183e-01
9.3046e-01
9.2918e-01
9.2674e-01
9.3350e-01
9.4506e-01
9.4325e-01
9.2627e-01
9.3958e-01
9.4281e-01
9.2521e-01
9.2757e-01
9.4381e-01
9.2457e-01
9.4156e-01
9.3536e-01
9.2403e-01
9.3043e-01
9.3670e-01
9.3005e-01
9.3448e-01
9.3498e-01
9.5410e-01
9.4181e-01
9.4337e-01
9.3703e-01
9.3306e-01
9.4475e-01
9.2974e-01
9.3940e-01
9.2946e-01
9.3983e-01
9.3315e-01
9.5279e-01
9.2778e-01
9.3505e-01
9.3353e-01
9.3053e-01
9.3768e-01
9.3478e-01
9.3735e-01
9.3570e-01
9.3684e-01
9.3350e-01
9.3342e-01
9.4194e-01
9.2578e-01
9.3938e-01
9.2960e-01
9.3793e-01
9.4375e-01
9.4075e-01
9.3807e-01
9.2746e-01
9.3132e-01
9.3600e-01
9.4293e-01
9.2778e-01
9.3725e-01
9.3364e-01
9.4955e-01
9.3447e-01
9.4328e-01
9.2699e-01
9.4276e-01
9.3435e-01
9.3684e-01
9.4297e-01
9.3623e-01
9.4050e-01
9.2993e-01
9.4092e-01
9.3175e-01
9.2955e-01
9.4654e-01
9.3849e-01
9.4464e-01
9.3572e-01
9.3268e-01
9.4376e-01
9.3129e-01
9.3249e-01
9.3275e-01
9.3567e-01
9.3980e-01
9.2302e-01
9.3482e-01
9.3301e-01
9.2920e-01
9.3489e-01
9.4333e-01
9.4051e-01
9.2943e-01
9.3369e-01
9.4873e-01
9.2757e-01
9.4468e-01
9.4121e-01
9.4105e-01
9.5179e-01
9.3435e-01
9.5003e-01
9.2637e-01
9.2519e-01
9.2042e-01
9.2656e-01
9.3090e-01
9.3322e-01
9.3722e-01
9.3008e-01
9.3787e-01
9.4164e-01
9.4422e-01
9.3615e-01
9.3691e-01
9.3530e-01
9.2892e-01
9.4427e-01
9.4399e-01
9.3359e-01
9.3834e-01
9.3592e-01
9.4005e-01
9.4473e-01
9.3692e-01
9.3869e-01
9.3625e-01
9.5186e-01
9.3591e-01
9.4056e-01
9.4745e-01
9.3525e-01
9.2602e-01
9.4097e-01
9.3628e-01
9.3908e-01
9.3607e-01
9.5115e-01
9.3435e-01
9.3512e-01
9.3091e-01
9.4082e-01
9.3207e-01
9.2411e-01
9.4396e-01
9.3286e-01
9.3802e-01
9.3650e-01
9.2783e-01
9.3974e-01
9.2897e-01
9.3814e-01
9.2231e-01
9.4401e-01
9.1759e-01
9.3481e-01
9.4442e-01
9.4076e-01
9.3032e-01
9.3549e-01
9.4187e-01
9.3186e-01
9.3959e-01
9.4579e-01
9.3982e-01
9.3544e-01
9.3530e-01
9.3246e-01
9.3550e-01
9.4245e-01
9.3593e-01
9.4398e-01
9.3186e-01
9.2957e-01
9.2755e-01
9.4222e-01
9.4339e-01
9.3627e-01
9.2580e-01
9.4530e-01
9.2537e-01
9.3781e-01
9.3148e-01
9.3693e-01
9.3858e-01
9.3367e-01
9.3965e-01
9.3971e-01
9.2621e-01
9.3247e-01
9.4410e-01
9.3618e-01
9.4025e-01
9.5410e-01
9.2512e-01
9.5016e-01
9.4512e-01
9.3041e-01
9.4124e-01
9.3932e-01
9.4326e-01
9.3237e-01
9.3743e-01
9.4689e-01
9.4300e-01
9.3496e-01
9.3778e-01
9.4638e-01
9.4038e-01
9.2866e-01
9.2639e-01
9.2798e-01
9.3097e-01
9.2269e-01
9.3129e-01
9.2653e-01
9.3869e-01
9.4163e-01
9.2295e-01
9.4354e-01
9.3252e-01
9.2707e-01
9.3770e-01
9.3315e-01
9.1815e-01
9.3271e-01
9.2166e-01
9.4177e-01
9.2402e-01
9.3433e-01
9.3485e-01
9.4420e-01
9.3455e-01
9.3461e-01
9.3866e-01
9.3564e-01
9.4155e-01
9.3722e-01
9.3249e-01
9.2594e-01
9.3140e-01
9.3976e-01
9.4086e-01
9.3987e-01
9.4388e-01
9.4276e-01
9.3823e-01
9.4591e-01
9.2646e-01
9.4586e-01
9.3530e-01
9.3696e-01
9.4020e-01
9.3775e-01
9.4822e-01
9.3779e-01
9.3276e-01
9.3609e-01
9.3214e-01
9.3966e-01
9.3592e-01
9.2908e-01
9.3991e-01
9.3059e-01
9.3356e-01
9.2930e-01
9.3281e-01
9.3106e-01
9.3263e-01
9.2895e-01
9.2782e-01
9.2917e-01
9.3890e-01
9.3283e-01
9.3244e-01
9.3618e-01
9.3427e-01
9.2489e-01
9.4871e-01
9.2424e-01
9.4492e-01
9.4079e-01
9.3282e-01
9.3999e-01
9.3760e-01
9.4893e-01
9.3170e-01
9.3262e-01
9.3017e-01
9.4062e-01
9.3238e-01
9.2936e-01
9.3717e-01
9.2837e-01
9.3027e-01
9.4102e-01
9.3884e-01
9.4993e-01
9.3521e-01
9.2931e-01
9.3868e-01
9.3522e-01
9.3346e-01
9.3070e-01
9.3300e-01
9.2355e-01
9.3717e-01
9.3764e-01
9.4027e-01
9.2599e-01
9.2648e-01
9.3420e-01
9.2014e-01
9.4029e-01
9.3588e-01
9.3080e-01
9.4175e-01
9.4258e-01
9.4681e-01
9.4544e-01
9.2894e-01
9.2674e-01
9.3930e-01
9.3998e-01
9.3264e-01
9.4307e-01
9.2193e-01
9.3472e-01
9.3628e-01
9.4169e-01
9.3124e-01
9.3302e-01
9.2847e-01
9.4306e-01
9.3566e-01
9.3476e-01
9.3893e-01
9.2421e-01
9.2675e-01
9.4149e-01
9.4041e-01
9.3252e-01
9.3337e-01
9.4529e-01
9.3728e-01
9.3219e-01
9.4435e-01
9.4181e-01
9.3470e-01
9.4249e-01
9.4593e-01
9.3703e-01
9.4258e-01
9.3731e-01
9.3773e-01
9.3995e-01
9.4262e-01
9.3666e-01
9.3728e-01
9.2725e-01
9.4200e-01
9.4449e-01
9.4194e-01
9.3029e-01
9.3660e-01
9.3721e-01
9.3595e-01
9.3394e-01
9.3073e-01
9.3700e-01
9.3182e-01
9.3487e-01
9.3124e-01
9.3339e-01
9.3692e-01
9.3248e-01
9.2691e-01
9.3703e-01
9.3405e-01
9.3418e-01
9.2784e-01
9.3735e-01
9.3819e-01
9.4121e-01
9.3427e-01
9.3468e-01
9.3043e-01
9.4054e-01
9.3362e-01
9.2377e-01
9.3612e-01
9.2939e-01
9.3499e-01
9.3048e-01
9.2711e-01
9.4521e-01
9.4283e-01
9.3022e-01
9.3788e-01
9.4067e-01
9.3856e-01
9.3806e-01
9.3976e-01
9.5521e-01
9.3368e-01
9.4468e-01
9.6334e-01
9.2894e-01
9.4029e-01
9.2988e-01
9.3801e-01
9.3944e-01
9.2934e-01
9.2831e-01
9.4275e-01
9.4096e-01
9.3421e-01
9.2855e-01
9.3183e-01
9.1714e-01
9.3264e-01
9.3620e-01
9.3638e-01
9.4703e-01
9.3519e-01
9.3081e-01
9.2958e-01
9.3466e-01
9.3814e-01
9.2904e-01
9.3748e-01
9.2416e-01
9.3843e-01
9.3993e-01
9.3377e-01
9.3489e-01
9.4137e-01
9.3108e-01
9.3762e-01
9.4299e-01
9.3594e-01
9.4286e-01
9.5040e-01
9.4426e-01
9.3610e-01
9.2332e-01
9.3554e-01
9.4825e-01
9.4535e-01
9.3487e-01
9.3834e-01
9.4138e-01
9.4572e-01
9.3732e-01
9.3785e-01
9.3775e-01
9.3545e-01
9.3344e-01
9.3642e-01
9.3904e-01
9.2920e-01
9.3801e-01
9.4112e-01
9.2638e-01
9.3644e-01
9.4110e-01
9.3586e-01
9.3705e-01
9.3927e-01
9.4371e-01
9.4495e-01
9.4351e-01
9.3902e-01
9.3819e-01
9.3794e-01
9.3003e-01
9.3683e-01
9.4524e-01
9.2968e-01
9.3828e-01
9.3838e-01
9.3189e-01
9.3196e-01
9.4203e-01
9.2805e-01
9.3306e-01
9.3434e-01
9.3109e-01
9.4096e-01
9.4853e-01
9.4098e-01
9.4210e-01
9.3726e-01
9.3314e-01
9.3720e-01
9.3259e-01
9.3322e-01
9.4120e-01
9.4427e-01
9.2728e-01
9.4230e-01
9.4693e-01
9.3812e-01
9.3105e-01
9.3111e-01
9.4333e-01
9.3909e-01
9.3644e-01
9.2980e-01
9.2396e-01
9.2095e-01
9.2567e-01
9.4145e-01
9.4034e-01
9.3149e-01
9.5359e-01
9.3862e-01
9.4171e-01
9.2995e-01
9.2963e-01
9.3388e-01
9.3389e-01
9.3764e-01
9.4418e-01
9.2460e-01
9.3723e-01
9.3150e-01
9.3345e-01
9.3012e-01
9.3176e-01
9.3326e-01
9.4040e-01
9.2870e-01
9.3818e-01
9.2801e-01
9.2809e-01
9.3694e-01
9.3926e-01
9.3508e-01
9.3743e-01
9.4373e-01
9.2635e-01
9.3907e-01
9.3989e-01
9.3427e-01
9.2753e-01
9.2618e-01
9.3729e-01
9.3411e-01
9.4806e-01
9.3865e-01
9.2766e-01
9.4999e-01
9.4858e-01
9.2870e-01
9.3883e-01
9.3599e-01
9.2467e-01
9.3015e-01
9.4058e-01
9.3375e-01
9.3908e-01
9.2775e-01
9.2959e-01
9.4186e-01
9.4149e-01
9.2929e-01
9.4530e-01
9.3013e-01
9.3098e-01
9.2728e-01
9.3472e-01
9.3571e-01
9.2656e-01
9.2702e-01
9.2824e-01
9.3304e-01
9.2618e-01
9.3638e-01
9.3477e-01
9.3540e-01
9.4309e-01
9.4576e-01
9.3579e-01
9.3173e-01
9.4291e-01
9.3882e-01
9.4608e-01
9.3080e-01
9.2882e-01
9.3110e-01
9.2963e-01
9.4036e-01
9.4723e-01
9.3689e-01
9.3920e-01
9.3311e-01
9.4589e-01
9.2698e-01
9.3595e-01
9.3317e-01
9.4325e-01
9.2776e-01
9.3363e-01
9.3768e-01
9.1645e-01
9.3163e-01
9.3169e-01
9.3968e-01
9.2878e-01
9.3609e-01
9.3152e-01
9.2317e-01
9.2737e-01
9.3640e-01
9.2554e-01
9.3749e-01
9.4936e-01
9.2244e-01
9.3549e-01
9.3307e-01
9.4323e-01
9.3645e-01
9.4097e-01
9.3861e-01
9.3436e-01
9.4658e-01
9.3462e-01
9.3726e-01
9.3230e-01
9.2242e-01
9.3124e-01
9.3574e-01
9.3063e-01
9.4537e-01
9.3648e-01
9.4271e-01
9.2757e-01
9.3609e-01
9.3616e-01
9.4249e-01
9.3587e-01
9.5091e-01
9.3746e-01
9.4221e-01
9.2940e-01
9.3793e-01
9.2962e-01
9.1778e-01
9.3342e-01
9.3299e-01
9.2889e-01
9.3814e-01
9.4711e-01
9.3439e-01
9.3262e-01
9.4519e-01
9.3950e-01
9.3071e-01
9.2979e-01
9.3596e-01
9.2903e-01
9.3911e-01
9.3036e-01
9.2536e-01
9.3353e-01
9.2976e-01
9.3569e-01
9.4811e-01
9.2523e-01
9.4227e-01
9.2893e-01
9.2951e-01
9.3862e-01
9.3359e-01
9.3850e-01
9.2608e-01
9.2783e-01
9.4051e-01
9.2997e-01
9.3874e-01
9.2710e-01
9.3039e-01
9.2663e-01
9.3508e-01
9.2498e-01
9.3329e-01
9.3114e-01
9.3147e-01
9.3377e-01
9.4306e-01
9.4297e-01
9.2894e-01
9.3347e-01
9.4160e-01
9.3529e-01
9.2781e-01
9.4305e-01
9.2909e-01
9.4141e-01
9.2766e-01
9.4870e-01
9.3971e-01
9.3012e-01
9.2679e-01
9.2948e-01
9.3666e-01
9.3408e-01
9.3172e-01
9.2990e-01
9.3286e-01
9.2822e-01
9.4929e-01
9.2914e-01
9.4242e-01
9.3297e-01
9.3731e-01
9.3565e-01
9.3235e-01
9.3966e-01
9.2546e-01
9.3358e-01
9.3197e-01
9.4221e-01
9.3944e-01
9.3629e-01
9.4515e-01
9.3566e-01
9.3319e-01
9.3659e-01
9.3769e-01
9.4489e-01
9.5431e-01
9.2930e-01
9.4098e-01
9.3519e-01
9.4526e-01
9.3348e-01
9.3319e-01
9.4024e-01
9.3277e-01
9.4248e-01
9.4490e-01
9.3059e-01
9.3184e-01
9.4954e-01
9.3009e-01
9.4029e-01
9.2564e-01
9.4501e-01
9.4273e-01
9.3383e-01
9.2128e-01
9.5519e-01
9.3359e-01
9.3157e-01
9.3591e-01
9.4271e-01
9.4919e-01
9.4167e-01
9.3683e-01
9.4377e-01
9.3984e-01
9.3546e-01
9.3702e-01
9.3967e-01
9.3788e-01
9.3428e-01
