9.3576e-01
9.3149e-01
9.3087e-01
9.3132e-01
9.3552e-01
9.2974e-01
9.3760e-01
9.3447e-01
9.3836e-01
9.3949e-01
9.3086e-01
9.3804e-01
9.3281e-01
9.3766e-01
9.3423e-01
9.3511e-01
9.3278e-01
9.3589e-01
9.3687e-01
9.3922e-01
9.3683e-01
9.3599e-01
9.3772e-01
9.3712e-01
9.3374e-01
9.3394e-01
9.3537e-01
9.3883e-01
9.3610e-01
9.3798e-01
9.3556e-01
9.3262e-01
9.3233e-01
9.3592e-01
9.3392e-01
9.3697e-01
9.3289e-01
9.3384e-01
9.3672e-01
9.3309e-01
9.3778e-01
9.3249e-01
9.3303e-01
9.3474e-01
9.2896e-01
9.3012e-01
9.3276e-01
9.3532e-01
9.3398e-01
9.3597e-01
9.3156e-01
9.3404e-01
9.3628e-01
9.3998e-01
9.3642e-01
9.3413e-01
9.3274e-01
9.3593e-01
9.3854e-01
9.3426e-01
9.3221e-01
9.2998e-01
9.3242e-01
9.3694e-01
9.3054e-01
9.3245e-01
9.3553e-01
9.3162e-01
9.3832e-01
9.3371e-01
9.3359e-01
9.3472e-01
9.3187e-01
9.3607e-01
9.3422e-01
9.3447e-01
9.3432e-01
9.3288e-01
9.3448e-01
9.3259e-01
9.3349e-01
9.3378e-01
9.3695e-01
9.3532e-01
9.4010e-01
9.3213e-01
9.3685e-01
9.3249e-01
9.3266e-01
9.2894e-01
9.3229e-01
9.3749e-01
9.3377e-01
9.3119e-01
9.3519e-01
9.3603e-01
9.3428e-01
9.2698e-01
9.4208e-01
9.3669e-01
9.3458e-01
9.3354e-01
9.3656e-01
9.3849e-01
9.3112e-01
9.3406e-01
9.3879e-01
9.3735e-01
9.3384e-01
9.3384e-01
9.3437e-01
9.3411e-01
9.3075e-01
9.3010e-01
9.3588e-01
9.3789e-01
9.3845e-01
9.3096e-01
9.3585e-01
9.3542e-01
9.3743e-01
9.2974e-01
9.3597e-01
9.3545e-01
9.3786e-01
9.3942e-01
9.3771e-01
9.3669e-01
9.4104e-01
9.3452e-01
9.3290e-01
9.3797e-01
9.3104e-01
9.3770e-01
9.3545e-01
9.3231e-01
9.3795e-01
9.3078e-01
9.3398e-01
9.3462e-01
9.3089e-01
9.3449e-01
9.3692e-01
9.2890e-01
9.3493e-01
9.4050e-01
9.3876e-01
9.3535e-01
9.3361e-01
9.3795e-01
9.3341e-01
9.3742e-01
9.3452e-01
9.3733e-01
9.3016e-01
9.3992e-01
9.3552e-01
9.3732e-01
9.3283e-01
9.3794e-01
9.3343e-01
9.3262e-01
9.3796e-01
9.3358e-01
9.2922e-01
9.3588e-01
9.3606e-01
9.3780e-01
9.3170e-01
9.3964e-01
9.3127e-01
9.3158e-01
9.3489e-01
9.3743e-01
9.3890e-01
9.3348e-01
9.3603e-01
9.3826e-01
9.3521e-01
9.3153e-01
9.3284e-01
9.3538e-01
9.3160e-01
9.3294e-01
9.3797e-01
9.3145e-01
9.3005e-01
9.3669e-01
9.3860e-01
9.2641e-01
9.3728e-01
9.3241e-01
9.3263e-01
9.4076e-01
9.3385e-01
9.3165e-01
9.3135e-01
9.3391e-01
9.3346e-01
9.3583e-01
9.3087e-01
9.3086e-01
9.3454e-01
9.3726e-01
9.3791e-01
9.3658e-01
9.3651e-01
9.3753e-01
9.3631e-01
9.3494e-01
9.3828e-01
9.3448e-01
9.2719e-01
9.3819e-01
9.3273e-01
9.3676e-01
9.3627e-01
9.3705e-01
9.3464e-01
9.3245e-01
9.3420e-01
9.3528e-01
9.3398e-01
9.3544e-01
9.3724e-01
9.3482e-01
9.2690e-01
9.3702e-01
9.4070e-01
9.3502e-01
9.3569e-01
9.3314e-01
9.3430e-01
9.3209e-01
9.3232e-01
9.3765e-01
9.3199e-01
9.3568e-01
9.3664e-01
9.3895e-01
9.3742e-01
9.3868e-01
9.3425e-01
9.3420e-01
9.3179e-01
9.3561e-01
9.3820e-01
9.3441e-01
9.2834e-01
9.3865e-01
9.3637e-01
9.3365e-01
9.3380e-01
9.3601e-01
9.3690e-01
9.3532e-01
9.3379e-01
9.3284e-01
9.3365e-01
9.3102e-01
9.3615e-01
9.3686e-01
9.3682e-01
9.2859e-01
9.3517e-01
9.3504e-01
9.3645e-01
9.3745e-01
9.3239e-01
9.3580e-01
9.3479e-01
9.3283e-01
9.3556e-01
9.3662e-01
9.3571e-01
9.3368e-01
9.3908e-01
9.3611e-01
9.3528e-01
9.3171e-01
9.3272e-01
9.3733e-01
9.3729e-01
9.3329e-01
9.3047e-01
9.3472e-01
9.3651e-01
9.3663e-01
9.4328e-01
9.3248e-01
9.3727e-01
9.3738e-01
9.3865e-01
9.3558e-01
9.3715e-01
9.3306e-01
9.3853e-01
9.3744e-01
9.3553e-01
9.3074e-01
9.3433e-01
9.3291e-01
9.2864e-01
9.3385e-01
9.4162e-01
9.2927e-01
9.3756e-01
9.3248e-01
9.3128e-01
9.3353e-01
9.3274e-01
9.3609e-01
9.4127e-01
9.3352e-01
9.3828e-01
9.3582e-01
9.3292e-01
9.3569e-01
9.3197e-01
9.3648e-01
9.3930e-01
9.3538e-01
9.3776e-01
9.3145e-01
9.3895e-01
9.3714e-01
9.2816e-01
9.3434e-01
9.3439e-01
9.3944e-01
9.3589e-01
9.3630e-01
9.3684e-01
9.3412e-01
9.3865e-01
9.3217e-01
9.4064e-01
9.3220e-01
9.3574e-01
9.3790e-01
9.3152e-01
9.3256e-01
9.3537e-01
9.3279e-01
9.3457e-01
9.3655e-01
9.3379e-01
9.3182e-01
9.4015e-01
9.3483e-01
9.3388e-01
9.3459e-01
9.3790e-01
9.3326e-01
9.3494e-01
9.3361e-01
9.3265e-01
9.3569e-01
9.3509e-01
9.3740e-01
9.3384e-01
9.3461e-01
9.3242e-01
9.3039e-01
9.3190e-01
9.3805e-01
9.3196e-01
9.3185e-01
9.4055e-01
9.3170e-01
9.3418e-01
9.3153e-01
9.3780e-01
9.3441e-01
9.3456e-01
9.2922e-01
9.3367e-01
9.3287e-01
9.3273e-01
9.2958e-01
9.3642e-01
9.3401e-01
9.4273e-01
9.3242e-01
9.3675e-01
9.3897e-01
9.3003e-01
9.3476e-01
9.3485e-01
9.3785e-01
9.3963e-01
9.3515e-01
9.3413e-01
9.3286e-01
9.3431e-01
9.3775e-01
9.3318e-01
9.3300e-01
9.3506e-01
9.3801e-01
9.3643e-01
9.3746e-01
9.3782e-01
9.3270e-01
9.3760e-01
9.3447e-01
9.3483e-01
9.2927e-01
9.3736e-01
9.3478e-01
9.3406e-01
9.3669e-01
9.3868e-01
9.3046e-01
9.3288e-01
9.3595e-01
9.3889e-01
9.3546e-01
9.3196e-01
9.3754e-01
9.3858e-01
9.3967e-01
9.3571e-01
9.3912e-01
9.3229e-01
9.4004e-01
9.2977e-01
9.3814e-01
9.3457e-01
9.3328e-01
9.3217e-01
9.3478e-01
9.3791e-01
9.3724e-01
9.3740e-01
9.3586e-01
9.3143e-01
9.3570e-01
9.3650e-01
9.3113e-01
9.4268e-01
9.3201e-01
9.2973e-01
9.3724e-01
9.3503e-01
9.2835e-01
9.3229e-01
9.3866e-01
9.3246e-01
9.3846e-01
9.3924e-01
9.3606e-01
9.3665e-01
9.3366e-01
9.3412e-01
9.3651e-01
9.3438e-01
9.3501e-01
9.3623e-01
9.3185e-01
9.3870e-01
9.3279e-01
9.3274e-01
9.3336e-01
9.3150e-01
9.3784e-01
9.3202e-01
9.3169e-01
9.3420e-01
9.3420e-01
9.3629e-01
9.3389e-01
9.3623e-01
9.3492e-01
9.3412e-01
9.2809e-01
9.3452e-01
9.3426e-01
9.3289e-01
9.3034e-01
9.3527e-01
9.3259e-01
9.3499e-01
9.3216e-01
9.4054e-01
9.3159e-01
9.3035e-01
9.3127e-01
9.3275e-01
9.3689e-01
9.3157e-01
9.3748e-01
9.3342e-01
9.3840e-01
9.3965e-01
9.3115e-01
9.3270e-01
9.3606e-01
9.3118e-01
9.3638e-01
9.3524e-01
9.3970e-01
9.3211e-01
9.3905e-01
9.3379e-01
9.2713e-01
9.3280e-01
9.3314e-01
9.3799e-01
9.2798e-01
9.3470e-01
9.3584e-01
9.3662e-01
9.3690e-01
9.2891e-01
9.3197e-01
9.3563e-01
9.3266e-01
9.3202e-01
9.3838e-01
9.3473e-01
9.3325e-01
9.3386e-01
9.3633e-01
9.3038e-01
9.3033e-01
9.3170e-01
9.3291e-01
9.3667e-01
9.3589e-01
9.3368e-01
9.2897e-01
9.3810e-01
9.3370e-01
9.3382e-01
9.3528e-01
9.3293e-01
9.3277e-01
9.3654e-01
9.3275e-01
9.3352e-01
9.3352e-01
9.3521e-01
9.3815e-01
9.3858e-01
9.3911e-01
9.3535e-01
9.4148e-01
9.3018e-01
9.3233e-01
9.3635e-01
9.3359e-01
9.3549e-01
9.3421e-01
9.3811e-01
9.3397e-01
9.3409e-01
9.3198e-01
9.3813e-01
9.3696e-01
9.4038e-01
9.3583e-01
9.3582e-01
9.3762e-01
9.3512e-01
9.3355e-01
9.3868e-01
9.3877e-01
9.3541e-01
9.3318e-01
9.3953e-01
9.2972e-01
9.3279e-01
9.3621e-01
9.3538e-01
9.3297e-01
9.3703e-01
9.2743e-01
9.3082e-01
9.3815e-01
9.3257e-01
9.3261e-01
9.3564e-01
9.3493e-01
9.3407e-01
9.3225e-01
9.3700e-01
9.3585e-01
9.3575e-01
9.3556e-01
9.3387e-01
9.3501e-01
9.3388e-01
9.4062e-01
9.3899e-01
9.3499e-01
9.2615e-01
9.3606e-01
9.3833e-01
9.3469e-01
9.3314e-01
9.3224e-01
9.3249e-01
9.3032e-01
9.3338e-01
9.3626e-01
9.3792e-01
9.3375e-01
9.3524e-01
9.3287e-01
9.3306e-01
9.2975e-01
9.3056e-01
9.3960e-01
9.3426e-01
9.3441e-01
9.3494e-01
9.3883e-01
9.3402e-01
9.3189e-01
9.3213e-01
9.3917e-01
9.3695e-01
9.3654e-01
9.3212e-01
9.3911e-01
9.3690e-01
9.3433e-01
9.3589e-01
9.3141e-01
9.3605e-01
9.3938e-01
9.2905e-01
9.3090e-01
9.3730e-01
9.3945e-01
9.3442e-01
9.3642e-01
9.3303e-01
9.3448e-01
9.3409e-01
9.3121e-01
9.3502e-01
9.3468e-01
9.3640e-01
9.3793e-01
9.3795e-01
9.3630e-01
9.3246e-01
9.4073e-01
9.3204e-01
9.3386e-01
9.3009e-01
9.2913e-01
9.3781e-01
9.3693e-01
9.3148e-01
9.3385e-01
9.3652e-01
9.3644e-01
9.3550e-01
9.3338e-01
9.3562e-01
9.4131e-01
9.3745e-01
9.3675e-01
9.3748e-01
9.3837e-01
9.3895e-01
9.3511e-01
9.3877e-01
9.3882e-01
9.2990e-01
9.3490e-01
9.3825e-01
9.3289e-01
9.3561e-01
9.3293e-01
9.3230e-01
9.3417e-01
9.3632e-01
9.2811e-01
9.3484e-01
9.4160e-01
9.2700e-01
9.3675e-01
9.3717e-01
9.3585e-01
9.3171e-01
9.3514e-01
9.3192e-01
9.3603e-01
9.3265e-01
9.3328e-01
9.3659e-01
9.3367e-01
9.3665e-01
9.3232e-01
9.3626e-01
9.3322e-01
9.3348e-01
9.3250e-01
9.3325e-01
9.3041e-01
9.3241e-01
9.3640e-01
9.3258e-01
9.3455e-01
9.2886e-01
9.3241e-01
9.3212e-01
9.3561e-01
9.3474e-01
9.3399e-01
9.3645e-01
9.3411e-01
9.3818e-01
9.3800e-01
9.3209e-01
9.2504e-01
9.3076e-01
9.2870e-01
9.2981e-01
9.3046e-01
9.3647e-01
9.3712e-01
9.3183e-01
9.3270e-01
9.3777e-01
9.3605e-01
9.3860e-01
9.3350e-01
9.3796e-01
9.3071e-01
9.3409e-01
9.3416e-01
9.3166e-01
9.3775e-01
9.3807e-01
9.3308e-01
9.3321e-01
9.3477e-01
9.2972e-01
9.3604e-01
9.3119e-01
9.3013e-01
9.3774e-01
9.3311e-01
9.3311e-01
9.3205e-01
9.3743e-01
9.3636e-01
9.3323e-01
9.3330e-01
9.2855e-01
9.3787e-01
9.3427e-01
9.3326e-01
9.3048e-01
9.3458e-01
9.3718e-01
9.3340e-01
9.3208e-01
9.3152e-01
9.3528e-01
9.3130e-01
9.3695e-01
9.3445e-01
9.3245e-01
9.2871e-01
9.3586e-01
9.3591e-01
9.2998e-01
9.3191e-01
9.3616e-01
9.3425e-01
9.3683e-01
9.3007e-01
9.3322e-01
9.3797e-01
9.3830e-01
9.3377e-01
9.3375e-01
9.3456e-01
9.3207e-01
9.3583e-01
9.3833e-01
9.3713e-01
9.3740e-01
9.3515e-01
9.3728e-01
9.3189e-01
9.3395e-01
9.2961e-01
9.2931e-01
9.3666e-01
9.3158e-01
9.3227e-01
9.3189e-01
9.3445e-01
9.3472e-01
9.2964e-01
9.4069e-01
9.3609e-01
9.2997e-01
9.2978e-01
9.3772e-01
9.3188e-01
9.3447e-01
9.3876e-01
9.3776e-01
9.3337e-01
9.3659e-01
9.3565e-01
9.3558e-01
9.3384e-01
9.3622e-01
9.3015e-01
9.3096e-01
9.2647e-01
9.3515e-01
9.3900e-01
9.3119e-01
9.3440e-01
9.3453e-01
9.3637e-01
9.3890e-01
9.3416e-01
9.3150e-01
9.4052e-01
9.2775e-01
9.3172e-01
9.3657e-01
9.3630e-01
9.3378e-01
9.3524e-01
9.3556e-01
9.3922e-01
9.3691e-01
9.4077e-01
9.3674e-01
9.3166e-01
9.3526e-01
9.3225e-01
9.3800e-01
9.3318e-01
9.3568e-01
9.3472e-01
9.3675e-01
9.3289e-01
9.3631e-01
9.3447e-01
9.3509e-01
9.3446e-01
9.3316e-01
9.3075e-01
9.3348e-01
9.3454e-01
9.3206e-01
9.3494e-01
9.3705e-01
9.3636e-01
9.3906e-01
9.3527e-01
9.3440e-01
9.3365e-01
9.3091e-01
9.3218e-01
9.3529e-01
9.3363e-01
9.3245e-01
9.3647e-01
9.3734e-01
9.3676e-01
9.3884e-01
9.3900e-01
9.3392e-01
9.3295e-01
9.3850e-01
9.3297e-01
9.3343e-01
9.3547e-01
9.2962e-01
9.3726e-01
9.3505e-01
9.2790e-01
9.3144e-01
9.4108e-01
9.3623e-01
9.3500e-01
9.3813e-01
9.3288e-01
9.3326e-01
9.3652e-01
9.3645e-01
9.2999e-01
9.3140e-01
9.3153e-01
9.3416e-01
9.3613e-01
9.3468e-01
9.3486e-01
9.3612e-01
9.3894e-01
9.3334e-01
9.3339e-01
9.3548e-01
9.2999e-01
9.3755e-01
9.3302e-01
9.3490e-01
9.3095e-01
9.3851e-01
9.2932e-01
9.3181e-01
9.3302e-01
9.2973e-01
9.3694e-01
9.3677e-01
9.3576e-01
9.3653e-01
9.3108e-01
9.3520e-01
9.3575e-01
9.3252e-01
9.3127e-01
9.3363e-01
9.4073e-01
9.3503e-01
9.3756e-01
9.3480e-01
9.3571e-01
9.3702e-01
9.3307e-01
9.3492e-01
9.3929e-01
9.3726e-01
9.3482e-01
9.3832e-01
9.3144e-01
9.3182e-01
9.3774e-01
9.3578e-01
9.4046e-01
9.3227e-01
9.3622e-01
9.3559e-01
9.3227e-01
9.3454e-01
9.3676e-01
9.3102e-01
9.3247e-01
9.3638e-01
9.3193e-01
9.3201e-01
9.3878e-01
9.3101e-01
9.3381e-01
9.3646e-01
9.3391e-01
9.3866e-01
9.3052e-01
9.3157e-01
9.3405e-01
9.3462e-01
9.3407e-01
9.3275e-01
9.3380e-01
9.3426e-01
9.3617e-01
9.3555e-01
9.3544e-01
9.3358e-01
9.3382e-01
9.3225e-01
9.3279e-01
9.3717e-01
9.3744e-01
9.3359e-01
9.3803e-01
9.3591e-01
9.3188e-01
9.3172e-01
9.3111e-01
9.3523e-01
9.3205e-01
9.3680e-01
9.3711e-01
9.3250e-01
9.3841e-01
9.3542e-01
9.3931e-01
9.3602e-01
9.3915e-01
9.3500e-01
9.3442e-01
9.3386e-01
9.3438e-01
9.3728e-01
9.3725e-01
