9.3555e-01
9.3623e-01
9.4135e-01
9.3857e-01
9.3233e-01
9.3603e-01
9.3920e-01
9.3740e-01
9.4154e-01
9.3598e-01
9.3531e-01
9.3714e-01
9.3759e-01
9.3563e-01
9.3734e-01
9.3484e-01
9.3466e-01
9.3919e-01
9.4178e-01
9.4188e-01
9.3856e-01
9.3768e-01
9.3754e-01
9.3563e-01
9.3942e-01
9.3730e-01
9.3411e-01
9.3995e-01
9.3991e-01
9.3721e-01
9.3900e-01
9.4049e-01
9.3714e-01
9.4170e-01
9.3090e-01
9.3999e-01
9.3542e-01
9.3952e-01
9.3572e-01
9.3649e-01
9.3482e-01
9.4159e-01
9.3360e-01
9.3879e-01
9.3682e-01
9.3606e-01
9.3692e-01
9.3696e-01
9.4122e-01
9.3342e-01
9.4103e-01
9.3663e-01
9.3459e-01
9.3910e-01
9.3597e-01
9.3348e-01
9.3688e-01
9.3712e-01
9.3698e-01
9.4171e-01
9.3488e-01
9.4103e-01
9.4118e-01
9.3736e-01
9.3597e-01
9.3575e-01
9.3679e-01
9.3527e-01
9.3840e-01
9.3526e-01
9.4008e-01
9.3097e-01
9.3223e-01
9.3722e-01
9.3566e-01
9.3495e-01
9.3798e-01
9.3503e-01
9.4073e-01
9.3793e-01
9.3386e-01
9.3933e-01
9.4022e-01
9.4007e-01
9.3511e-01
9.4227e-01
9.3682e-01
9.3488e-01
9.4140e-01
9.3989e-01
9.3971e-01
9.4281e-01
9.3798e-01
9.3530e-01
9.3635e-01
9.3796e-01
9.3879e-01
9.3491e-01
9.3576e-01
9.3486e-01
9.3601e-01
9.3852e-01
9.3461e-01
9.3769e-01
9.4041e-01
9.3601e-01
9.3510e-01
9.3961e-01
9.3779e-01
9.3868e-01
9.3951e-01
9.3959e-01
9.3903e-01
9.4420e-01
9.3560e-01
9.3755e-01
9.3988e-01
9.3759e-01
9.4197e-01
9.3920e-01
9.3631e-01
9.3213e-01
9.3891e-01
9.3763e-01
9.3772e-01
9.4222e-01
9.3983e-01
9.4173e-01
9.3629e-01
9.4372e-01
9.3936e-01
9.4161e-01
9.4049e-01
9.3642e-01
9.3927e-01
9.3712e-01
9.3868e-01
9.4238e-01
9.3655e-01
9.3629e-01
9.4150e-01
9.4093e-01
9.3763e-01
9.3538e-01
9.3360e-01
9.4253e-01
9.3716e-01
9.3759e-01
9.3782e-01
9.3396e-01
9.3916e-01
9.3580e-01
9.3763e-01
9.3784e-01
9.4247e-01
9.3600e-01
9.3862e-01
9.3614e-01
9.3953e-01
9.3639e-01
9.3789e-01
9.3926e-01
9.3664e-01
9.3003e-01
9.4259e-01
9.3731e-01
9.3554e-01
9.3912e-01
9.3563e-01
9.3534e-01
9.3257e-01
9.3760e-01
9.3184e-01
9.4125e-01
9.3956e-01
9.3662e-01
9.3864e-01
9.3547e-01
9.3878e-01
9.3593e-01
9.4065e-01
9.3876e-01
9.4034e-01
9.4367e-01
9.3452e-01
9.4046e-01
9.3856e-01
9.3302e-01
9.3804e-01
9.3855e-01
9.3768e-01
9.3709e-01
9.3924e-01
9.3375e-01
9.3431e-01
9.3882e-01
9.3632e-01
9.3191e-01
9.3617e-01
9.4065e-01
9.3980e-01
9.3806e-01
9.4068e-01
9.4084e-01
9.3617e-01
9.3290e-01
9.3332e-01
9.3484e-01
9.3811e-01
9.3399e-01
9.3978e-01
9.3799e-01
9.4140e-01
9.3641e-01
9.4048e-01
9.4195e-01
9.4011e-01
9.3214e-01
9.4802e-01
9.3910e-01
9.3283e-01
9.4186e-01
9.3710e-01
9.4033e-01
9.3370e-01
9.4134e-01
9.4242e-01
9.3756e-01
9.3634e-01
9.3437e-01
9.3751e-01
9.3255e-01
9.4289e-01
9.3835e-01
9.3602e-01
9.3425e-01
9.3806e-01
9.3673e-01
9.4012e-01
9.3445e-01
9.3692e-01
9.3659e-01
9.3906e-01
9.3920e-01
9.3710e-01
9.3865e-01
9.4019e-01
9.3648e-01
9.4266e-01
9.3648e-01
9.3426e-01
9.4175e-01
9.4038e-01
9.3641e-01
9.4064e-01
9.4285e-01
9.3770e-01
9.3877e-01
9.3600e-01
9.4153e-01
9.3347e-01
9.3792e-01
9.4167e-01
9.3892e-01
9.3699e-01
9.4323e-01
9.3627e-01
9.3608e-01
9.3935e-01
9.4053e-01
9.3682e-01
9.3370e-01
9.4150e-01
9.3686e-01
9.3729e-01
9.3678e-01
9.3689e-01
9.3310e-01
9.3713e-01
9.3622e-01
9.4365e-01
9.3940e-01
9.3812e-01
9.4005e-01
9.3953e-01
9.4289e-01
9.3346e-01
9.3815e-01
9.4109e-01
9.3650e-01
9.3688e-01
9.3967e-01
9.3211e-01
9.3712e-01
9.4692e-01
9.4149e-01
9.3360e-01
9.3456e-01
9.4027e-01
9.3570e-01
9.3855e-01
9.4233e-01
9.4000e-01
9.3826e-01
9.4022e-01
9.4504e-01
9.3460e-01
9.3582e-01
9.3750e-01
9.3529e-01
9.3283e-01
9.3974e-01
9.3823e-01
9.4143e-01
9.3567e-01
9.4211e-01
9.3489e-01
9.3424e-01
9.3407e-01
9.4075e-01
9.4391e-01
9.3557e-01
9.4170e-01
9.3903e-01
9.3776e-01
9.4085e-01
9.3949e-01
9.4250e-01
9.3931e-01
9.4015e-01
9.3720e-01
9.3773e-01
9.3658e-01
9.3468e-01
9.3999e-01
9.3426e-01
9.4244e-01
9.4148e-01
9.3685e-01
9.3694e-01
9.3864e-01
9.4173e-01
9.3654e-01
9.4083e-01
9.3604e-01
9.4002e-01
9.3868e-01
9.4009e-01
9.4063e-01
9.3345e-01
9.3594e-01
9.3923e-01
9.3662e-01
9.3948e-01
9.3652e-01
9.4666e-01
9.3648e-01
9.3777e-01
9.3894e-01
9.4308e-01
9.3922e-01
9.3801e-01
9.3568e-01
9.3313e-01
9.3908e-01
9.3550e-01
9.3502e-01
9.3727e-01
9.3753e-01
9.3640e-01
9.3695e-01
9.4212e-01
9.4056e-01
9.3597e-01
9.4022e-01
9.3841e-01
9.3428e-01
9.3466e-01
9.4093e-01
9.3494e-01
9.3887e-01
9.3794e-01
9.3068e-01
9.3614e-01
9.3735e-01
9.3674e-01
9.3519e-01
9.3055e-01
9.4181e-01
9.4249e-01
9.3406e-01
9.4338e-01
9.4164e-01
9.3465e-01
9.3931e-01
9.3876e-01
9.3971e-01
9.3947e-01
9.3963e-01
9.3912e-01
9.3967e-01
9.3597e-01
9.4177e-01
9.3924e-01
9.4312e-01
9.3410e-01
9.3870e-01
9.4194e-01
9.3789e-01
9.3460e-01
9.3780e-01
9.3721e-01
9.4121e-01
9.3401e-01
9.3512e-01
9.3598e-01
9.3840e-01
9.3896e-01
9.3917e-01
9.3630e-01
9.3764e-01
9.3726e-01
9.3655e-01
9.3829e-01
9.3741e-01
9.3972e-01
9.4294e-01
9.4277e-01
9.4067e-01
9.4192e-01
9.4216e-01
9.4313e-01
9.3722e-01
9.3973e-01
9.3451e-01
9.3418e-01
9.3897e-01
9.4307e-01
9.3983e-01
9.4087e-01
9.3975e-01
9.3913e-01
9.3565e-01
9.3573e-01
9.3684e-01
9.3277e-01
9.4090e-01
9.3985e-01
9.3752e-01
9.3849e-01
9.3720e-01
9.3169e-01
9.4198e-01
9.3748e-01
9.3823e-01
9.3995e-01
9.3656e-01
9.3908e-01
9.3596e-01
9.3618e-01
9.3749e-01
9.2984e-01
9.3884e-01
9.3406e-01
9.3859e-01
9.3833e-01
9.3801e-01
9.3592e-01
9.3565e-01
9.3530e-01
9.3871e-01
9.4031e-01
9.3401e-01
9.3615e-01
9.3786e-01
9.4140e-01
9.4048e-01
9.4290e-01
9.4143e-01
9.4080e-01
9.3529e-01
9.3194e-01
9.3773e-01
9.3421e-01
9.3446e-01
9.3968e-01
9.3761e-01
9.4141e-01
9.3543e-01
9.3345e-01
9.3987e-01
9.3943e-01
9.3531e-01
9.3622e-01
9.4012e-01
9.3986e-01
9.4119e-01
9.3651e-01
9.4095e-01
9.3853e-01
9.3173e-01
9.3703e-01
9.3867e-01
9.3551e-01
9.3361e-01
9.3769e-01
9.3576e-01
9.3455e-01
9.3829e-01
9.3545e-01
9.3101e-01
9.3687e-01
9.3751e-01
9.4475e-01
9.3646e-01
9.3762e-01
9.4209e-01
9.4041e-01
9.4093e-01
9.3513e-01
9.4138e-01
9.4031e-01
9.3720e-01
9.3468e-01
9.3643e-01
9.3992e-01
9.3849e-01
9.3925e-01
9.3721e-01
9.3226e-01
9.3103e-01
9.3692e-01
9.3601e-01
9.3752e-01
9.3602e-01
9.3095e-01
9.3994e-01
9.4162e-01
9.3614e-01
9.3690e-01
9.3470e-01
9.3910e-01
9.3908e-01
9.3460e-01
9.3610e-01
9.3559e-01
9.3665e-01
9.3521e-01
9.3757e-01
9.3655e-01
9.4288e-01
9.3606e-01
9.3821e-01
9.3516e-01
9.3561e-01
9.3776e-01
9.3584e-01
9.4129e-01
9.3799e-01
9.3890e-01
9.3876e-01
9.3660e-01
9.3533e-01
9.3788e-01
9.4043e-01
9.3914e-01
9.3408e-01
9.3841e-01
9.4178e-01
9.3743e-01
9.3831e-01
9.3591e-01
9.4270e-01
9.3929e-01
9.4271e-01
9.3490e-01
9.3924e-01
9.3621e-01
9.3543e-01
9.3847e-01
9.4006e-01
9.3737e-01
9.3767e-01
9.3695e-01
9.3725e-01
9.3798e-01
9.3795e-01
9.4409e-01
9.4455e-01
9.3700e-01
9.3875e-01
9.3555e-01
9.3917e-01
9.4024e-01
9.4169e-01
9.3470e-01
9.3205e-01
9.4067e-01
9.3611e-01
9.3819e-01
9.3702e-01
9.3699e-01
9.3667e-01
9.3445e-01
9.3582e-01
9.3628e-01
9.3498e-01
9.3699e-01
9.3786e-01
9.3648e-01
9.4417e-01
9.3644e-01
9.3843e-01
9.3629e-01
9.3591e-01
9.3454e-01
9.3909e-01
9.4042e-01
9.3839e-01
9.3714e-01
9.4419e-01
9.3693e-01
9.3691e-01
9.3162e-01
9.4017e-01
9.3766e-01
9.3793e-01
9.3317e-01
9.3943e-01
9.4233e-01
9.3651e-01
9.3660e-01
9.3745e-01
9.3295e-01
9.3767e-01
9.3701e-01
9.3253e-01
9.4023e-01
9.3602e-01
9.3917e-01
9.3689e-01
9.4042e-01
9.3634e-01
9.3866e-01
9.3838e-01
9.3980e-01
9.4004e-01
9.3779e-01
9.3834e-01
9.4012e-01
9.3737e-01
9.3251e-01
9.3861e-01
9.3718e-01
9.3889e-01
9.3266e-01
9.3801e-01
9.4012e-01
9.3401e-01
9.3715e-01
9.4017e-01
9.3970e-01
9.3457e-01
9.4055e-01
9.3803e-01
9.3841e-01
9.3856e-01
9.4084e-01
9.4074e-01
9.3578e-01
9.4041e-01
9.3677e-01
9.3856e-01
9.3834e-01
9.3562e-01
9.3938e-01
9.3429e-01
9.3685e-01
9.4055e-01
9.3752e-01
9.3939e-01
9.3433e-01
9.3667e-01
9.4165e-01
9.3443e-01
9.4116e-01
9.4096e-01
9.3415e-01
9.3585e-01
9.4077e-01
9.3671e-01
9.4023e-01
9.3820e-01
9.3774e-01
9.3872e-01
9.3689e-01
9.3960e-01
9.3713e-01
9.4107e-01
9.3646e-01
9.3349e-01
9.3576e-01
9.3866e-01
9.3530e-01
9.3500e-01
9.3813e-01
9.3380e-01
9.3670e-01
9.3824e-01
9.3890e-01
9.3445e-01
9.3391e-01
9.3358e-01
9.3682e-01
9.3645e-01
9.4154e-01
9.3551e-01
9.4295e-01
9.3928e-01
9.3540e-01
9.3922e-01
9.3667e-01
9.3510e-01
9.4249e-01
9.3143e-01
9.3602e-01
9.3579e-01
9.3933e-01
9.3706e-01
9.3813e-01
9.3670e-01
9.3955e-01
9.3935e-01
9.3359e-01
9.3609e-01
9.3776e-01
9.3611e-01
9.3783e-01
9.4240e-01
9.3339e-01
9.3915e-01
9.3560e-01
9.3558e-01
9.3616e-01
9.3583e-01
9.3567e-01
9.3989e-01
9.3380e-01
9.3506e-01
9.4283e-01
9.3097e-01
9.3695e-01
9.3593e-01
9.4063e-01
9.3852e-01
9.4001e-01
9.3590e-01
9.4194e-01
9.3938e-01
9.3915e-01
9.3604e-01
9.3916e-01
9.3464e-01
9.3596e-01
9.3435e-01
9.3988e-01
9.3107e-01
9.3623e-01
9.3458e-01
9.3709e-01
9.3842e-01
9.3635e-01
9.3349e-01
9.3790e-01
9.3503e-01
9.3705e-01
9.3856e-01
9.3970e-01
9.3864e-01
9.3637e-01
9.3612e-01
9.4029e-01
9.3933e-01
9.3853e-01
9.4058e-01
9.3875e-01
9.3883e-01
9.3771e-01
9.3475e-01
9.3851e-01
9.3506e-01
9.4163e-01
9.3829e-01
9.3880e-01
9.3859e-01
9.3449e-01
9.3495e-01
9.3927e-01
9.3479e-01
9.3501e-01
9.3543e-01
9.3757e-01
9.3371e-01
9.3618e-01
9.4082e-01
9.3717e-01
9.3839e-01
9.3538e-01
9.3552e-01
9.3635e-01
9.3932e-01
9.3870e-01
9.3522e-01
9.3593e-01
9.3960e-01
9.4097e-01
9.4056e-01
9.3984e-01
9.3638e-01
9.3530e-01
9.3728e-01
9.3329e-01
9.3754e-01
9.4441e-01
9.3929e-01
9.3624e-01
9.3412e-01
9.3818e-01
9.3721e-01
9.3135e-01
9.3610e-01
9.3954e-01
9.3123e-01
9.3403e-01
9.3659e-01
9.4243e-01
9.3725e-01
9.4019e-01
9.3882e-01
9.4090e-01
9.4027e-01
9.4483e-01
9.3833e-01
9.3642e-01
9.3951e-01
9.3930e-01
9.3391e-01
9.3700e-01
9.3649e-01
9.3997e-01
9.3782e-01
9.3375e-01
9.3149e-01
9.3852e-01
9.4081e-01
9.3728e-01
9.3851e-01
9.3827e-01
9.3639e-01
9.3105e-01
9.3941e-01
9.3261e-01
9.4147e-01
9.3033e-01
9.3902e-01
9.3833e-01
9.3867e-01
9.3721e-01
9.3718e-01
9.4075e-01
9.3707e-01
9.3749e-01
9.3748e-01
9.3705e-01
9.3967e-01
9.3776e-01
9.3670e-01
9.3845e-01
9.3476e-01
9.3223e-01
9.3909e-01
9.3659e-01
9.4038e-01
9.3709e-01
9.3795e-01
9.3766e-01
9.3024e-01
9.3887e-01
9.3587e-01
9.4316e-01
9.3904e-01
9.4247e-01
9.3489e-01
9.3612e-01
9.3782e-01
9.4079e-01
9.3580e-01
9.3641e-01
9.3753e-01
9.3315e-01
9.3330e-01
9.3761e-01
9.3874e-01
9.3820e-01
9.4253e-01
9.3843e-01
9.3832e-01
9.3984e-01
9.3436e-01
9.3816e-01
9.3710e-01
9.3511e-01
9.3895e-01
9.4181e-01
9.3864e-01
9.3317e-01
9.3351e-01
9.3692e-01
9.4334e-01
9.4522e-01
9.3801e-01
9.3425e-01
9.4096e-01
9.4198e-01
9.3451e-01
9.3804e-01
9.3939e-01
9.3762e-01
9.3945e-01
9.3682e-01
9.4058e-01
9.3933e-01
9.3455e-01
9.3555e-01
9.3827e-01
9.3555e-01
9.3655e-01
9.4015e-01
9.4140e-01
9.4336e-01
9.3805e-01
9.3814e-01
9.4107e-01
9.4115e-01
9.3508e-01
9.3795e-01
9.3596e-01
9.4140e-01
9.3440e-01
9.3949e-01
9.3614e-01
9.3651e-01
9.3743e-01
9.3712e-01
9.4040e-01
9.3869e-01
9.3947e-01
9.3661e-01
9.3816e-01
9.3592e-01
9.3815e-01
9.3906e-01
9.3546e-01
9.3674e-01
9.3787e-01
9.3935e-01
9.3817e-01
9.3364e-01
9.3667e-01
9.3652e-01
9.3955e-01
9.3946e-01
9.4069e-01
9.4088e-01
9.3686e-01
9.3498e-01
9.3691e-01
9.3847e-01
9.3844e-01
9.3644e-01
9.3703e-01
9.3475e-01
9.3553e-01
9.3604e-01
9.4064e-01
9.3568e-01
9.3937e-01
9.4051e-01
9.3643e-01
9.3757e-01
9.3884e-01
9.3401e-01
9.3885e-01
9.3788e-01
9.3766e-01
9.3815e-01
9.4053e-01
9.3515e-01
9.3861e-01
9.4170e-01
