9.3370e-01
9.4448e-01
9.4492e-01
9.4142e-01
9.4642e-01
9.3493e-01
9.3445e-01
9.2828e-01
9.4392e-01
9.4200e-01
9.3992e-01
9.3844e-01
9.5436e-01
9.3727e-01
9.4209e-01
9.3446e-01
9.3401e-01
9.3678e-01
9.3299e-01
9.4710e-01
9.3354e-01
9.4304e-01
9.5649e-01
9.3199e-01
9.3297e-01
9.3599e-01
9.3965e-01
9.4079e-01
9.3245e-01
9.3151e-01
9.4600e-01
9.4659e-01
9.3353e-01
9.3667e-01
9.3753e-01
9.4975e-01
9.3901e-01
9.4209e-01
9.3617e-01
9.4628e-01
9.4622e-01
9.3645e-01
9.4006e-01
9.3540e-01
9.4749e-01
9.4200e-01
9.3997e-01
9.3697e-01
9.4066e-01
9.3231e-01
9.4362e-01
9.4630e-01
9.3783e-01
9.5102e-01
9.5442e-01
9.5393e-01
9.3891e-01
9.3967e-01
9.4642e-01
9.4467e-01
9.4307e-01
9.3781e-01
9.3176e-01
9.4688e-01
9.4770e-01
9.4812e-01
9.4920e-01
9.3970e-01
9.4423e-01
9.4597e-01
9.4011e-01
9.3860e-01
9.4313e-01
9.3347e-01
9.4285e-01
9.3382e-01
9.3015e-01
9.3873e-01
9.4357e-01
9.4525e-01
9.4564e-01
9.4145e-01
9.4870e-01
9.3842e-01
9.3324e-01
9.3423e-01
9.4395e-01
9.4773e-01
9.3803e-01
9.4409e-01
9.3415e-01
9.4698e-01
9.4124e-01
9.3826e-01
9.3536e-01
9.3367e-01
9.4544e-01
9.3384e-01
9.4461e-01
9.5069e-01
9.4074e-01
9.3809e-01
9.5009e-01
9.4412e-01
9.4854e-01
9.4818e-01
9.3369e-01
9.3827e-01
9.3511e-01
9.3364e-01
9.2274e-01
9.3835e-01
9.3531e-01
9.4507e-01
9.3628e-01
9.4004e-01
9.4022e-01
9.3192e-01
9.3613e-01
9.4057e-01
9.2892e-01
9.3727e-01
9.3663e-01
9.4535e-01
9.4446e-01
9.5205e-01
9.3792e-01
9.2061e-01
9.3414e-01
9.3198e-01
9.4379e-01
9.3459e-01
9.5255e-01
9.3016e-01
9.3470e-01
9.3826e-01
9.3003e-01
9.5025e-01
9.4218e-01
9.4829e-01
9.3773e-01
9.4098e-01
9.3014e-01
9.4163e-01
9.4588e-01
9.3929e-01
9.4509e-01
9.2453e-01
9.4136e-01
9.3326e-01
9.3352e-01
9.4395e-01
9.4092e-01
9.3840e-01
9.2507e-01
9.3054e-01
9.3550e-01
9.3615e-01
9.3834e-01
9.2627e-01
9.3544e-01
9.3416e-01
9.4254e-01
9.3309e-01
9.5152e-01
9.3965e-01
9.4714e-01
9.4768e-01
9.5379e-01
9.2434e-01
9.3194e-01
9.4370e-01
9.4083e-01
9.3780e-01
9.5516e-01
9.4194e-01
9.3722e-01
9.2233e-01
9.4451e-01
9.3930e-01
9.4129e-01
9.3384e-01
9.4296e-01
9.3947e-01
9.4994e-01
9.3828e-01
9.4057e-01
9.3218e-01
9.3817e-01
9.3415e-01
9.4256e-01
9.4201e-01
9.3947e-01
9.3695e-01
9.4870e-01
9.4874e-01
9.4923e-01
9.4721e-01
9.5583e-01
9.3154e-01
9.3845e-01
9.5338e-01
9.3546e-01
9.3478e-01
9.3754e-01
9.3466e-01
9.3755e-01
9.3559e-01
9.3720e-01
9.6421e-01
9.3896e-01
9.3995e-01
9.3694e-01
9.4326e-01
9.3550e-01
9.3137e-01
9.4358e-01
9.3653e-01
9.4772e-01
9.3290e-01
9.4230e-01
9.3812e-01
9.3968e-01
9.5032e-01
9.4068e-01
9.3792e-01
9.4626e-01
9.4652e-01
9.3901e-01
9.4381e-01
9.3497e-01
9.5324e-01
9.4280e-01
9.3934e-01
9.4848e-01
9.4704e-01
9.3416e-01
9.6102e-01
9.5239e-01
9.4031e-01
9.3448e-01
9.3668e-01
9.4855e-01
9.3788e-01
9.4731e-01
9.3286e-01
9.2805e-01
9.4165e-01
9.4240e-01
9.4537e-01
9.4240e-01
9.3065e-01
9.3873e-01
9.3490e-01
9.4747e-01
9.3780e-01
9.3598e-01
9.4222e-01
9.4642e-01
9.4726e-01
9.3590e-01
9.5257e-01
9.3018e-01
9.5474e-01
9.4408e-01
9.2807e-01
9.4801e-01
9.4096e-01
9.3291e-01
9.3393e-01
9.4217e-01
9.4312e-01
9.4287e-01
9.5759e-01
9.3014e-01
9.3845e-01
9.2959e-01
9.4440e-01
9.3317e-01
9.4583e-01
9.4162e-01
9.4694e-01
9.3762e-01
9.3445e-01
9.3739e-01
9.4214e-01
9.4778e-01
9.2949e-01
9.3988e-01
9.3916e-01
9.3176e-01
9.3774e-01
9.2429e-01
9.3888e-01
9.4545e-01
9.3053e-01
9.3534e-01
9.3644e-01
9.4415e-01
9.5198e-01
9.4303e-01
9.3377e-01
9.3210e-01
9.5341e-01
9.4542e-01
9.3139e-01
9.3328e-01
9.2273e-01
9.4029e-01
9.4008e-01
9.4603e-01
9.4157e-01
9.3845e-01
9.3236e-01
9.4170e-01
9.4018e-01
9.3962e-01
9.4746e-01
9.4257e-01
9.3572e-01
9.4447e-01
9.4841e-01
9.2684e-01
9.4005e-01
9.3321e-01
9.4453e-01
9.4300e-01
9.4223e-01
9.3479e-01
9.3722e-01
9.3870e-01
9.4021e-01
9.3427e-01
9.4903e-01
9.5090e-01
9.3608e-01
9.3684e-01
9.4359e-01
9.3559e-01
9.3073e-01
9.4763e-01
9.4963e-01
9.4282e-01
9.3673e-01
9.4599e-01
9.3648e-01
9.3376e-01
9.4254e-01
9.5045e-01
9.4367e-01
9.4220e-01
9.3743e-01
9.3996e-01
9.5690e-01
9.3346e-01
9.4155e-01
9.4386e-01
9.4604e-01
9.4532e-01
9.4332e-01
9.4181e-01
9.3359e-01
9.4255e-01
9.4187e-01
9.3119e-01
9.4076e-01
9.4839e-01
9.3118e-01
9.3975e-01
9.3443e-01
9.5248e-01
9.3697e-01
9.3719e-01
9.3596e-01
9.3657e-01
9.5073e-01
9.4291e-01
9.4256e-01
9.3648e-01
9.3696e-01
9.3395e-01
9.4731e-01
9.3408e-01
9.5191e-01
9.4376e-01
9.4580e-01
9.3785e-01
9.3474e-01
9.3628e-01
9.3274e-01
9.4722e-01
9.3909e-01
9.3298e-01
9.3978e-01
9.3532e-01
9.4029e-01
9.4722e-01
9.3496e-01
9.3481e-01
9.5462e-01
9.2833e-01
9.4444e-01
9.4054e-01
9.4479e-01
9.3949e-01
9.5837e-01
9.4836e-01
9.4342e-01
9.3519e-01
9.4679e-01
9.3010e-01
9.4207e-01
9.2914e-01
9.4768e-01
9.4307e-01
9.2733e-01
9.4183e-01
9.3685e-01
9.3505e-01
9.3481e-01
9.2529e-01
9.3768e-01
9.3997e-01
9.3645e-01
9.4271e-01
9.3557e-01
9.3156e-01
9.3417e-01
9.4494e-01
9.4096e-01
9.3907e-01
9.5621e-01
9.3027e-01
9.4603e-01
9.3917e-01
9.4587e-01
9.3747e-01
9.4881e-01
9.3546e-01
9.3958e-01
9.3964e-01
9.4773e-01
9.3763e-01
9.4102e-01
9.4747e-01
9.3664e-01
9.3641e-01
9.4774e-01
9.3653e-01
9.4687e-01
9.3643e-01
9.5050e-01
9.4043e-01
9.2619e-01
9.2961e-01
9.4618e-01
9.4332e-01
9.2911e-01
9.2462e-01
9.3361e-01
9.3198e-01
9.5191e-01
9.3662e-01
9.3986e-01
9.4131e-01
9.4436e-01
9.3138e-01
9.5508e-01
9.3614e-01
9.3547e-01
9.3603e-01
9.4131e-01
9.2339e-01
9.4039e-01
9.5131e-01
9.3411e-01
9.4321e-01
9.3331e-01
9.5049e-01
9.3681e-01
9.3584e-01
9.4473e-01
9.4403e-01
9.3793e-01
9.3055e-01
9.4995e-01
9.4046e-01
9.4333e-01
9.4103e-01
9.4536e-01
9.4130e-01
9.3023e-01
9.3887e-01
9.4350e-01
9.5004e-01
9.4691e-01
9.3320e-01
9.4741e-01
9.4130e-01
9.4165e-01
9.4973e-01
9.2893e-01
9.3708e-01
9.4783e-01
9.3304e-01
9.3763e-01
9.4762e-01
9.5233e-01
9.4680e-01
9.4305e-01
9.3876e-01
9.3304e-01
9.3844e-01
9.4485e-01
9.4943e-01
9.4228e-01
9.3923e-01
9.4874e-01
9.4229e-01
9.5140e-01
9.3386e-01
9.5479e-01
9.3910e-01
9.5295e-01
9.3866e-01
9.2834e-01
9.4249e-01
9.3517e-01
9.3974e-01
9.3757e-01
9.3853e-01
9.4534e-01
9.4664e-01
9.5109e-01
9.3596e-01
9.3831e-01
9.3955e-01
9.4309e-01
9.4218e-01
9.4638e-01
9.4029e-01
9.4632e-01
9.3516e-01
9.4131e-01
9.4493e-01
9.3719e-01
9.4275e-01
9.3892e-01
9.4565e-01
9.3378e-01
9.3377e-01
9.4079e-01
9.2756e-01
9.2413e-01
9.2689e-01
9.3833e-01
9.3805e-01
9.3894e-01
9.3881e-01
9.4777e-01
9.4848e-01
9.4407e-01
9.4059e-01
9.2594e-01
9.3381e-01
9.3903e-01
9.3789e-01
9.3529e-01
9.3314e-01
9.3746e-01
9.3741e-01
9.3240e-01
9.4569e-01
9.3583e-01
9.3381e-01
9.4428e-01
9.3968e-01
9.3418e-01
9.4855e-01
9.4120e-01
9.3038e-01
9.3142e-01
9.3439e-01
9.2879e-01
9.4597e-01
9.3927e-01
9.3364e-01
9.3733e-01
9.3614e-01
9.3260e-01
9.4207e-01
9.5637e-01
9.3753e-01
9.4685e-01
9.3813e-01
9.4551e-01
9.4983e-01
9.3847e-01
9.3439e-01
9.4796e-01
9.3597e-01
9.4809e-01
9.3513e-01
9.3883e-01
9.3870e-01
9.3507e-01
9.4408e-01
9.3877e-01
9.2840e-01
9.4127e-01
9.4423e-01
9.2878e-01
9.4574e-01
9.4160e-01
9.4420e-01
9.4197e-01
9.3354e-01
9.2375e-01
9.2857e-01
9.4441e-01
9.4172e-01
9.2887e-01
9.4847e-01
9.3586e-01
9.4016e-01
9.4929e-01
9.4735e-01
9.3232e-01
9.3230e-01
9.4306e-01
9.3312e-01
9.3256e-01
9.3684e-01
9.3360e-01
9.3485e-01
9.5685e-01
9.4285e-01
9.3458e-01
9.4025e-01
9.4419e-01
9.4008e-01
9.4236e-01
9.4693e-01
9.4339e-01
9.3982e-01
9.3713e-01
9.4592e-01
9.3643e-01
9.4665e-01
9.4640e-01
9.5372e-01
9.2673e-01
9.4094e-01
9.3940e-01
9.4960e-01
9.4101e-01
9.4194e-01
9.3707e-01
9.2985e-01
9.4432e-01
9.3354e-01
9.4011e-01
9.4044e-01
9.3720e-01
9.3683e-01
9.3095e-01
9.2619e-01
9.2945e-01
9.3548e-01
9.5011e-01
9.2571e-01
9.3457e-01
9.3934e-01
9.5611e-01
9.4495e-01
9.3875e-01
9.4499e-01
9.3961e-01
9.4500e-01
9.3653e-01
9.4155e-01
9.5078e-01
9.4367e-01
9.3699e-01
9.3558e-01
9.3585e-01
9.4129e-01
9.4744e-01
9.4880e-01
9.3945e-01
9.3806e-01
9.3299e-01
9.4886e-01
9.4274e-01
9.3797e-01
9.3146e-01
9.3712e-01
9.4605e-01
9.4752e-01
9.3669e-01
9.4131e-01
9.3069e-01
9.3875e-01
9.4035e-01
9.4853e-01
9.4360e-01
9.4368e-01
9.4490e-01
9.4506e-01
9.4437e-01
9.3790e-01
9.4959e-01
9.3752e-01
9.4205e-01
9.4179e-01
9.4526e-01
9.2710e-01
9.4389e-01
9.4547e-01
9.4494e-01
9.4636e-01
9.3593e-01
9.3139e-01
9.4956e-01
9.3824e-01
9.3213e-01
9.3133e-01
9.3876e-01
9.3549e-01
9.3223e-01
9.4562e-01
9.4426e-01
9.3511e-01
9.3458e-01
9.3153e-01
9.5285e-01
9.3323e-01
9.2935e-01
9.3719e-01
9.4239e-01
9.4417e-01
9.2384e-01
9.3685e-01
9.4903e-01
9.4992e-01
9.4716e-01
9.3702e-01
9.3632e-01
9.4052e-01
9.3320e-01
9.3215e-01
9.2969e-01
9.3718e-01
9.4101e-01
9.3869e-01
9.4717e-01
9.4344e-01
9.5522e-01
9.4156e-01
9.4179e-01
9.4567e-01
9.5171e-01
9.4375e-01
9.3263e-01
9.5693e-01
9.4714e-01
9.4701e-01
9.3439e-01
9.4841e-01
9.2441e-01
9.3616e-01
9.2851e-01
9.4096e-01
9.3853e-01
9.4983e-01
9.5243e-01
9.4352e-01
9.3541e-01
9.3231e-01
9.4527e-01
9.4330e-01
9.3666e-01
9.3260e-01
9.3709e-01
9.4496e-01
9.3838e-01
9.4449e-01
9.4772e-01
9.4101e-01
9.4655e-01
9.4694e-01
9.5226e-01
9.3797e-01
9.2766e-01
9.3744e-01
9.5051e-01
9.3426e-01
9.4468e-01
9.3195e-01
9.2395e-01
9.4440e-01
9.5272e-01
9.3564e-01
9.4083e-01
9.4256e-01
9.3586e-01
9.3248e-01
9.5288e-01
9.3886e-01
9.4346e-01
9.3620e-01
9.3956e-01
9.3444e-01
9.2635e-01
9.3840e-01
9.5358e-01
9.4556e-01
9.4272e-01
9.4039e-01
9.4417e-01
9.3285e-01
9.5222e-01
9.4716e-01
9.4323e-01
9.3480e-01
9.4583e-01
9.2945e-01
9.3571e-01
9.4336e-01
9.4524e-01
9.3327e-01
9.3160e-01
9.3611e-01
9.3529e-01
9.2754e-01
9.3916e-01
9.3440e-01
9.3742e-01
9.3024e-01
9.3455e-01
9.4886e-01
9.2357e-01
9.5565e-01
9.4101e-01
9.5141e-01
9.3448e-01
9.3614e-01
9.4990e-01
9.5551e-01
9.3740e-01
9.3527e-01
9.3021e-01
9.3318e-01
9.4997e-01
9.2753e-01
9.5003e-01
9.3008e-01
9.3523e-01
9.4620e-01
9.3171e-01
9.5208e-01
9.4322e-01
9.4323e-01
9.4879e-01
9.3211e-01
9.4042e-01
9.4361e-01
9.4912e-01
9.4245e-01
9.4803e-01
9.4084e-01
9.4005e-01
9.4022e-01
9.3665e-01
9.4872e-01
9.4965e-01
9.3662e-01
9.4423e-01
9.4034e-01
9.3569e-01
9.3314e-01
9.4152e-01
9.3679e-01
9.4156e-01
9.3403e-01
9.3754e-01
9.3598e-01
9.5037e-01
9.4758e-01
9.2993e-01
9.4454e-01
9.2262e-01
9.3164e-01
9.3805e-01
9.4619e-01
9.3667e-01
9.3972e-01
9.5039e-01
9.2417e-01
9.4513e-01
9.2627e-01
9.3434e-01
9.3388e-01
9.5190e-01
9.4671e-01
9.3682e-01
9.4245e-01
9.3779e-01
9.3951e-01
9.3788e-01
9.4356e-01
9.1827e-01
9.5011e-01
9.3135e-01
9.3646e-01
9.2131e-01
9.2379e-01
9.3870e-01
9.5680e-01
9.4236e-01
9.3820e-01
9.4477e-01
9.2730e-01
9.4284e-01
9.4697e-01
9.2953e-01
9.3722e-01
9.2555e-01
9.4674e-01
9.3335e-01
9.5243e-01
9.5144e-01
9.3251e-01
9.4428e-01
9.4317e-01
9.5049e-01
9.4290e-01
9.3154e-01
9.3623e-01
9.4951e-01
9.4104e-01
9.5376e-01
9.3112e-01
9.3760e-01
9.3178e-01
9.4102e-01
9.3617e-01
9.4319e-01
9.3401e-01
9.3166e-01
9.4960e-01
9.4748e-01
9.3940e-01
9.5244e-01
9.3869e-01
9.2955e-01
9.3349e-01
9.2980e-01
9.4533e-01
9.3886e-01
9.4241e-01
9.4426e-01
9.2489e-01
9.5315e-01
9.5149e-01
9.4174e-01
9.3994e-01
9.3777e-01
9.3686e-01
9.7045e-01
9.4098e-01
9.4055e-01
9.2898e-01
9.4573e-01
9.3473e-01
9.4989e-01
9.3535e-01
9.3913e-01
9.5579e-01
9.3192e-01
9.3736e-01
9.5233e-01
9.4162e-01
9.3551e-01
9.4281e-01
9.4091e-01
9.3485e-01
9.4115e-01
9.4045e-01
9.5303e-01
9.5923e-01
9.3080e-01
9.3824e-01
9.4393e-01
9.3395e-01
9.4713e-01
9.3941e-01
9.4568e-01
9.5455e-01
9.5568e-01
