9.3566e-01
9.3607e-01
9.3814e-01
9.3963e-01
9.3642e-01
9.3654e-01
9.3715e-01
9.3832e-01
9.3590e-01
9.3738e-01
9.3967e-01
9.3718e-01
9.3689e-01
9.4068e-01
9.3802e-01
9.3657e-01
9.3907e-01
9.3873e-01
9.3626e-01
9.4118e-01
9.4024e-01
9.4111e-01
9.3396e-01
9.3791e-01
9.3876e-01
9.3597e-01
9.3721e-01
9.3698e-01
9.3698e-01
9.3872e-01
9.3734e-01
9.3703e-01
9.3522e-01
9.3594e-01
9.4288e-01
9.3776e-01
9.3806e-01
9.3624e-01
9.3351e-01
9.3539e-01
9.3691e-01
9.3869e-01
9.4111e-01
9.3825e-01
9.3657e-01
9.4077e-01
9.3713e-01
9.4155e-01
9.3817e-01
9.3831e-01
9.3935e-01
9.3858e-01
9.3693e-01
9.3779e-01
9.3886e-01
9.3655e-01
9.3743e-01
9.3935e-01
9.3884e-01
9.3872e-01
9.3807e-01
9.4008e-01
9.3904e-01
9.3846e-01
9.3942e-01
9.3745e-01
9.3980e-01
9.3738e-01
9.3547e-01
9.3991e-01
9.3813e-01
9.3878e-01
9.3931e-01
9.3699e-01
9.3596e-01
9.3973e-01
9.3711e-01
9.4147e-01
9.3748e-01
9.3652e-01
9.4059e-01
9.3771e-01
9.3678e-01
9.3547e-01
9.3830e-01
9.4084e-01
9.3854e-01
9.4024e-01
9.3587e-01
9.3705e-01
9.3942e-01
9.3747e-01
9.3218e-01
9.3290e-01
9.4037e-01
9.3556e-01
9.3774e-01
9.3877e-01
9.3391e-01
9.3782e-01
9.3935e-01
9.3731e-01
9.4197e-01
9.3719e-01
9.3911e-01
9.3847e-01
9.4214e-01
9.3748e-01
9.3827e-01
9.4042e-01
9.3757e-01
9.3439e-01
9.3907e-01
9.3921e-01
9.3639e-01
9.3876e-01
9.3581e-01
9.3822e-01
9.3586e-01
9.3873e-01
9.3591e-01
9.4173e-01
9.3501e-01
9.3891e-01
9.4017e-01
9.3786e-01
9.4395e-01
9.3543e-01
9.3781e-01
9.3828e-01
9.3983e-01
9.3901e-01
9.4160e-01
9.3857e-01
9.3665e-01
9.4024e-01
9.3989e-01
9.3736e-01
9.4023e-01
9.3853e-01
9.4214e-01
9.4019e-01
9.3849e-01
9.3937e-01
9.3559e-01
9.3796e-01
9.4165e-01
9.3554e-01
9.3703e-01
9.3834e-01
9.3837e-01
9.3698e-01
9.3962e-01
9.3592e-01
9.3995e-01
9.3951e-01
9.3785e-01
9.3836e-01
9.3734e-01
9.3597e-01
9.4233e-01
9.3853e-01
9.3747e-01
9.3856e-01
9.3789e-01
9.3748e-01
9.3533e-01
9.4103e-01
9.3687e-01
9.3954e-01
9.3242e-01
9.3968e-01
9.3602e-01
9.4114e-01
9.3998e-01
9.4092e-01
9.3973e-01
9.3862e-01
9.3697e-01
9.3758e-01
9.3878e-01
9.3999e-01
9.4115e-01
9.3997e-01
9.4087e-01
9.3336e-01
9.4109e-01
9.3587e-01
9.3965e-01
9.3614e-01
9.3458e-01
9.3796e-01
9.3784e-01
9.3840e-01
9.3965e-01
9.3731e-01
9.3895e-01
9.3889e-01
9.3708e-01
9.3589e-01
9.3952e-01
9.3790e-01
9.3957e-01
9.3800e-01
9.4214e-01
9.4003e-01
9.4076e-01
9.4208e-01
9.3781e-01
9.3618e-01
9.3569e-01
9.3787e-01
9.3907e-01
9.3893e-01
9.3880e-01
9.4083e-01
9.3928e-01
9.3476e-01
9.3706e-01
9.3937e-01
9.4108e-01
9.4241e-01
9.3370e-01
9.3926e-01
9.3979e-01
9.3454e-01
9.4015e-01
9.3670e-01
9.3911e-01
9.3642e-01
9.4133e-01
9.3407e-01
9.3778e-01
9.3815e-01
9.4059e-01
9.3574e-01
9.3797e-01
9.3600e-01
9.3709e-01
9.3768e-01
9.3784e-01
9.3784e-01
9.3799e-01
9.4429e-01
9.3869e-01
9.3904e-01
9.3434e-01
9.3697e-01
9.3558e-01
9.3966e-01
9.3881e-01
9.4299e-01
9.3705e-01
9.3745e-01
9.3720e-01
9.3101e-01
9.4153e-01
9.3848e-01
9.3825e-01
9.3659e-01
9.3795e-01
9.3557e-01
9.3699e-01
9.4402e-01
9.3752e-01
9.3938e-01
9.3630e-01
9.3669e-01
9.3654e-01
9.3719e-01
9.3744e-01
9.3802e-01
9.3871e-01
9.4025e-01
9.4250e-01
9.3697e-01
9.3858e-01
9.3537e-01
9.3694e-01
9.3450e-01
9.4195e-01
9.4138e-01
9.3824e-01
9.3874e-01
9.3546e-01
9.4049e-01
9.3771e-01
9.4020e-01
9.3864e-01
9.4317e-01
9.4157e-01
9.3744e-01
9.3614e-01
9.3980e-01
9.3834e-01
9.3923e-01
9.3546e-01
9.3643e-01
9.3833e-01
9.3991e-01
9.3778e-01
9.3882e-01
9.4048e-01
9.3528e-01
9.3711e-01
9.3632e-01
9.3725e-01
9.3823e-01
9.3495e-01
9.3699e-01
9.3696e-01
9.4036e-01
9.4049e-01
9.3955e-01
9.3941e-01
9.3695e-01
9.3781e-01
9.4095e-01
9.3836e-01
9.3370e-01
9.3427e-01
9.3964e-01
9.4035e-01
9.3700e-01
9.4432e-01
9.4195e-01
9.3612e-01
9.3750e-01
9.3843e-01
9.3910e-01
9.3702e-01
9.3860e-01
9.4140e-01
9.3551e-01
9.3965e-01
9.4053e-01
9.3855e-01
9.4089e-01
9.3954e-01
9.3610e-01
9.3218e-01
9.3785e-01
9.3834e-01
9.3692e-01
9.4225e-01
9.3658e-01
9.3531e-01
9.3995e-01
9.3700e-01
9.4021e-01
9.4165e-01
9.4084e-01
9.4151e-01
9.3736e-01
9.3711e-01
9.3758e-01
9.3378e-01
9.3513e-01
9.3673e-01
9.3770e-01
9.3530e-01
9.3801e-01
9.3800e-01
9.4057e-01
9.3768e-01
9.3566e-01
9.4107e-01
9.3961e-01
9.3715e-01
9.3676e-01
9.3848e-01
9.3865e-01
9.4007e-01
9.3717e-01
9.3625e-01
9.3919e-01
9.3672e-01
9.3709e-01
9.3733e-01
9.3830e-01
9.4260e-01
9.3911e-01
9.3521e-01
9.4283e-01
9.3858e-01
9.4204e-01
9.3627e-01
9.3844e-01
9.4161e-01
9.4143e-01
9.4013e-01
9.3589e-01
9.3805e-01
9.3561e-01
9.3946e-01
9.3879e-01
9.3716e-01
9.3205e-01
9.3817e-01
9.3840e-01
9.3814e-01
9.3979e-01
9.3764e-01
9.3975e-01
9.3739e-01
9.4015e-01
9.3537e-01
9.3501e-01
9.4312e-01
9.3907e-01
9.3509e-01
9.3932e-01
9.3402e-01
9.3698e-01
9.3423e-01
9.4205e-01
9.3770e-01
9.3664e-01
9.3594e-01
9.4205e-01
9.3899e-01
9.3623e-01
9.4015e-01
9.3719e-01
9.4020e-01
9.3763e-01
9.3520e-01
9.4501e-01
9.3550e-01
9.3810e-01
9.3789e-01
9.3737e-01
9.4266e-01
9.4263e-01
9.4051e-01
9.3730e-01
9.3926e-01
9.4352e-01
9.3273e-01
9.3565e-01
9.3918e-01
9.3700e-01
9.4050e-01
9.3447e-01
9.3948e-01
9.3384e-01
9.3657e-01
9.3980e-01
9.4078e-01
9.3358e-01
9.3835e-01
9.4092e-01
9.3818e-01
9.3866e-01
9.4017e-01
9.4019e-01
9.4164e-01
9.3756e-01
9.3755e-01
9.4028e-01
9.3818e-01
9.3802e-01
9.3966e-01
9.3807e-01
9.3688e-01
9.4049e-01
9.3949e-01
9.4006e-01
9.3892e-01
9.3786e-01
9.3458e-01
9.3724e-01
9.3764e-01
9.3821e-01
9.4415e-01
9.3793e-01
9.3987e-01
9.3779e-01
9.3762e-01
9.3585e-01
9.4040e-01
9.3625e-01
9.3770e-01
9.4138e-01
9.3780e-01
9.3831e-01
9.4012e-01
9.4074e-01
9.3706e-01
9.3981e-01
9.4297e-01
9.4075e-01
9.3556e-01
9.3629e-01
9.3658e-01
9.3943e-01
9.4089e-01
9.3798e-01
9.3578e-01
9.3522e-01
9.3874e-01
9.4107e-01
9.3953e-01
9.3894e-01
9.3957e-01
9.3960e-01
9.3967e-01
9.3840e-01
9.4029e-01
9.3727e-01
9.3933e-01
9.3633e-01
9.3882e-01
9.3735e-01
9.3681e-01
9.3857e-01
9.3616e-01
9.4419e-01
9.3387e-01
9.4161e-01
9.3937e-01
9.4099e-01
9.4047e-01
9.3653e-01
9.4213e-01
9.3977e-01
9.4059e-01
9.3789e-01
9.3930e-01
9.3599e-01
9.4218e-01
9.3886e-01
9.3756e-01
9.3677e-01
9.3552e-01
9.3854e-01
9.3745e-01
9.3921e-01
9.3459e-01
9.3790e-01
9.3624e-01
9.3764e-01
9.3980e-01
9.3656e-01
9.3769e-01
9.4129e-01
9.3975e-01
9.3411e-01
9.4008e-01
9.3874e-01
9.3405e-01
9.3868e-01
9.4085e-01
9.3883e-01
9.4005e-01
9.3644e-01
9.3781e-01
9.3841e-01
9.3673e-01
9.3628e-01
9.3895e-01
9.4262e-01
9.3956e-01
9.4009e-01
9.3831e-01
9.4006e-01
9.3505e-01
9.3589e-01
9.3933e-01
9.3720e-01
9.3482e-01
9.3910e-01
9.3869e-01
9.3587e-01
9.4043e-01
9.3971e-01
9.3815e-01
9.3677e-01
9.4044e-01
9.3922e-01
9.3957e-01
9.3946e-01
9.4032e-01
9.3906e-01
9.3691e-01
9.3727e-01
9.3806e-01
9.3745e-01
9.3967e-01
9.4198e-01
9.4165e-01
9.3994e-01
9.3688e-01
9.3902e-01
9.4024e-01
9.3637e-01
9.3908e-01
9.3904e-01
9.3472e-01
9.3853e-01
9.3681e-01
9.3810e-01
9.3765e-01
9.4264e-01
9.3905e-01
9.3632e-01
9.3727e-01
9.4027e-01
9.3926e-01
9.3789e-01
9.3411e-01
9.3746e-01
9.3797e-01
9.3768e-01
9.3661e-01
9.4334e-01
9.4245e-01
9.4093e-01
9.3988e-01
9.3606e-01
9.4287e-01
9.3637e-01
9.3993e-01
9.3769e-01
9.3969e-01
9.3817e-01
9.3714e-01
9.4246e-01
9.3515e-01
9.4006e-01
9.3441e-01
9.3888e-01
9.4061e-01
9.3767e-01
9.3124e-01
9.3776e-01
9.3992e-01
9.3980e-01
9.3916e-01
9.3375e-01
9.4212e-01
9.3174e-01
9.3918e-01
9.3905e-01
9.3881e-01
9.3316e-01
9.4157e-01
9.3377e-01
9.3724e-01
9.3966e-01
9.3532e-01
9.3887e-01
9.3821e-01
9.3712e-01
9.3986e-01
9.3748e-01
9.3458e-01
9.3716e-01
9.3965e-01
9.3473e-01
9.3720e-01
9.3720e-01
9.3992e-01
9.3345e-01
9.3755e-01
9.4059e-01
9.3985e-01
9.3320e-01
9.3893e-01
9.3601e-01
9.3910e-01
9.4205e-01
9.3495e-01
9.3465e-01
9.3796e-01
9.3428e-01
9.3921e-01
9.4127e-01
9.4310e-01
9.3744e-01
9.4370e-01
9.4261e-01
9.4003e-01
9.4276e-01
9.4119e-01
9.3725e-01
9.3799e-01
9.4072e-01
9.3941e-01
9.3686e-01
9.3861e-01
9.3807e-01
9.4016e-01
9.3687e-01
9.3875e-01
9.3520e-01
9.3406e-01
9.3934e-01
9.3877e-01
9.3895e-01
9.3903e-01
9.4062e-01
9.3870e-01
9.3873e-01
9.3650e-01
9.3954e-01
9.4014e-01
9.3776e-01
9.4053e-01
9.4204e-01
9.3599e-01
9.3707e-01
9.3742e-01
9.3926e-01
9.3865e-01
9.3404e-01
9.4137e-01
9.3898e-01
9.3447e-01
9.3599e-01
9.3703e-01
9.4056e-01
9.3976e-01
9.3686e-01
9.3466e-01
9.4031e-01
9.3834e-01
9.3930e-01
9.3976e-01
9.3556e-01
9.4021e-01
9.3763e-01
9.3937e-01
9.3769e-01
9.3754e-01
9.3892e-01
9.3849e-01
9.4104e-01
9.3726e-01
9.3802e-01
9.4104e-01
9.3604e-01
9.3923e-01
9.3971e-01
9.3671e-01
9.3794e-01
9.3825e-01
9.3861e-01
9.3638e-01
9.4148e-01
9.3629e-01
9.3525e-01
9.3825e-01
9.3709e-01
9.3620e-01
9.4025e-01
9.4084e-01
9.4219e-01
9.3788e-01
9.3767e-01
9.4006e-01
9.3867e-01
9.3775e-01
9.3948e-01
9.3587e-01
9.3823e-01
9.3907e-01
9.3721e-01
9.4030e-01
9.4065e-01
9.4118e-01
9.3746e-01
9.3967e-01
9.3943e-01
9.3837e-01
9.3563e-01
9.3961e-01
9.3292e-01
9.3862e-01
9.3808e-01
9.3952e-01
9.3824e-01
9.3873e-01
9.3535e-01
9.3271e-01
9.3918e-01
9.3677e-01
9.3789e-01
9.3896e-01
9.3807e-01
9.3906e-01
9.4025e-01
9.3593e-01
9.4123e-01
9.3838e-01
9.3535e-01
9.3428e-01
9.4052e-01
9.3380e-01
9.3624e-01
9.4134e-01
9.3994e-01
9.3743e-01
9.4114e-01
9.3919e-01
9.3479e-01
9.3752e-01
9.3943e-01
9.3487e-01
9.3921e-01
9.3717e-01
9.3604e-01
9.3818e-01
9.3819e-01
9.3737e-01
9.3651e-01
9.3657e-01
9.3761e-01
9.3638e-01
9.3997e-01
9.4127e-01
9.3815e-01
9.4099e-01
9.4000e-01
9.3167e-01
9.3478e-01
9.3997e-01
9.3797e-01
9.3597e-01
9.3803e-01
9.3564e-01
9.4060e-01
9.2954e-01
9.4040e-01
9.3606e-01
9.3952e-01
9.3910e-01
9.3994e-01
9.3593e-01
9.3576e-01
9.4181e-01
9.3718e-01
9.4054e-01
9.3988e-01
9.3610e-01
9.3854e-01
9.3522e-01
9.4032e-01
9.4078e-01
9.3795e-01
9.3722e-01
9.4261e-01
9.3565e-01
9.3815e-01
9.3581e-01
9.3588e-01
9.3830e-01
9.3883e-01
9.3549e-01
9.3771e-01
9.3963e-01
9.4234e-01
9.3864e-01
9.3919e-01
9.4213e-01
9.4035e-01
9.3663e-01
9.3675e-01
9.3907e-01
9.3754e-01
9.3978e-01
9.3725e-01
9.3640e-01
9.3576e-01
9.3484e-01
9.3710e-01
9.4003e-01
9.3351e-01
9.3529e-01
9.3806e-01
9.3962e-01
9.4053e-01
9.3918e-01
9.4401e-01
9.3688e-01
9.3546e-01
9.4007e-01
9.3454e-01
9.4354e-01
9.3628e-01
9.3893e-01
9.3489e-01
9.3569e-01
9.3833e-01
9.4271e-01
9.3900e-01
9.3608e-01
9.3724e-01
9.3814e-01
9.3877e-01
9.3984e-01
9.3927e-01
9.3882e-01
9.3741e-01
9.4223e-01
9.4549e-01
9.4070e-01
9.4462e-01
9.3645e-01
9.4137e-01
9.4004e-01
9.3388e-01
9.4034e-01
9.3905e-01
9.3978e-01
9.3738e-01
9.3556e-01
9.3622e-01
9.3755e-01
9.4192e-01
9.3822e-01
9.3810e-01
9.3525e-01
9.3598e-01
9.3900e-01
9.3967e-01
9.3877e-01
9.3735e-01
9.3908e-01
9.3676e-01
9.4002e-01
9.3902e-01
9.4288e-01
9.3889e-01
9.3738e-01
9.3470e-01
9.4285e-01
9.3539e-01
9.3841e-01
9.3536e-01
9.4217e-01
9.3715e-01
9.4092e-01
9.3943e-01
9.3519e-01
9.4113e-01
9.3958e-01
9.3905e-01
9.4041e-01
9.3910e-01
9.3727e-01
9.3482e-01
9.3633e-01
9.3807e-01
9.4077e-01
9.3976e-01
9.4071e-01
9.4360e-01
9.4272e-01
9.3632e-01
9.3823e-01
9.4239e-01
9.3880e-01
9.3655e-01
9.3762e-01
9.3770e-01
9.4063e-01
9.3962e-01
9.3768e-01
9.4208e-01
9.3898e-01
9.3697e-01
9.3456e-01
9.3597e-01
9.4118e-01
9.4030e-01
9.3842e-01
9.3959e-01
9.3844e-01
9.4096e-01
9.3773e-01
9.3713e-01
9.3968e-01
9.4016e-01
9.3811e-01
9.3587e-01
9.3671e-01
9.3533e-01
9.3728e-01
9.3772e-01
9.4129e-01
9.4023e-01
9.3834e-01
9.3498e-01
9.4224e-01
9.4131e-01
9.3630e-01
9.3826e-01
9.3953e-01
9.4116e-01
