9.2923e-01
9.2637e-01
9.2146e-01
9.3693e-01
9.2802e-01
9.4751e-01
9.2691e-01
9.2075e-01
9.3928e-01
9.3885e-01
9.3278e-01
9.3296e-01
9.3523e-01
9.2877e-01
9.1553e-01
9.2744e-01
9.3797e-01
9.2491e-01
9.3589e-01
9.2922e-01
9.1964e-01
9.3608e-01
9.2668e-01
9.5143e-01
9.3657e-01
9.3276e-01
9.3515e-01
9.2699e-01
9.3256e-01
9.4083e-01
9.2913e-01
9.1105e-01
9.2913e-01
9.2671e-01
9.4511e-01
9.1634e-01
9.3696e-01
9.4437e-01
9.3017e-01
9.4486e-01
9.2286e-01
9.3738e-01
9.2989e-01
9.2795e-01
9.3610e-01
9.4516e-01
9.4460e-01
9.3577e-01
9.2752e-01
9.3729e-01
9.3243e-01
9.2682e-01
9.2775e-01
9.3400e-01
9.4178e-01
9.3265e-01
9.4071e-01
9.3444e-01
9.4949e-01
9.2443e-01
9.2126e-01
9.3130e-01
9.4512e-01
9.3440e-01
9.2285e-01
9.4449e-01
9.2580e-01
9.2068e-01
9.1712e-01
9.2165e-01
9.2220e-01
9.3293e-01
9.3588e-01
9.3326e-01
9.2441e-01
9.2098e-01
9.2953e-01
9.3448e-01
9.5390e-01
9.2310e-01
9.2651e-01
9.4144e-01
9.3499e-01
9.2025e-01
9.4661e-01
9.3745e-01
9.3229e-01
9.3390e-01
9.3946e-01
9.4760e-01
9.1677e-01
9.3181e-01
9.3344e-01
9.2838e-01
9.2463e-01
9.4658e-01
9.3349e-01
9.3858e-01
9.4070e-01
9.3229e-01
9.4982e-01
9.3561e-01
9.2561e-01
9.3898e-01
9.3765e-01
9.1979e-01
9.3892e-01
9.2465e-01
9.3461e-01
9.3358e-01
9.4492e-01
9.1733e-01
9.3272e-01
9.1755e-01
9.4478e-01
9.4408e-01
9.3577e-01
9.2021e-01
9.2091e-01
9.3398e-01
9.3772e-01
9.4652e-01
9.4509e-01
9.2690e-01
9.3313e-01
9.2899e-01
9.2948e-01
9.3245e-01
9.3356e-01
9.3175e-01
9.2968e-01
9.3238e-01
9.2101e-01
9.4409e-01
9.1226e-01
9.3173e-01
9.3022e-01
9.3211e-01
9.2731e-01
9.4298e-01
9.4879e-01
9.2557e-01
9.2607e-01
9.2822e-01
9.3862e-01
9.1526e-01
9.3512e-01
9.3817e-01
9.2547e-01
9.4446e-01
9.3310e-01
9.3106e-01
9.3489e-01
9.3653e-01
9.1647e-01
9.3298e-01
9.4463e-01
9.3920e-01
9.3510e-01
9.3539e-01
9.3165e-01
9.2936e-01
9.4802e-01
9.3899e-01
9.2842e-01
9.2640e-01
9.3411e-01
9.3282e-01
9.2942e-01
9.3745e-01
9.3471e-01
9.3128e-01
9.2818e-01
9.3351e-01
9.4582e-01
9.3895e-01
9.3939e-01
9.2231e-01
9.3163e-01
9.3127e-01
9.4090e-01
9.3790e-01
9.3606e-01
9.3655e-01
9.3048e-01
9.3585e-01
9.2851e-01
9.2060e-01
9.3178e-01
9.3172e-01
9.2680e-01
9.3827e-01
9.2874e-01
9.4628e-01
9.1473e-01
9.1545e-01
9.2429e-01
9.4924e-01
9.3008e-01
9.3014e-01
9.3041e-01
9.3855e-01
9.3817e-01
9.3392e-01
9.4308e-01
9.3705e-01
9.3590e-01
9.2916e-01
9.1764e-01
9.3406e-01
9.2691e-01
9.2197e-01
9.3337e-01
9.2264e-01
9.2427e-01
9.2868e-01
9.2311e-01
9.2026e-01
9.2857e-01
9.3743e-01
9.3980e-01
9.3701e-01
9.4118e-01
9.3848e-01
9.5005e-01
9.3198e-01
9.2822e-01
9.3882e-01
9.2099e-01
9.3820e-01
9.3760e-01
9.3675e-01
9.2554e-01
9.1067e-01
9.1732e-01
9.3207e-01
9.3043e-01
9.3233e-01
9.2013e-01
9.3217e-01
9.3031e-01
9.3959e-01
9.3162e-01
9.4859e-01
9.2692e-01
9.3588e-01
9.3444e-01
9.5579e-01
9.1583e-01
9.3055e-01
9.3199e-01
9.3744e-01
9.1919e-01
9.2957e-01
9.2168e-01
9.3164e-01
9.3982e-01
9.3459e-01
9.4149e-01
9.3116e-01
9.2955e-01
9.4084e-01
9.4280e-01
9.3842e-01
9.3219e-01
9.5368e-01
9.3170e-01
9.2005e-01
9.3836e-01
9.3084e-01
9.3982e-01
9.3427e-01
9.2407e-01
9.1916e-01
9.2761e-01
9.2588e-01
9.3702e-01
9.3356e-01
9.1888e-01
9.2524e-01
9.2586e-01
9.1771e-01
9.3641e-01
9.2286e-01
9.3071e-01
9.1580e-01
9.3806e-01
9.3602e-01
9.3839e-01
9.2469e-01
9.4088e-01
9.3507e-01
9.4105e-01
9.3282e-01
9.3138e-01
9.4012e-01
9.1458e-01
9.2864e-01
9.5967e-01
9.3090e-01
9.1507e-01
9.4639e-01
9.1880e-01
9.2892e-01
9.4160e-01
9.2472e-01
9.2377e-01
9.3266e-01
9.2901e-01
9.2972e-01
9.2783e-01
9.3637e-01
9.3046e-01
9.3179e-01
9.3387e-01
9.3827e-01
9.3610e-01
9.4102e-01
9.3517e-01
9.3874e-01
9.2998e-01
9.3156e-01
9.3554e-01
9.2234e-01
9.3620e-01
9.2746e-01
9.3193e-01
9.1648e-01
9.3562e-01
9.2350e-01
9.3311e-01
9.3279e-01
9.4068e-01
9.3577e-01
9.3969e-01
9.4667e-01
9.3292e-01
9.3033e-01
9.3387e-01
9.2341e-01
9.4328e-01
9.3203e-01
9.3730e-01
9.3381e-01
9.5709e-01
9.2484e-01
9.2892e-01
9.3428e-01
9.4573e-01
9.3843e-01
9.1949e-01
9.1985e-01
9.3904e-01
9.2895e-01
9.1876e-01
9.1735e-01
9.3140e-01
9.1505e-01
9.3562e-01
9.4194e-01
9.4322e-01
9.3273e-01
9.2828e-01
9.3493e-01
9.3670e-01
9.3769e-01
9.1572e-01
9.2247e-01
9.3665e-01
9.1986e-01
9.3765e-01
9.2765e-01
9.2163e-01
9.2697e-01
9.3003e-01
9.3730e-01
9.3200e-01
9.2375e-01
9.2999e-01
9.1517e-01
9.1194e-01
9.1965e-01
9.3163e-01
9.2994e-01
9.2953e-01
9.3503e-01
9.3212e-01
9.3715e-01
9.2376e-01
9.4674e-01
9.3218e-01
9.3642e-01
9.3074e-01
9.2514e-01
9.2551e-01
9.4576e-01
9.3164e-01
9.2890e-01
9.3776e-01
9.1504e-01
9.2297e-01
9.3420e-01
9.1937e-01
9.3262e-01
9.2487e-01
9.2794e-01
9.3622e-01
9.2811e-01
9.3145e-01
9.2331e-01
9.4192e-01
9.3677e-01
9.3164e-01
9.2896e-01
9.3410e-01
9.4681e-01
9.2221e-01
9.3325e-01
9.3404e-01
9.4039e-01
9.2500e-01
9.2105e-01
9.3822e-01
9.3140e-01
9.4810e-01
9.4391e-01
9.2204e-01
9.2438e-01
9.3400e-01
9.3220e-01
9.3198e-01
9.4594e-01
9.3662e-01
9.4244e-01
9.1960e-01
9.4116e-01
9.3527e-01
9.4056e-01
9.2999e-01
9.2883e-01
9.2806e-01
9.3467e-01
9.3777e-01
9.2929e-01
9.3282e-01
9.4133e-01
9.3029e-01
9.3880e-01
9.2662e-01
9.4033e-01
9.3617e-01
9.2283e-01
9.2112e-01
9.3992e-01
9.3509e-01
9.3749e-01
9.4179e-01
9.2872e-01
9.3546e-01
9.2669e-01
9.3248e-01
9.3678e-01
9.3619e-01
9.3465e-01
9.2983e-01
9.3161e-01
9.2763e-01
9.2654e-01
9.3803e-01
9.2948e-01
9.1958e-01
9.3418e-01
9.3885e-01
9.4348e-01
9.4055e-01
9.2914e-01
9.2664e-01
9.4443e-01
9.3602e-01
9.2411e-01
9.4052e-01
9.2849e-01
9.2787e-01
9.3701e-01
9.4101e-01
9.2508e-01
9.3661e-01
9.3505e-01
9.4200e-01
9.4011e-01
9.3308e-01
9.2117e-01
9.3823e-01
9.3067e-01
9.3431e-01
9.4178e-01
9.2862e-01
9.3824e-01
9.2395e-01
9.2697e-01
9.3491e-01
9.3472e-01
9.3656e-01
9.2895e-01
9.2945e-01
9.4516e-01
9.4884e-01
9.3094e-01
9.2796e-01
9.4585e-01
9.4726e-01
9.2171e-01
9.2737e-01
9.1432e-01
9.3941e-01
9.2679e-01
9.3723e-01
9.4038e-01
9.3246e-01
9.3007e-01
9.2447e-01
9.2466e-01
9.3475e-01
9.5294e-01
9.2771e-01
9.3187e-01
9.3247e-01
9.4013e-01
9.3386e-01
9.3041e-01
9.4529e-01
9.3753e-01
9.2699e-01
9.3970e-01
9.3618e-01
9.3681e-01
9.2586e-01
9.3060e-01
9.4172e-01
9.2963e-01
9.4799e-01
9.3268e-01
9.3586e-01
9.2720e-01
9.4443e-01
9.2983e-01
9.2026e-01
9.4484e-01
9.1962e-01
9.2112e-01
9.4502e-01
9.2699e-01
9.3692e-01
9.2527e-01
9.3838e-01
9.4904e-01
9.3106e-01
9.2084e-01
9.3394e-01
9.4821e-01
9.2322e-01
9.3652e-01
9.1842e-01
9.3103e-01
9.3397e-01
9.2572e-01
9.4116e-01
9.4299e-01
9.3365e-01
9.2407e-01
9.2839e-01
9.2158e-01
9.4251e-01
9.2389e-01
9.3343e-01
9.2919e-01
9.3176e-01
9.2368e-01
9.3670e-01
9.3383e-01
9.5009e-01
9.4363e-01
9.2249e-01
9.3827e-01
9.3237e-01
9.3907e-01
9.4171e-01
9.4619e-01
9.2937e-01
9.4509e-01
9.3487e-01
9.3002e-01
9.2961e-01
9.2483e-01
9.2548e-01
9.2722e-01
9.2753e-01
9.2296e-01
9.3567e-01
9.0721e-01
9.3485e-01
9.5610e-01
9.2761e-01
9.2347e-01
9.3072e-01
9.4195e-01
9.3043e-01
9.3337e-01
9.3287e-01
9.1577e-01
9.2728e-01
9.4050e-01
9.3800e-01
9.3532e-01
9.3891e-01
9.2799e-01
9.2764e-01
9.4364e-01
9.1173e-01
9.4611e-01
9.3490e-01
9.1074e-01
9.4367e-01
9.4104e-01
9.3219e-01
9.4247e-01
9.2082e-01
9.2324e-01
9.2539e-01
9.4757e-01
9.3479e-01
9.3337e-01
9.3719e-01
9.2951e-01
9.1927e-01
9.2814e-01
9.2556e-01
9.3147e-01
9.2637e-01
9.3130e-01
9.3514e-01
9.1856e-01
9.1790e-01
9.3353e-01
9.4049e-01
9.3364e-01
9.3599e-01
9.2212e-01
9.2713e-01
9.2831e-01
9.2879e-01
9.2918e-01
9.4286e-01
9.3811e-01
9.3258e-01
9.3942e-01
9.3846e-01
9.3771e-01
9.4046e-01
9.3796e-01
9.3657e-01
9.3925e-01
9.2982e-01
9.3323e-01
9.4302e-01
9.2937e-01
9.3503e-01
9.3294e-01
9.3578e-01
9.3830e-01
9.2495e-01
9.2984e-01
9.4193e-01
9.3676e-01
9.3175e-01
9.2772e-01
9.1569e-01
9.4278e-01
9.2540e-01
9.4522e-01
9.2838e-01
9.2422e-01
9.3110e-01
9.3921e-01
9.3739e-01
9.3959e-01
9.3365e-01
9.1819e-01
9.3424e-01
9.2458e-01
9.3216e-01
9.3892e-01
9.3249e-01
9.3156e-01
9.1937e-01
9.1396e-01
9.2816e-01
9.1974e-01
9.2819e-01
9.4045e-01
9.3170e-01
9.3637e-01
9.2505e-01
9.1525e-01
9.2653e-01
9.1478e-01
9.3408e-01
9.3576e-01
9.3174e-01
9.2286e-01
9.2775e-01
9.3552e-01
9.3694e-01
9.3078e-01
9.2974e-01
9.3651e-01
9.2988e-01
9.2318e-01
9.3187e-01
9.2221e-01
9.3272e-01
9.2873e-01
9.5257e-01
9.4745e-01
9.4242e-01
9.2649e-01
9.3091e-01
9.1911e-01
9.2962e-01
9.3882e-01
9.3881e-01
9.3383e-01
9.2839e-01
9.1346e-01
9.3955e-01
9.2618e-01
9.2056e-01
9.3423e-01
9.2799e-01
9.3512e-01
9.3654e-01
9.5698e-01
9.3593e-01
9.3212e-01
9.3814e-01
9.3437e-01
9.2386e-01
9.2994e-01
9.3547e-01
9.3181e-01
9.3615e-01
9.2740e-01
9.3688e-01
9.3081e-01
9.4044e-01
9.2531e-01
9.3635e-01
9.4311e-01
9.2790e-01
9.3400e-01
9.4191e-01
9.3580e-01
9.2330e-01
9.1258e-01
9.2586e-01
9.3383e-01
9.3756e-01
9.2376e-01
9.2852e-01
9.3271e-01
9.2829e-01
9.4602e-01
9.1592e-01
9.3310e-01
9.4063e-01
9.3342e-01
9.4073e-01
9.3354e-01
9.2050e-01
9.3877e-01
9.3066e-01
9.2634e-01
9.3773e-01
9.3247e-01
9.1694e-01
9.4013e-01
9.3554e-01
9.3880e-01
9.3770e-01
9.3814e-01
9.3917e-01
9.1266e-01
9.4462e-01
9.3235e-01
9.2775e-01
9.2545e-01
9.2955e-01
9.4393e-01
9.3478e-01
9.2685e-01
9.2527e-01
9.2498e-01
9.2655e-01
9.3410e-01
9.3697e-01
9.2328e-01
9.1211e-01
9.1767e-01
9.2978e-01
9.2591e-01
9.2586e-01
9.3049e-01
9.3033e-01
9.4376e-01
9.3701e-01
9.3919e-01
9.2721e-01
9.2617e-01
9.3259e-01
9.2633e-01
9.4010e-01
9.2575e-01
9.2681e-01
9.3438e-01
9.3830e-01
9.2471e-01
9.2220e-01
9.2640e-01
9.2902e-01
9.2136e-01
9.3194e-01
9.4301e-01
9.2281e-01
9.3071e-01
9.3910e-01
9.4412e-01
9.3271e-01
9.1487e-01
9.3889e-01
9.4304e-01
9.2382e-01
9.2736e-01
9.3352e-01
9.3511e-01
9.3394e-01
9.2787e-01
9.3770e-01
9.4173e-01
9.3025e-01
9.3752e-01
9.3447e-01
9.4152e-01
9.3971e-01
9.4291e-01
9.2317e-01
9.3287e-01
9.3426e-01
9.2434e-01
9.3037e-01
9.3997e-01
9.2555e-01
9.2984e-01
9.3286e-01
9.2389e-01
9.3115e-01
9.3048e-01
9.3102e-01
9.3098e-01
9.2973e-01
9.2748e-01
9.2276e-01
9.2649e-01
9.2908e-01
9.3343e-01
9.2397e-01
9.1058e-01
9.4258e-01
9.3430e-01
9.3436e-01
9.1421e-01
9.2638e-01
9.2594e-01
9.2887e-01
9.2983e-01
9.3554e-01
9.3953e-01
9.2835e-01
9.2906e-01
9.3124e-01
9.3577e-01
9.0872e-01
9.3451e-01
9.3803e-01
9.2989e-01
9.2864e-01
9.2170e-01
9.3534e-01
9.3943e-01
9.1644e-01
9.2634e-01
9.3963e-01
9.2111e-01
9.3379e-01
9.4292e-01
9.2689e-01
9.3146e-01
9.2655e-01
9.2866e-01
9.2860e-01
9.3040e-01
9.2747e-01
9.3416e-01
9.4251e-01
9.1924e-01
9.2648e-01
9.3100e-01
9.2512e-01
9.2925e-01
9.2964e-01
9.2942e-01
9.4235e-01
9.3834e-01
9.4425e-01
9.3915e-01
9.1039e-01
9.3000e-01
9.3086e-01
9.3327e-01
9.2715e-01
9.4997e-01
9.1899e-01
9.3088e-01
9.3112e-01
9.3684e-01
9.3174e-01
9.3188e-01
9.2290e-01
9.4093e-01
9.2590e-01
9.1656e-01
9.3323e-01
9.4093e-01
9.3793e-01
9.3708e-01
9.4198e-01
9.2558e-01
9.3310e-01
9.4282e-01
9.3288e-01
9.2796e-01
9.4690e-01
9.4246e-01
9.1471e-01
9.5060e-01
9.3737e-01
9.2690e-01
9.2637e-01
9.3116e-01
9.3821e-01
9.4082e-01
9.3505e-01
9.2561e-01
9.2696e-01
9.3875e-01
9.3479e-01
9.2724e-01
9.2488e-01
9.3719e-01
9.3581e-01
9.3969e-01
9.3124e-01
9.2949e-01
9.2812e-01
9.1933e-01
9.1788e-01
9.1780e-01
9.2697e-01
9.2419e-01
9.2972e-01
9.2422e-01
9.5099e-01
9.3027e-01
9.2931e-01
9.4287e-01
9.3286e-01
9.3966e-01
9.3858e-01
9.3583e-01
9.2610e-01
9.3619e-01
9.3529e-01
9.2983e-01
9.3065e-01
9.4951e-01
9.2608e-01
9.3423e-01
9.3232e-01
9.3773e-01
9.3433e-01
9.3611e-01
