9.2588e-01
9.3290e-01
9.3306e-01
9.2643e-01
9.2725e-01
9.3462e-01
9.2728e-01
9.2635e-01
9.2780e-01
9.3370e-01
9.2940e-01
9.2157e-01
9.3962e-01
9.2893e-01
9.3459e-01
9.3175e-01
9.2555e-01
9.2974e-01
9.3058e-01
9.2770e-01
9.2451e-01
9.3638e-01
9.2804e-01
9.3375e-01
9.3223e-01
9.3375e-01
9.3500e-01
9.3079e-01
9.2870e-01
9.2346e-01
9.2803e-01
9.3141e-01
9.3022e-01
9.2837e-01
9.3047e-01
9.3410e-01
9.3200e-01
9.2699e-01
9.2992e-01
9.3341e-01
9.2586e-01
9.2077e-01
9.2938e-01
9.2800e-01
9.2807e-01
9.2115e-01
9.3265e-01
9.3068e-01
9.3342e-01
9.2786e-01
9.2974e-01
9.3177e-01
9.3481e-01
9.3077e-01
9.3001e-01
9.2200e-01
9.2985e-01
9.2958e-01
9.2616e-01
9.2817e-01
9.2895e-01
9.3010e-01
9.2218e-01
9.3372e-01
9.2652e-01
9.3159e-01
9.3203e-01
9.3670e-01
9.3554e-01
9.3435e-01
9.3030e-01
9.3055e-01
9.3827e-01
9.3303e-01
9.3009e-01
9.3097e-01
9.3199e-01
9.3091e-01
9.2823e-01
9.3329e-01
9.3557e-01
9.2552e-01
9.3393e-01
9.3767e-01
9.2683e-01
9.2659e-01
9.2947e-01
9.2449e-01
9.3103e-01
9.2836e-01
9.2102e-01
9.3100e-01
9.3358e-01
9.2608e-01
9.3993e-01
9.3041e-01
9.3155e-01
9.3175e-01
9.3414e-01
9.3161e-01
9.2971e-01
9.3130e-01
9.3302e-01
9.2642e-01
9.2873e-01
9.3911e-01
9.2872e-01
9.3794e-01
9.3878e-01
9.3695e-01
9.3129e-01
9.3343e-01
9.3230e-01
9.2905e-01
9.3450e-01
9.2833e-01
9.3154e-01
9.3307e-01
9.2740e-01
9.2844e-01
9.2969e-01
9.2480e-01
9.2679e-01
9.2840e-01
9.3574e-01
9.2950e-01
9.3063e-01
9.3297e-01
9.3409e-01
9.3249e-01
9.2132e-01
9.3018e-01
9.2807e-01
9.2559e-01
9.3804e-01
9.2987e-01
9.2924e-01
9.3540e-01
9.2848e-01
9.3469e-01
9.3022e-01
9.3495e-01
9.3006e-01
9.2380e-01
9.3048e-01
9.3174e-01
9.2633e-01
9.2757e-01
9.3006e-01
9.3031e-01
9.3421e-01
9.3319e-01
9.3480e-01
9.3322e-01
9.2815e-01
9.2943e-01
9.3473e-01
9.3074e-01
9.2485e-01
9.3359e-01
9.2581e-01
9.2946e-01
9.3014e-01
9.3383e-01
9.2866e-01
9.3340e-01
9.2812e-01
9.3280e-01
9.2853e-01
9.3227e-01
9.3205e-01
9.2814e-01
9.2681e-01
9.2630e-01
9.2834e-01
9.3570e-01
9.2999e-01
9.2682e-01
9.2715e-01
9.2915e-01
9.2697e-01
9.2594e-01
9.3604e-01
9.2832e-01
9.3045e-01
9.3317e-01
9.3285e-01
9.3199e-01
9.3285e-01
9.3369e-01
9.2369e-01
9.2865e-01
9.3466e-01
9.3304e-01
9.2777e-01
9.2864e-01
9.3499e-01
9.3028e-01
9.2980e-01
9.3105e-01
9.2903e-01
9.3662e-01
9.2711e-01
9.2882e-01
9.2713e-01
9.3269e-01
9.2281e-01
9.3417e-01
9.3133e-01
9.3055e-01
9.2765e-01
9.2177e-01
9.3159e-01
9.2835e-01
9.2762e-01
9.3230e-01
9.2842e-01
9.2896e-01
9.3532e-01
9.2734e-01
9.3060e-01
9.2171e-01
9.3024e-01
9.3105e-01
9.3434e-01
9.2926e-01
9.2808e-01
9.2893e-01
9.2834e-01
9.2798e-01
9.3237e-01
9.2643e-01
9.2707e-01
9.2849e-01
9.2668e-01
9.3641e-01
9.2459e-01
9.2503e-01
9.2228e-01
9.2722e-01
9.3006e-01
9.3328e-01
9.3389e-01
9.2692e-01
9.3084e-01
9.2929e-01
9.3718e-01
9.3510e-01
9.2924e-01
9.3533e-01
9.2928e-01
9.2825e-01
9.3605e-01
9.3327e-01
9.2795e-01
9.3221e-01
9.2389e-01
9.1682e-01
9.3234e-01
9.3164e-01
9.2474e-01
9.2919e-01
9.3849e-01
9.2790e-01
9.2595e-01
9.3268e-01
9.2804e-01
9.3378e-01
9.2810e-01
9.3125e-01
9.2450e-01
9.3579e-01
9.3173e-01
9.3284e-01
9.2734e-01
9.3071e-01
9.2742e-01
9.3059e-01
9.3496e-01
9.2994e-01
9.3506e-01
9.2985e-01
9.2987e-01
9.2871e-01
9.2489e-01
9.2966e-01
9.2884e-01
9.3339e-01
9.2874e-01
9.3409e-01
9.3102e-01
9.2289e-01
9.3263e-01
9.3050e-01
9.3184e-01
9.3279e-01
9.3163e-01
9.2791e-01
9.3256e-01
9.3672e-01
9.3228e-01
9.3815e-01
9.3071e-01
9.3062e-01
9.2880e-01
9.3678e-01
9.2856e-01
9.2895e-01
9.3110e-01
9.2963e-01
9.3402e-01
9.2840e-01
9.3033e-01
9.2727e-01
9.3235e-01
9.3254e-01
9.3164e-01
9.2939e-01
9.2977e-01
9.3286e-01
9.2952e-01
9.3222e-01
9.3170e-01
9.3477e-01
9.3124e-01
9.3377e-01
9.3321e-01
9.3585e-01
9.2518e-01
9.3474e-01
9.3076e-01
9.3621e-01
9.3271e-01
9.3708e-01
9.2762e-01
9.2926e-01
9.3177e-01
9.3239e-01
9.2297e-01
9.2945e-01
9.2981e-01
9.3087e-01
9.2615e-01
9.2924e-01
9.3061e-01
9.2541e-01
9.2822e-01
9.3500e-01
9.2084e-01
9.2996e-01
9.2864e-01
9.2981e-01
9.2583e-01
9.2493e-01
9.2712e-01
9.2574e-01
9.3273e-01
9.3277e-01
9.3209e-01
9.2994e-01
9.2838e-01
9.3687e-01
9.2596e-01
9.2581e-01
9.3244e-01
9.2921e-01
9.3119e-01
9.2855e-01
9.2913e-01
9.3149e-01
9.2462e-01
9.2434e-01
9.3165e-01
9.2761e-01
9.2435e-01
9.2816e-01
9.3473e-01
9.2518e-01
9.2937e-01
9.2749e-01
9.3003e-01
9.2641e-01
9.3232e-01
9.3157e-01
9.2853e-01
9.3395e-01
9.3514e-01
9.3076e-01
9.3074e-01
9.3439e-01
9.2439e-01
9.3628e-01
9.2992e-01
9.3397e-01
9.3031e-01
9.3212e-01
9.3309e-01
9.2958e-01
9.3080e-01
9.3185e-01
9.2529e-01
9.2740e-01
9.2578e-01
9.2770e-01
9.3520e-01
9.3105e-01
9.2921e-01
9.3017e-01
9.3076e-01
9.3106e-01
9.3468e-01
9.3714e-01
9.2785e-01
9.3029e-01
9.3562e-01
9.2804e-01
9.3094e-01
9.2911e-01
9.3573e-01
9.3160e-01
9.3568e-01
9.2759e-01
9.3024e-01
9.2765e-01
9.3527e-01
9.3067e-01
9.2526e-01
9.3064e-01
9.2467e-01
9.2556e-01
9.3387e-01
9.3613e-01
9.2610e-01
9.3340e-01
9.3312e-01
9.2796e-01
9.2756e-01
9.3605e-01
9.3176e-01
9.2747e-01
9.3184e-01
9.3405e-01
9.2688e-01
9.2689e-01
9.2919e-01
9.3262e-01
9.2722e-01
9.3628e-01
9.3218e-01
9.3323e-01
9.2438e-01
9.3627e-01
9.2798e-01
9.3186e-01
9.3433e-01
9.3308e-01
9.2123e-01
9.2872e-01
9.3349e-01
9.3810e-01
9.3133e-01
9.3326e-01
9.2544e-01
9.2986e-01
9.2413e-01
9.3008e-01
9.3328e-01
9.2569e-01
9.2942e-01
9.2819e-01
9.3334e-01
9.2333e-01
9.3043e-01
9.3650e-01
9.2473e-01
9.2803e-01
9.3289e-01
9.2731e-01
9.2661e-01
9.2604e-01
9.3047e-01
9.2480e-01
9.2631e-01
9.3272e-01
9.2821e-01
9.3412e-01
9.2959e-01
9.2786e-01
9.3382e-01
9.2952e-01
9.2269e-01
9.3141e-01
9.3172e-01
9.3498e-01
9.2078e-01
9.2888e-01
9.2701e-01
9.3056e-01
9.3188e-01
9.3997e-01
9.3390e-01
9.2838e-01
9.2751e-01
9.2533e-01
9.2918e-01
9.2814e-01
9.3456e-01
9.3084e-01
9.2348e-01
9.2838e-01
9.3103e-01
9.3492e-01
9.3510e-01
9.2886e-01
9.2712e-01
9.3193e-01
9.3117e-01
9.2762e-01
9.2829e-01
9.2945e-01
9.3456e-01
9.3115e-01
9.2278e-01
9.2462e-01
9.2813e-01
9.2125e-01
9.2427e-01
9.2460e-01
9.3535e-01
9.3160e-01
9.3535e-01
9.2910e-01
9.3720e-01
9.3485e-01
9.3002e-01
9.2772e-01
9.3455e-01
9.3377e-01
9.2821e-01
9.2938e-01
9.3257e-01
9.3197e-01
9.2870e-01
9.2665e-01
9.3203e-01
9.3004e-01
9.2974e-01
9.3545e-01
9.2441e-01
9.2116e-01
9.2715e-01
9.3501e-01
9.3162e-01
9.2978e-01
9.3012e-01
9.2576e-01
9.3400e-01
9.3527e-01
9.2521e-01
9.2880e-01
9.2633e-01
9.3221e-01
9.2707e-01
9.3025e-01
9.2789e-01
9.3149e-01
9.3077e-01
9.2824e-01
9.3243e-01
9.3000e-01
9.2834e-01
9.2649e-01
9.2353e-01
9.2954e-01
9.3117e-01
9.3192e-01
9.3308e-01
9.2962e-01
9.3356e-01
9.2818e-01
9.3310e-01
9.3624e-01
9.2952e-01
9.2585e-01
9.3225e-01
9.3099e-01
9.1959e-01
9.3307e-01
9.2958e-01
9.2916e-01
9.2562e-01
9.2710e-01
9.3553e-01
9.3050e-01
9.2321e-01
9.4285e-01
9.3214e-01
9.2550e-01
9.2535e-01
9.3286e-01
9.2719e-01
9.2793e-01
9.2647e-01
9.3307e-01
9.2911e-01
9.2968e-01
9.2367e-01
9.2714e-01
9.3517e-01
9.2902e-01
9.2800e-01
9.3132e-01
9.3078e-01
9.3017e-01
9.3281e-01
9.3269e-01
9.3381e-01
9.2585e-01
9.3211e-01
9.2912e-01
9.2313e-01
9.2809e-01
9.3603e-01
9.3600e-01
9.3045e-01
9.3069e-01
9.2496e-01
9.3037e-01
9.3435e-01
9.2695e-01
9.2517e-01
9.3578e-01
9.2869e-01
9.3199e-01
9.2969e-01
9.2543e-01
9.2790e-01
9.2786e-01
9.3140e-01
9.2666e-01
9.3641e-01
9.3404e-01
9.3148e-01
9.3066e-01
9.2901e-01
9.3122e-01
9.3510e-01
9.2610e-01
9.3095e-01
9.2598e-01
9.2762e-01
9.3230e-01
9.3707e-01
9.2830e-01
9.3565e-01
9.3368e-01
9.2874e-01
9.2903e-01
9.2757e-01
9.2930e-01
9.3535e-01
9.3451e-01
9.2299e-01
9.2798e-01
9.3140e-01
9.3469e-01
9.3783e-01
9.2859e-01
9.3648e-01
9.3021e-01
9.2729e-01
9.3295e-01
9.3324e-01
9.2482e-01
9.3272e-01
9.2915e-01
9.2673e-01
9.3038e-01
9.2945e-01
9.2476e-01
9.2971e-01
9.2369e-01
9.2463e-01
9.3057e-01
9.3215e-01
9.4031e-01
9.2487e-01
9.2484e-01
9.3368e-01
9.3234e-01
9.2548e-01
9.2805e-01
9.2674e-01
9.3254e-01
9.2828e-01
9.2966e-01
9.2871e-01
9.3008e-01
9.3200e-01
9.2903e-01
9.2678e-01
9.2786e-01
9.2919e-01
9.3068e-01
9.2816e-01
9.2877e-01
9.3440e-01
9.2833e-01
9.2713e-01
9.3338e-01
9.3318e-01
9.3248e-01
9.3366e-01
9.2891e-01
9.3709e-01
9.2780e-01
9.3030e-01
9.2939e-01
9.2764e-01
9.2559e-01
9.2733e-01
9.2308e-01
9.2456e-01
9.2416e-01
9.3262e-01
9.3287e-01
9.2526e-01
9.4081e-01
9.3019e-01
9.2969e-01
9.2947e-01
9.2916e-01
9.3060e-01
9.3295e-01
9.2728e-01
9.2165e-01
9.2531e-01
9.3157e-01
9.2604e-01
9.2568e-01
9.2682e-01
9.2917e-01
9.2328e-01
9.3568e-01
9.3065e-01
9.3493e-01
9.3232e-01
9.3206e-01
9.4394e-01
9.3249e-01
9.3080e-01
9.3419e-01
9.2772e-01
9.3045e-01
9.3265e-01
9.2961e-01
9.2804e-01
9.3089e-01
9.3118e-01
9.3733e-01
9.2850e-01
9.3264e-01
9.3080e-01
9.2976e-01
9.2917e-01
9.3277e-01
9.3290e-01
9.3173e-01
9.3386e-01
9.2897e-01
9.2669e-01
9.3377e-01
9.3111e-01
9.3000e-01
9.2607e-01
9.3189e-01
9.3256e-01
9.3441e-01
9.2622e-01
9.3069e-01
9.3364e-01
9.2994e-01
9.3189e-01
9.3296e-01
9.3227e-01
9.2932e-01
9.3224e-01
9.2639e-01
9.2397e-01
9.3600e-01
9.3000e-01
9.2986e-01
9.2783e-01
9.2667e-01
9.2658e-01
9.3080e-01
9.3435e-01
9.2552e-01
9.3155e-01
9.3246e-01
9.2955e-01
9.2527e-01
9.2638e-01
9.2886e-01
9.3104e-01
9.2762e-01
9.3115e-01
9.3822e-01
9.3835e-01
9.2770e-01
9.3294e-01
9.3050e-01
9.2818e-01
9.2834e-01
9.3275e-01
9.2734e-01
9.3264e-01
9.2307e-01
9.2926e-01
9.2846e-01
9.3376e-01
9.2216e-01
9.2916e-01
9.2252e-01
9.3067e-01
9.2603e-01
9.3829e-01
9.3846e-01
9.3631e-01
9.2782e-01
9.2648e-01
9.3062e-01
9.2830e-01
9.2595e-01
9.2650e-01
9.3354e-01
9.2393e-01
9.3130e-01
9.2983e-01
9.3494e-01
9.2923e-01
9.2834e-01
9.3256e-01
9.3499e-01
9.2829e-01
9.2424e-01
9.2925e-01
9.2892e-01
9.3126e-01
9.2081e-01
9.3117e-01
9.3485e-01
9.2943e-01
9.3265e-01
9.2806e-01
9.3210e-01
9.3225e-01
9.2611e-01
9.2874e-01
9.2919e-01
9.3097e-01
9.2257e-01
9.3020e-01
9.3030e-01
9.3275e-01
9.3119e-01
9.3055e-01
9.2563e-01
9.2783e-01
9.2878e-01
9.3158e-01
9.2852e-01
9.2826e-01
9.3320e-01
9.3108e-01
9.2600e-01
9.3208e-01
9.3320e-01
9.3337e-01
9.2594e-01
9.3009e-01
9.3143e-01
9.2142e-01
9.3214e-01
9.3075e-01
9.2685e-01
9.2400e-01
9.3410e-01
9.2779e-01
9.3413e-01
9.3008e-01
9.2746e-01
9.2855e-01
9.3161e-01
9.3033e-01
9.2804e-01
9.3357e-01
9.3128e-01
9.2885e-01
9.2871e-01
9.2756e-01
9.3212e-01
9.3335e-01
9.3447e-01
9.2817e-01
9.2958e-01
9.2990e-01
9.3327e-01
9.2789e-01
9.3500e-01
9.3390e-01
9.3934e-01
9.3189e-01
9.2915e-01
9.2898e-01
9.2877e-01
9.2828e-01
9.3494e-01
9.3178e-01
9.2524e-01
9.2686e-01
9.3710e-01
9.2908e-01
9.2856e-01
9.3628e-01
9.2737e-01
9.2538e-01
9.2424e-01
9.3189e-01
9.3470e-01
9.2921e-01
9.2956e-01
9.3022e-01
9.2763e-01
9.3433e-01
9.2991e-01
9.3018e-01
9.2921e-01
9.2674e-01
9.3474e-01
9.2503e-01
9.3134e-01
9.3148e-01
9.3049e-01
9.3109e-01
9.3378e-01
9.2796e-01
9.3091e-01
9.3376e-01
9.3002e-01
9.2568e-01
9.3065e-01
9.2977e-01
9.2523e-01
9.3445e-01
9.3289e-01
9.3104e-01
9.3554e-01
9.3020e-01
9.3492e-01
9.3207e-01
9.3283e-01
9.2709e-01
9.3121e-01
9.3070e-01
9.3317e-01
9.2928e-01
9.2795e-01
9.2723e-01
9.2632e-01
9.3704e-01
9.2524e-01
9.3003e-01
9.3376e-01
9.2905e-01
9.2536e-01
9.3103e-01
9.2632e-01
9.3417e-01
9.3377e-01
9.3298e-01
9.2773e-01
9.2981e-01
9.3267e-01
9.2820e-01
9.3142e-01
9.2965e-01
9.3572e-01
9.3468e-01
9.3307e-01
9.3446e-01
9.3228e-01
9.3155e-01
9.3036e-01
9.3132e-01
9.3093e-01
9.2761e-01
9.3798e-01
9.3571e-01
9.3058e-01
