9.0583e-01
9.0371e-01
9.0645e-01
9.0837e-01
9.0395e-01
9.0318e-01
9.0445e-01
9.0429e-01
9.0413e-01
9.0574e-01
9.0354e-01
9.0587e-01
9.0525e-01
9.0279e-01
9.0167e-01
9.0665e-01
9.0216e-01
9.0426e-01
9.0462e-01
9.0604e-01
9.0403e-01
9.0335e-01
9.0454e-01
9.0327e-01
9.0351e-01
9.0484e-01
9.0775e-01
9.0633e-01
9.0471e-01
9.0393e-01
9.0345e-01
9.0720e-01
9.0546e-01
9.0234e-01
9.0686e-01
9.0444e-01
9.0313e-01
9.0430e-01
9.0378e-01
9.0536e-01
9.0433e-01
9.0709e-01
9.0463e-01
9.0317e-01
9.0425e-01
9.0534e-01
9.0516e-01
9.0236e-01
9.0604e-01
9.0385e-01
9.0519e-01
9.0560e-01
9.0527e-01
9.0491e-01
9.0388e-01
9.0673e-01
9.0777e-01
9.0067e-01
9.0613e-01
9.0666e-01
9.0675e-01
9.0226e-01
9.0320e-01
9.0445e-01
9.0482e-01
9.0517e-01
9.0533e-01
9.0591e-01
9.0575e-01
9.0566e-01
9.0518e-01
9.0310e-01
9.0468e-01
9.0494e-01
9.0624e-01
9.0650e-01
9.0415e-01
9.0530e-01
9.0624e-01
9.0444e-01
9.0588e-01
9.0623e-01
9.0640e-01
9.0495e-01
9.0282e-01
9.0602e-01
9.0505e-01
9.0380e-01
9.0352e-01
9.0719e-01
9.0690e-01
9.0670e-01
9.0513e-01
9.0231e-01
9.0465e-01
9.0561e-01
9.0571e-01
9.0383e-01
9.0396e-01
9.0354e-01
9.0484e-01
9.0613e-01
9.0562e-01
9.0524e-01
9.0330e-01
9.0937e-01
9.0567e-01
9.0414e-01
9.0245e-01
9.0753e-01
9.0490e-01
9.0129e-01
9.0483e-01
9.0455e-01
9.0205e-01
9.0485e-01
9.0671e-01
9.0761e-01
9.0489e-01
9.0374e-01
9.0362e-01
9.0251e-01
9.0485e-01
9.0517e-01
9.0360e-01
9.0298e-01
9.0496e-01
9.0718e-01
9.0551e-01
9.0230e-01
9.0475e-01
9.0474e-01
9.0534e-01
9.0462e-01
9.0864e-01
9.0496e-01
9.0153e-01
9.0553e-01
9.0429e-01
9.0354e-01
9.0483e-01
9.0268e-01
9.0700e-01
9.0689e-01
9.0355e-01
9.0082e-01
9.0537e-01
9.0465e-01
9.0295e-01
9.0309e-01
9.0644e-01
9.0306e-01
9.0774e-01
9.0645e-01
9.0233e-01
9.0471e-01
9.0503e-01
9.0654e-01
9.0358e-01
9.0565e-01
9.0539e-01
9.0535e-01
9.0311e-01
9.0092e-01
9.0483e-01
9.0616e-01
9.0332e-01
8.9915e-01
9.0525e-01
9.0377e-01
9.0439e-01
9.0814e-01
9.0730e-01
9.0658e-01
9.0662e-01
9.0400e-01
8.9960e-01
9.0432e-01
9.0430e-01
9.0239e-01
9.0582e-01
9.0507e-01
9.0621e-01
9.0238e-01
9.0597e-01
9.0493e-01
9.0344e-01
9.0417e-01
9.0235e-01
9.0394e-01
9.0426e-01
9.0304e-01
9.0567e-01
9.0578e-01
9.0582e-01
9.0481e-01
9.0507e-01
9.0175e-01
9.0398e-01
9.0669e-01
9.0489e-01
9.0347e-01
9.0617e-01
9.0651e-01
9.0750e-01
9.0498e-01
9.0538e-01
9.0583e-01
9.0794e-01
9.0456e-01
9.0724e-01
9.0512e-01
9.0630e-01
9.0373e-01
9.0445e-01
9.0794e-01
9.0842e-01
9.0870e-01
9.0490e-01
9.0647e-01
9.0219e-01
9.0763e-01
9.0362e-01
9.0653e-01
9.0723e-01
9.0484e-01
9.0605e-01
9.0402e-01
9.0718e-01
9.0201e-01
9.0534e-01
9.0416e-01
9.0502e-01
9.0257e-01
9.0397e-01
9.0483e-01
9.0485e-01
9.0320e-01
9.0573e-01
9.0398e-01
9.0704e-01
9.0612e-01
9.0598e-01
9.0275e-01
9.0730e-01
9.0533e-01
9.0411e-01
9.0488e-01
9.0316e-01
9.0730e-01
9.0814e-01
9.0586e-01
9.0620e-01
9.0759e-01
9.0761e-01
9.0464e-01
9.0553e-01
9.0331e-01
9.0342e-01
9.0662e-01
9.0430e-01
9.0582e-01
9.0409e-01
9.0359e-01
9.0523e-01
9.0502e-01
9.0147e-01
9.0448e-01
9.0635e-01
9.0736e-01
9.0855e-01
9.0598e-01
9.0592e-01
9.0417e-01
9.0174e-01
9.0525e-01
9.0186e-01
9.0581e-01
9.0226e-01
9.0392e-01
9.0581e-01
9.0258e-01
9.0394e-01
9.0625e-01
9.0624e-01
9.0394e-01
9.0411e-01
9.0587e-01
9.0476e-01
9.0457e-01
9.0552e-01
9.0630e-01
9.0816e-01
9.0432e-01
9.0494e-01
9.0313e-01
9.0473e-01
9.0612e-01
9.0317e-01
9.0254e-01
9.0711e-01
9.0351e-01
9.0248e-01
9.0301e-01
9.0733e-01
9.0413e-01
9.0225e-01
9.1088e-01
9.0487e-01
9.0532e-01
9.0807e-01
9.0549e-01
9.0548e-01
9.0409e-01
9.0591e-01
9.0276e-01
9.0507e-01
9.0339e-01
9.0579e-01
9.0320e-01
9.0909e-01
9.0288e-01
9.0496e-01
9.0685e-01
9.0434e-01
9.0410e-01
9.0564e-01
9.0736e-01
9.0439e-01
9.0628e-01
9.0414e-01
9.0740e-01
9.0398e-01
9.0625e-01
9.0295e-01
9.0508e-01
9.0791e-01
9.0865e-01
9.0325e-01
9.0592e-01
9.0643e-01
9.0448e-01
9.0594e-01
9.0306e-01
9.0867e-01
9.0545e-01
9.0495e-01
9.0538e-01
9.0535e-01
9.0835e-01
9.0387e-01
9.0386e-01
9.0221e-01
9.0768e-01
9.0048e-01
9.0489e-01
9.0533e-01
9.0399e-01
9.0508e-01
9.0214e-01
9.0635e-01
9.0256e-01
9.0425e-01
9.0165e-01
9.0649e-01
9.0151e-01
9.0327e-01
9.0698e-01
9.0374e-01
9.0708e-01
9.0799e-01
9.0410e-01
9.0269e-01
9.0691e-01
9.0232e-01
9.0473e-01
9.0331e-01
9.0617e-01
9.0662e-01
9.0479e-01
9.0555e-01
9.0185e-01
9.0510e-01
9.0603e-01
9.0592e-01
9.0643e-01
9.0688e-01
9.0558e-01
9.0281e-01
9.0598e-01
9.0648e-01
9.0211e-01
9.0305e-01
9.0647e-01
9.0649e-01
9.0155e-01
9.0507e-01
9.0439e-01
9.0143e-01
9.0459e-01
9.0637e-01
9.0453e-01
9.0642e-01
9.0496e-01
9.0654e-01
9.0411e-01
9.0511e-01
9.0505e-01
9.0448e-01
9.0542e-01
9.0463e-01
9.0373e-01
9.0466e-01
9.0508e-01
9.0296e-01
9.0310e-01
9.0507e-01
9.0549e-01
9.0639e-01
9.0667e-01
9.0538e-01
9.0699e-01
9.0381e-01
9.0372e-01
9.0543e-01
9.0164e-01
9.0919e-01
9.0311e-01
9.0414e-01
9.0164e-01
9.0503e-01
9.0772e-01
9.0432e-01
9.0503e-01
9.0613e-01
9.0349e-01
9.0201e-01
9.0520e-01
9.0387e-01
9.0706e-01
9.0408e-01
9.0672e-01
9.0468e-01
9.0097e-01
9.0600e-01
9.0541e-01
9.0151e-01
9.0363e-01
9.0258e-01
9.0594e-01
9.0618e-01
9.0413e-01
9.0689e-01
9.0497e-01
9.0495e-01
9.0642e-01
9.0106e-01
9.0465e-01
9.0346e-01
9.0486e-01
9.0508e-01
9.0630e-01
9.0544e-01
9.0513e-01
9.0601e-01
9.0223e-01
9.0710e-01
9.0377e-01
9.0536e-01
9.0637e-01
9.0757e-01
9.0808e-01
9.0482e-01
9.0630e-01
9.0467e-01
9.0121e-01
9.0516e-01
9.0612e-01
9.0575e-01
9.0494e-01
9.0338e-01
9.0381e-01
9.0745e-01
9.0517e-01
9.0371e-01
9.0485e-01
9.0245e-01
9.0022e-01
9.0170e-01
9.0292e-01
9.0513e-01
9.0453e-01
9.0332e-01
9.0681e-01
9.0390e-01
9.0598e-01
9.0606e-01
9.0430e-01
9.0456e-01
9.0693e-01
9.0506e-01
9.0328e-01
9.0013e-01
9.0445e-01
9.0516e-01
9.0285e-01
9.0601e-01
9.0303e-01
9.0419e-01
9.0524e-01
9.0396e-01
9.0808e-01
9.0573e-01
9.0475e-01
9.0347e-01
9.0550e-01
9.0725e-01
9.0492e-01
9.0476e-01
9.0612e-01
9.0457e-01
9.0520e-01
9.0045e-01
9.0648e-01
9.0661e-01
9.0223e-01
9.0372e-01
9.0680e-01
9.0442e-01
9.0502e-01
9.0313e-01
9.0600e-01
9.0294e-01
9.0515e-01
9.0280e-01
9.0841e-01
9.0510e-01
9.0141e-01
9.0404e-01
9.0892e-01
9.0556e-01
9.0521e-01
9.0278e-01
9.0480e-01
9.0479e-01
9.0457e-01
9.0591e-01
9.0578e-01
9.0696e-01
9.0453e-01
9.0513e-01
9.0741e-01
9.0246e-01
9.0448e-01
9.0337e-01
9.0333e-01
9.0506e-01
9.0631e-01
9.0457e-01
9.0273e-01
9.0568e-01
9.0483e-01
9.0595e-01
9.0096e-01
9.0523e-01
9.0232e-01
9.0655e-01
9.0463e-01
9.0202e-01
9.0372e-01
9.0488e-01
9.0347e-01
9.0770e-01
9.0668e-01
9.0747e-01
9.0640e-01
9.0398e-01
9.0439e-01
9.0351e-01
9.0595e-01
9.0420e-01
9.0429e-01
9.0604e-01
9.0672e-01
9.0446e-01
9.0638e-01
9.0589e-01
9.0673e-01
9.0388e-01
9.0491e-01
9.0464e-01
9.0393e-01
9.0356e-01
9.0352e-01
9.0789e-01
9.0353e-01
9.0725e-01
9.0346e-01
9.0513e-01
9.0522e-01
9.0524e-01
9.0584e-01
9.0600e-01
9.0398e-01
9.0463e-01
9.0430e-01
9.0615e-01
9.0081e-01
9.0417e-01
9.0430e-01
9.0826e-01
9.0840e-01
9.0581e-01
9.0745e-01
9.0354e-01
9.0387e-01
9.0726e-01
9.0525e-01
9.0604e-01
9.0460e-01
9.0688e-01
9.0560e-01
9.0303e-01
9.0409e-01
9.0645e-01
9.0182e-01
9.0442e-01
9.0361e-01
9.0392e-01
9.0467e-01
9.0509e-01
9.0381e-01
9.0494e-01
9.0423e-01
9.0368e-01
9.0541e-01
9.0575e-01
9.0601e-01
9.0580e-01
9.0547e-01
9.0522e-01
9.0654e-01
9.0617e-01
9.0303e-01
9.0344e-01
9.0811e-01
9.0471e-01
9.0594e-01
9.0631e-01
9.0527e-01
9.0454e-01
9.0526e-01
9.0400e-01
9.0310e-01
9.0567e-01
9.0378e-01
9.0766e-01
9.0238e-01
9.0628e-01
9.0724e-01
9.0316e-01
9.0716e-01
9.0547e-01
9.0664e-01
9.0735e-01
9.0508e-01
9.0579e-01
9.0523e-01
9.0616e-01
9.0530e-01
9.0546e-01
9.0236e-01
9.0554e-01
9.0581e-01
9.0645e-01
9.0452e-01
9.0282e-01
9.0402e-01
9.0637e-01
9.0521e-01
9.0213e-01
9.0923e-01
9.0559e-01
9.0814e-01
9.0656e-01
9.0388e-01
9.0382e-01
9.0663e-01
9.0791e-01
9.0455e-01
9.0320e-01
9.0464e-01
9.0785e-01
9.0582e-01
9.0590e-01
9.0579e-01
9.0639e-01
9.0292e-01
9.0300e-01
9.0548e-01
9.0242e-01
9.0574e-01
9.0184e-01
9.0282e-01
9.0554e-01
9.0636e-01
9.0305e-01
9.0492e-01
9.0746e-01
9.0241e-01
8.9930e-01
9.0439e-01
9.0352e-01
9.0545e-01
9.0360e-01
9.0487e-01
9.0804e-01
9.0405e-01
9.0472e-01
9.0291e-01
9.0576e-01
9.0293e-01
9.0513e-01
9.0130e-01
9.0536e-01
9.0488e-01
9.0444e-01
9.0737e-01
9.0333e-01
9.0518e-01
9.0324e-01
9.0434e-01
9.0583e-01
9.0757e-01
9.0207e-01
9.0805e-01
9.0667e-01
9.0259e-01
9.0445e-01
9.0445e-01
9.0166e-01
9.0637e-01
9.0607e-01
9.0223e-01
9.0643e-01
9.0647e-01
9.0562e-01
9.0772e-01
9.0297e-01
9.0269e-01
9.0543e-01
9.0607e-01
9.0394e-01
9.0514e-01
9.0691e-01
9.0611e-01
9.0360e-01
9.0629e-01
9.0645e-01
9.0499e-01
9.0744e-01
9.0403e-01
9.0495e-01
9.0394e-01
9.0621e-01
9.0658e-01
9.0321e-01
9.0450e-01
9.0729e-01
9.0386e-01
9.0324e-01
9.0519e-01
9.0493e-01
9.0637e-01
9.0558e-01
9.0313e-01
9.0362e-01
9.0478e-01
9.0239e-01
9.0383e-01
9.0710e-01
9.0532e-01
9.0307e-01
9.0529e-01
9.0386e-01
9.0480e-01
9.0490e-01
9.0550e-01
9.0373e-01
9.0208e-01
9.0376e-01
9.0823e-01
9.0511e-01
9.0523e-01
9.0409e-01
9.0501e-01
9.0304e-01
9.0387e-01
9.0590e-01
9.0288e-01
9.0393e-01
9.0395e-01
9.0624e-01
9.0688e-01
9.0425e-01
9.0439e-01
9.0536e-01
9.0506e-01
9.0362e-01
9.0525e-01
9.0652e-01
9.0063e-01
9.0581e-01
9.0455e-01
9.0349e-01
9.0592e-01
9.0274e-01
9.0443e-01
9.0776e-01
9.0528e-01
9.1058e-01
9.0454e-01
9.0321e-01
9.0530e-01
9.0533e-01
9.0416e-01
9.0366e-01
9.0431e-01
9.0562e-01
9.0392e-01
9.0180e-01
9.0723e-01
9.0430e-01
9.0563e-01
9.0657e-01
9.0617e-01
9.0801e-01
9.0525e-01
9.0575e-01
9.0475e-01
9.0599e-01
9.0435e-01
9.0593e-01
9.0574e-01
9.0508e-01
9.0595e-01
9.0497e-01
9.0703e-01
9.0434e-01
9.0458e-01
9.0061e-01
9.0693e-01
9.0302e-01
9.0560e-01
9.0293e-01
9.0459e-01
9.0464e-01
9.0384e-01
9.0840e-01
9.0477e-01
9.0588e-01
9.0552e-01
9.0146e-01
9.0714e-01
9.0633e-01
9.0726e-01
9.0489e-01
9.0646e-01
9.0661e-01
9.0524e-01
9.0468e-01
9.0190e-01
9.0363e-01
9.0558e-01
9.0442e-01
9.0190e-01
9.0293e-01
9.0663e-01
9.0439e-01
9.0638e-01
9.0608e-01
9.0596e-01
9.0365e-01
9.0699e-01
9.0315e-01
9.0474e-01
9.0719e-01
9.0406e-01
9.0288e-01
9.0593e-01
9.0561e-01
9.0455e-01
9.0628e-01
9.0750e-01
9.0501e-01
9.0201e-01
9.0552e-01
9.0430e-01
9.0691e-01
9.0422e-01
9.0128e-01
9.0529e-01
9.0343e-01
9.0563e-01
9.0373e-01
9.0503e-01
9.0488e-01
9.0622e-01
9.0957e-01
9.0637e-01
9.0779e-01
9.0479e-01
9.0408e-01
9.0463e-01
9.0598e-01
9.0521e-01
9.0665e-01
9.0492e-01
9.0382e-01
9.0392e-01
9.0473e-01
9.0505e-01
9.0597e-01
9.0347e-01
9.0572e-01
9.0468e-01
9.0437e-01
9.0518e-01
9.0381e-01
9.0526e-01
9.0349e-01
9.0105e-01
9.0487e-01
9.0583e-01
9.0211e-01
9.0305e-01
9.0542e-01
9.0154e-01
9.0334e-01
9.0560e-01
9.0657e-01
9.0365e-01
9.0369e-01
9.0346e-01
9.0382e-01
9.0503e-01
9.0412e-01
9.0308e-01
9.0735e-01
9.0558e-01
9.0597e-01
9.0175e-01
9.0198e-01
9.0226e-01
9.0242e-01
9.0614e-01
9.0641e-01
9.0646e-01
9.0388e-01
9.0277e-01
9.0581e-01
9.0566e-01
9.0606e-01
9.0266e-01
9.0417e-01
9.0725e-01
9.0504e-01
9.0182e-01
9.0397e-01
9.0743e-01
9.0593e-01
9.0452e-01
9.0310e-01
9.0642e-01
9.0290e-01
9.0475e-01
9.0910e-01
9.0774e-01
9.0450e-01
9.0200e-01
9.0654e-01
9.0201e-01
9.0765e-01
9.0280e-01
9.0820e-01
9.0337e-01
9.0668e-01
9.0596e-01
9.0257e-01
9.0516e-01
9.0259e-01
9.0469e-01
9.0562e-01
9.0367e-01
9.0462e-01
9.0317e-01
9.0330e-01
9.0494e-01
9.0617e-01
