6.9803e-01
6.9203e-01
7.0068e-01
6.9587e-01
6.9381e-01
7.0452e-01
6.9684e-01
6.9891e-01
6.9930e-01
6.9368e-01
6.9872e-01
6.9674e-01
6.9464e-01
6.9357e-01
6.9866e-01
6.9782e-01
6.9087e-01
7.0063e-01
6.9517e-01
6.9636e-01
6.9569e-01
7.0258e-01
6.9885e-01
6.9758e-01
6.9908e-01
6.9935e-01
6.9506e-01
6.9578e-01
6.9827e-01
6.9698e-01
6.9521e-01
6.9734e-01
6.9253e-01
6.9182e-01
6.9571e-01
7.0070e-01
6.9889e-01
6.9829e-01
6.9427e-01
6.9678e-01
6.9863e-01
6.8950e-01
6.9864e-01
6.9841e-01
6.9254e-01
6.9650e-01
7.0629e-01
6.9740e-01
6.6043e-01
6.9729e-01
6.9368e-01
6.8800e-01
6.9132e-01
6.8851e-01
6.9798e-01
6.9321e-01
6.9133e-01
6.9621e-01
6.9208e-01
6.9448e-01
6.9618e-01
6.9872e-01
7.0053e-01
6.9505e-01
6.9582e-01
6.9625e-01
6.9875e-01
6.9747e-01
6.9776e-01
6.4849e-01
6.9143e-01
6.9993e-01
6.9572e-01
6.9668e-01
6.9868e-01
6.9385e-01
6.9881e-01
6.9810e-01
6.9954e-01
6.9058e-01
6.9493e-01
6.9999e-01
6.9706e-01
6.9073e-01
6.9318e-01
6.9768e-01
6.9522e-01
7.0013e-01
6.9750e-01
6.9413e-01
6.9638e-01
6.9547e-01
6.9725e-01
6.9828e-01
6.9348e-01
6.9328e-01
6.9736e-01
6.9540e-01
6.9510e-01
6.9895e-01
7.0009e-01
6.8258e-01
6.8673e-01
6.9699e-01
6.9741e-01
6.9915e-01
6.4606e-01
6.9545e-01
6.9740e-01
7.0425e-01
6.9565e-01
7.0276e-01
6.9753e-01
6.9076e-01
7.0018e-01
6.9861e-01
6.9455e-01
6.9689e-01
6.9443e-01
6.9357e-01
6.9778e-01
6.9514e-01
6.9792e-01
6.9378e-01
6.9210e-01
6.9065e-01
6.9956e-01
7.0300e-01
6.9816e-01
6.9673e-01
6.9395e-01
7.0027e-01
6.9898e-01
7.1451e-01
7.0196e-01
6.9252e-01
6.9324e-01
6.9934e-01
6.9310e-01
6.9245e-01
6.9674e-01
6.9085e-01
7.0498e-01
6.9850e-01
6.9326e-01
6.9355e-01
7.0051e-01
7.0536e-01
7.0207e-01
6.9566e-01
6.9546e-01
7.0470e-01
6.9768e-01
7.0211e-01
6.9949e-01
6.9994e-01
6.9532e-01
6.9821e-01
6.8913e-01
6.9721e-01
6.9774e-01
6.9842e-01
6.8892e-01
7.0051e-01
6.9823e-01
6.9519e-01
6.9599e-01
7.0002e-01
6.9908e-01
6.9699e-01
6.9704e-01
6.9240e-01
6.9009e-01
6.9511e-01
6.9901e-01
6.9459e-01
6.9041e-01
6.9200e-01
6.9138e-01
6.9921e-01
6.9457e-01
6.9238e-01
6.9400e-01
6.9520e-01
6.8825e-01
7.0178e-01
6.9268e-01
6.9166e-01
6.9877e-01
6.9641e-01
7.0183e-01
6.9016e-01
6.9430e-01
6.9089e-01
7.0050e-01
6.9480e-01
6.9606e-01
7.1383e-01
6.9856e-01
6.9622e-01
6.9650e-01
6.9416e-01
6.9354e-01
6.9651e-01
6.9860e-01
6.9396e-01
6.9966e-01
6.9636e-01
6.9531e-01
6.9376e-01
6.9978e-01
7.0306e-01
6.9631e-01
6.9715e-01
6.9679e-01
6.9465e-01
6.9623e-01
6.9925e-01
6.8896e-01
6.8887e-01
6.9569e-01
6.8801e-01
6.9371e-01
6.9276e-01
6.9899e-01
6.9653e-01
7.0008e-01
6.9507e-01
6.9039e-01
6.9271e-01
6.9850e-01
6.9967e-01
6.9642e-01
6.9897e-01
6.9409e-01
6.9726e-01
6.9447e-01
6.9616e-01
6.9342e-01
6.9788e-01
6.9681e-01
6.8474e-01
7.0029e-01
6.9976e-01
6.9537e-01
6.9848e-01
6.9362e-01
6.9636e-01
6.9955e-01
6.9663e-01
6.9964e-01
6.9163e-01
7.0239e-01
6.9953e-01
6.9157e-01
6.9046e-01
6.9596e-01
6.9338e-01
6.9219e-01
6.9509e-01
6.9226e-01
6.9871e-01
6.9674e-01
6.9650e-01
7.0128e-01
6.9598e-01
6.9700e-01
7.0476e-01
7.0005e-01
6.9743e-01
6.8426e-01
6.9793e-01
6.9535e-01
6.9866e-01
6.9579e-01
6.9311e-01
6.9245e-01
6.8978e-01
7.0134e-01
6.9352e-01
7.0012e-01
6.9348e-01
6.9997e-01
6.9294e-01
7.0066e-01
6.8636e-01
6.9508e-01
6.9546e-01
7.0258e-01
6.9876e-01
7.0015e-01
6.9402e-01
6.9664e-01
6.9597e-01
6.9452e-01
6.9587e-01
7.0048e-01
6.9453e-01
6.9582e-01
7.0008e-01
6.9365e-01
6.9428e-01
6.9474e-01
6.9168e-01
6.9546e-01
6.9117e-01
6.9455e-01
6.9224e-01
6.9394e-01
6.9434e-01
6.9705e-01
6.9447e-01
6.9442e-01
6.9316e-01
6.9346e-01
6.9409e-01
7.0298e-01
6.9556e-01
6.9493e-01
6.9712e-01
6.9457e-01
6.9445e-01
6.9637e-01
6.8968e-01
6.9165e-01
6.9723e-01
7.0021e-01
6.9446e-01
6.9352e-01
7.0209e-01
6.9663e-01
6.9260e-01
6.8840e-01
6.9200e-01
6.9046e-01
7.0227e-01
6.9437e-01
6.9564e-01
6.9773e-01
6.9803e-01
6.9205e-01
6.9201e-01
6.9555e-01
6.8948e-01
7.0225e-01
6.9242e-01
6.9466e-01
6.9417e-01
6.9857e-01
6.8990e-01
6.9779e-01
7.1665e-01
6.9723e-01
6.9987e-01
6.9350e-01
6.9155e-01
6.9974e-01
6.9978e-01
6.9051e-01
6.9472e-01
6.9822e-01
6.9465e-01
6.9283e-01
6.9793e-01
6.9596e-01
6.9752e-01
6.9171e-01
6.9851e-01
6.9235e-01
6.9628e-01
6.9072e-01
6.9650e-01
7.0191e-01
6.9782e-01
6.9408e-01
6.9883e-01
6.9955e-01
6.6103e-01
6.8831e-01
6.9520e-01
6.9188e-01
6.9660e-01
6.6644e-01
6.9725e-01
7.0021e-01
7.0206e-01
7.0449e-01
6.9377e-01
6.9678e-01
6.9547e-01
6.9918e-01
6.9216e-01
6.9153e-01
6.9418e-01
6.9888e-01
6.9819e-01
7.0268e-01
6.9324e-01
6.9652e-01
6.9929e-01
6.9778e-01
6.9414e-01
6.9353e-01
7.0055e-01
6.8929e-01
6.9401e-01
6.9634e-01
6.9542e-01
6.9848e-01
6.9794e-01
6.9574e-01
6.9352e-01
6.9627e-01
6.9426e-01
6.9351e-01
6.9784e-01
6.9516e-01
6.9494e-01
6.9370e-01
6.9640e-01
6.9762e-01
6.8834e-01
6.9910e-01
6.9206e-01
6.9634e-01
6.8860e-01
6.9323e-01
6.9522e-01
6.8917e-01
6.8343e-01
6.9569e-01
6.9949e-01
6.9128e-01
6.9698e-01
6.9144e-01
6.9620e-01
6.9817e-01
6.9937e-01
7.0156e-01
6.9762e-01
6.9790e-01
7.0242e-01
6.9420e-01
6.9459e-01
7.0425e-01
6.9623e-01
7.0324e-01
6.9955e-01
6.9990e-01
6.9136e-01
6.9990e-01
6.9988e-01
6.8931e-01
6.9292e-01
6.9813e-01
6.8524e-01
6.9627e-01
6.9518e-01
6.9912e-01
6.9864e-01
6.9949e-01
6.9698e-01
6.9903e-01
6.9384e-01
6.9951e-01
6.9953e-01
6.9674e-01
6.9758e-01
6.9160e-01
6.9689e-01
6.9192e-01
6.9653e-01
6.9166e-01
6.9250e-01
6.9528e-01
6.9327e-01
7.0092e-01
7.0012e-01
6.9415e-01
6.9291e-01
6.9441e-01
6.9954e-01
6.9773e-01
6.9970e-01
6.9656e-01
6.9323e-01
6.9248e-01
6.9849e-01
6.9779e-01
6.9997e-01
6.9273e-01
6.9616e-01
6.9619e-01
7.0130e-01
6.9353e-01
6.9459e-01
6.9355e-01
7.0059e-01
6.9297e-01
6.9000e-01
6.9865e-01
6.9921e-01
6.8836e-01
6.9811e-01
7.0104e-01
6.9622e-01
6.8848e-01
7.0449e-01
7.0182e-01
7.0166e-01
6.9673e-01
6.9772e-01
6.9669e-01
6.8817e-01
6.9682e-01
6.9849e-01
6.9744e-01
6.9695e-01
6.9283e-01
7.0030e-01
6.9929e-01
6.9404e-01
6.9342e-01
7.0071e-01
6.9591e-01
6.9855e-01
6.9490e-01
6.9226e-01
6.9102e-01
6.9770e-01
6.9384e-01
6.9660e-01
6.9484e-01
6.9847e-01
6.9673e-01
6.9903e-01
6.9305e-01
6.9983e-01
6.9145e-01
6.8889e-01
6.9635e-01
6.9655e-01
6.9056e-01
6.9888e-01
6.9518e-01
6.8822e-01
6.8857e-01
6.8831e-01
7.0585e-01
6.9994e-01
7.1166e-01
6.9624e-01
6.9733e-01
6.9228e-01
6.9765e-01
6.9087e-01
6.9937e-01
6.9507e-01
6.9180e-01
6.8658e-01
6.9946e-01
6.7605e-01
6.9393e-01
6.9753e-01
6.9586e-01
6.9747e-01
6.9850e-01
6.9602e-01
6.9281e-01
6.9706e-01
6.9931e-01
6.9295e-01
6.9990e-01
6.8936e-01
6.9441e-01
6.9993e-01
6.9289e-01
7.0053e-01
6.8988e-01
6.9626e-01
6.9532e-01
6.9448e-01
6.9552e-01
6.9961e-01
6.9837e-01
6.9594e-01
6.9404e-01
7.0369e-01
6.9554e-01
6.9980e-01
7.0287e-01
6.9721e-01
6.9487e-01
6.9811e-01
6.9274e-01
6.9203e-01
6.9588e-01
6.9375e-01
6.9462e-01
6.9119e-01
6.9772e-01
6.8737e-01
7.0630e-01
6.9740e-01
7.0448e-01
6.9452e-01
6.8947e-01
6.9408e-01
6.9762e-01
6.9572e-01
6.9429e-01
6.9742e-01
6.9386e-01
6.9362e-01
6.9793e-01
6.9873e-01
6.9275e-01
6.9090e-01
7.0103e-01
7.0394e-01
6.9542e-01
6.8838e-01
6.9834e-01
6.8450e-01
7.0183e-01
6.9239e-01
6.9304e-01
7.0368e-01
6.9736e-01
6.9290e-01
6.9068e-01
6.9775e-01
6.9363e-01
6.8154e-01
6.9841e-01
7.0133e-01
6.8923e-01
6.9719e-01
7.0064e-01
6.9780e-01
6.9206e-01
6.9785e-01
6.9777e-01
6.9045e-01
6.9661e-01
6.8988e-01
6.9661e-01
7.0101e-01
6.8882e-01
6.9690e-01
6.9211e-01
7.0295e-01
6.9793e-01
6.9545e-01
6.9926e-01
6.9856e-01
6.9128e-01
6.9226e-01
7.0949e-01
6.9297e-01
6.9986e-01
6.9834e-01
6.9561e-01
6.9007e-01
6.9715e-01
6.9682e-01
6.9456e-01
6.9778e-01
6.9851e-01
6.9613e-01
6.9929e-01
6.9517e-01
6.9648e-01
6.9569e-01
6.9799e-01
7.0360e-01
6.9486e-01
6.9771e-01
6.9660e-01
6.9266e-01
6.9740e-01
6.9071e-01
6.9143e-01
6.9870e-01
6.9909e-01
6.9660e-01
6.9748e-01
7.0157e-01
6.9731e-01
6.9727e-01
6.9676e-01
6.9585e-01
6.9783e-01
6.9437e-01
6.8310e-01
6.9569e-01
6.9529e-01
6.9064e-01
6.9491e-01
6.8437e-01
6.9671e-01
6.9138e-01
6.9978e-01
6.9588e-01
6.9766e-01
7.0268e-01
6.9865e-01
6.9460e-01
6.9391e-01
6.9755e-01
6.9907e-01
6.9753e-01
6.9205e-01
6.9607e-01
6.9613e-01
7.0285e-01
6.9742e-01
6.9408e-01
6.9176e-01
6.9905e-01
6.9033e-01
6.9661e-01
6.9618e-01
6.9397e-01
6.9674e-01
6.9444e-01
6.9809e-01
6.9619e-01
6.9568e-01
6.9111e-01
6.9848e-01
6.9534e-01
6.9650e-01
6.5978e-01
6.9583e-01
6.9557e-01
6.8852e-01
6.9819e-01
6.9504e-01
6.9829e-01
6.9267e-01
6.9812e-01
6.9643e-01
6.9543e-01
6.9447e-01
6.9379e-01
6.9720e-01
6.9510e-01
6.9606e-01
6.9752e-01
6.9807e-01
6.9370e-01
6.9826e-01
6.9931e-01
6.9061e-01
6.9709e-01
6.9554e-01
6.9548e-01
7.0023e-01
6.9360e-01
6.9356e-01
6.9162e-01
7.0077e-01
6.9695e-01
6.9787e-01
6.8949e-01
6.9135e-01
6.9617e-01
7.0541e-01
6.9700e-01
6.9447e-01
6.8928e-01
6.9067e-01
6.9171e-01
7.0088e-01
6.9080e-01
6.9679e-01
6.9708e-01
6.9566e-01
6.8665e-01
6.9096e-01
6.9160e-01
6.9668e-01
6.9402e-01
6.9693e-01
6.9089e-01
6.9902e-01
6.9298e-01
7.0108e-01
6.8968e-01
6.9710e-01
6.9982e-01
6.9743e-01
6.9652e-01
6.9355e-01
6.9551e-01
6.9739e-01
7.0228e-01
6.9800e-01
6.9698e-01
6.9903e-01
6.9774e-01
6.9370e-01
6.9545e-01
7.0221e-01
6.9801e-01
6.9092e-01
6.9896e-01
6.9789e-01
6.9592e-01
6.9942e-01
6.8654e-01
6.9609e-01
6.9322e-01
6.9637e-01
6.5147e-01
6.8640e-01
6.9595e-01
6.9836e-01
6.9107e-01
6.9280e-01
6.9564e-01
6.9297e-01
6.9441e-01
6.9614e-01
6.8746e-01
6.9627e-01
6.9546e-01
6.9027e-01
6.9556e-01
6.9956e-01
6.9841e-01
6.9328e-01
6.9615e-01
7.0032e-01
6.9729e-01
6.9803e-01
6.9362e-01
6.9057e-01
6.9355e-01
6.9041e-01
6.9382e-01
7.0016e-01
6.9820e-01
7.0005e-01
6.9740e-01
6.9939e-01
6.8840e-01
6.9409e-01
6.9524e-01
6.9322e-01
7.0131e-01
6.9534e-01
6.9887e-01
6.9727e-01
7.0042e-01
6.9016e-01
6.9452e-01
6.9738e-01
6.9749e-01
6.8850e-01
7.0044e-01
7.0168e-01
6.9612e-01
6.9655e-01
6.9660e-01
6.9369e-01
6.9639e-01
6.8929e-01
6.9456e-01
6.9376e-01
7.0151e-01
6.9171e-01
6.9451e-01
6.9813e-01
6.9397e-01
6.9709e-01
6.9688e-01
6.9419e-01
6.9613e-01
6.9593e-01
6.9321e-01
6.9364e-01
6.9980e-01
6.9567e-01
6.9277e-01
6.9333e-01
6.9774e-01
6.9519e-01
6.9078e-01
6.9479e-01
6.9942e-01
6.9764e-01
6.9319e-01
6.9453e-01
7.0117e-01
6.9817e-01
6.9777e-01
6.9731e-01
6.8998e-01
6.9789e-01
6.9797e-01
6.9064e-01
6.9678e-01
6.9487e-01
7.0054e-01
6.9536e-01
6.9181e-01
6.9183e-01
6.9957e-01
6.9779e-01
6.9399e-01
7.0002e-01
6.9415e-01
6.8482e-01
6.9738e-01
6.9778e-01
6.8980e-01
6.9656e-01
6.9252e-01
6.9809e-01
6.9640e-01
6.9809e-01
6.9050e-01
6.9801e-01
6.9522e-01
6.9016e-01
6.8871e-01
6.9038e-01
6.9111e-01
6.9977e-01
6.9082e-01
6.9087e-01
6.9682e-01
6.5474e-01
6.9638e-01
6.8341e-01
6.9964e-01
6.9529e-01
6.9993e-01
6.9647e-01
6.7486e-01
6.9686e-01
6.8924e-01
7.0003e-01
6.9480e-01
6.9785e-01
6.9819e-01
6.9300e-01
6.9758e-01
6.9993e-01
6.9511e-01
6.9292e-01
6.9937e-01
6.9765e-01
6.9765e-01
7.0360e-01
6.4081e-01
6.9670e-01
6.9776e-01
6.9694e-01
6.9276e-01
6.9938e-01
6.9456e-01
7.0317e-01
6.9632e-01
6.9792e-01
6.9638e-01
7.0094e-01
6.9808e-01
7.0148e-01
6.9814e-01
6.9427e-01
7.0158e-01
7.0425e-01
7.0171e-01
6.9409e-01
6.9880e-01
7.0212e-01
6.9620e-01
6.6747e-01
6.9485e-01
6.9599e-01
6.9133e-01
6.9381e-01
6.9695e-01
6.9974e-01
6.9532e-01
6.8987e-01
6.9728e-01
6.9957e-01
6.9548e-01
6.9409e-01
6.9815e-01
6.9934e-01
6.9711e-01
6.9045e-01
6.9513e-01
6.9796e-01
7.0250e-01
