8.6168e-01
8.5504e-01
8.5193e-01
8.6578e-01
8.4576e-01
8.5474e-01
8.5686e-01
8.4270e-01
8.6080e-01
8.3617e-01
8.5451e-01
8.5240e-01
8.5404e-01
8.7548e-01
8.2623e-01
8.7566e-01
8.5535e-01
7.4138e-01
7.5550e-01
8.3600e-01
9.1245e-01
8.5189e-01
8.5972e-01
7.5948e-01
8.6481e-01
8.6335e-01
8.5152e-01
8.5696e-01
8.3447e-01
8.6103e-01
8.6153e-01
8.1817e-01
8.5382e-01
8.4870e-01
8.6187e-01
8.2038e-01
7.0523e-01
8.4662e-01
8.4784e-01
8.6859e-01
8.5850e-01
8.6582e-01
8.6274e-01
7.5059e-01
8.6616e-01
8.6342e-01
8.4882e-01
8.3953e-01
8.4449e-01
8.4365e-01
6.9315e-01
8.5516e-01
8.6535e-01
8.4579e-01
8.7818e-01
8.6430e-01
8.5765e-01
8.6076e-01
7.7955e-01
8.4036e-01
7.8882e-01
8.5856e-01
8.3550e-01
8.6107e-01
8.4822e-01
8.5295e-01
8.5372e-01
8.6110e-01
8.5019e-01
8.6520e-01
8.3974e-01
8.6022e-01
8.5638e-01
8.7217e-01
8.6679e-01
8.3490e-01
7.7593e-01
8.3232e-01
8.3346e-01
8.5763e-01
8.3879e-01
7.8470e-01
8.4871e-01
8.5680e-01
8.4532e-01
8.4132e-01
8.6617e-01
8.5106e-01
8.5167e-01
8.5365e-01
7.2974e-01
8.6389e-01
8.4765e-01
8.5826e-01
8.5561e-01
8.5604e-01
8.6027e-01
8.6982e-01
8.2641e-01
7.2861e-01
8.1747e-01
8.3127e-01
8.6377e-01
8.5150e-01
7.0818e-01
8.4716e-01
8.6812e-01
8.8349e-01
8.6328e-01
8.4697e-01
7.1794e-01
8.3767e-01
6.9208e-01
8.3527e-01
8.0101e-01
5.7136e-01
8.6017e-01
8.4264e-01
8.6017e-01
8.6183e-01
8.7074e-01
7.8379e-01
8.5810e-01
8.4144e-01
8.4198e-01
8.5190e-01
8.6196e-01
8.6446e-01
8.0654e-01
7.1014e-01
8.6089e-01
8.6771e-01
8.5333e-01
8.5592e-01
8.5647e-01
8.4828e-01
8.5774e-01
6.5712e-01
8.5097e-01
8.4964e-01
8.7017e-01
7.0010e-01
8.5634e-01
8.5463e-01
8.6316e-01
8.7668e-01
8.5672e-01
7.3115e-01
8.5475e-01
8.5902e-01
8.7469e-01
8.6221e-01
8.5409e-01
8.6794e-01
8.4019e-01
8.5599e-01
8.5044e-01
8.6162e-01
8.6437e-01
8.6982e-01
8.5910e-01
8.5585e-01
8.5837e-01
8.5773e-01
8.4818e-01
8.4206e-01
8.4620e-01
8.7240e-01
8.6267e-01
8.3527e-01
6.6868e-01
7.8195e-01
7.8629e-01
8.5566e-01
8.5666e-01
8.5815e-01
8.5142e-01
8.6789e-01
8.5346e-01
7.7110e-01
8.5788e-01
7.3236e-01
8.0528e-01
8.4835e-01
8.5463e-01
8.5531e-01
7.9279e-01
8.5856e-01
8.5268e-01
8.5227e-01
8.6099e-01
8.4675e-01
8.5308e-01
8.4834e-01
8.5311e-01
7.8438e-01
8.5118e-01
7.3032e-01
7.9599e-01
8.6698e-01
8.0167e-01
8.5482e-01
8.3830e-01
8.7029e-01
8.5265e-01
6.8210e-01
8.4783e-01
7.4007e-01
8.7146e-01
8.5180e-01
8.2624e-01
8.4860e-01
8.6420e-01
8.4391e-01
8.4528e-01
6.7960e-01
8.6181e-01
8.5279e-01
8.7729e-01
8.4267e-01
8.3075e-01
8.4876e-01
8.4941e-01
8.5513e-01
8.5976e-01
8.2957e-01
8.3951e-01
8.5953e-01
8.3852e-01
8.4972e-01
8.4832e-01
8.5382e-01
8.3842e-01
8.5820e-01
7.4010e-01
8.6796e-01
8.5737e-01
8.4907e-01
8.5890e-01
8.4650e-01
8.6197e-01
8.0958e-01
8.3806e-01
8.4327e-01
8.6386e-01
8.6216e-01
8.3622e-01
8.6086e-01
8.5753e-01
7.7801e-01
8.5439e-01
8.2781e-01
8.5342e-01
8.4199e-01
8.5280e-01
7.5091e-01
8.6365e-01
8.5460e-01
8.1037e-01
8.5047e-01
8.1755e-01
8.6653e-01
8.5810e-01
8.4602e-01
8.6304e-01
8.5213e-01
8.6080e-01
8.5644e-01
8.6124e-01
8.5178e-01
8.6473e-01
8.2561e-01
8.5264e-01
8.5624e-01
8.7802e-01
8.5244e-01
8.5710e-01
7.7568e-01
8.5289e-01
6.8826e-01
8.4482e-01
7.1109e-01
8.6069e-01
8.7264e-01
8.4342e-01
8.3858e-01
8.5465e-01
8.4990e-01
8.3964e-01
8.6435e-01
8.6800e-01
8.5194e-01
8.6698e-01
8.7119e-01
8.5659e-01
8.5853e-01
8.5519e-01
8.5200e-01
8.5382e-01
8.3925e-01
8.6428e-01
8.4787e-01
6.5721e-01
8.6345e-01
8.3586e-01
8.5992e-01
8.6071e-01
8.7308e-01
8.4482e-01
8.4814e-01
7.2001e-01
8.4730e-01
8.5484e-01
8.5092e-01
8.7292e-01
8.4353e-01
8.5480e-01
8.4659e-01
8.6350e-01
8.5491e-01
8.5057e-01
8.6828e-01
8.5157e-01
8.4990e-01
8.4221e-01
7.9731e-01
8.4243e-01
8.7190e-01
8.6663e-01
8.5981e-01
8.3732e-01
8.4297e-01
7.9076e-01
7.4912e-01
8.5577e-01
8.4354e-01
8.2952e-01
8.7171e-01
8.3913e-01
8.5579e-01
8.5697e-01
8.5430e-01
8.5939e-01
6.8580e-01
8.4085e-01
7.1372e-01
8.5925e-01
8.3424e-01
8.4436e-01
8.5774e-01
8.7241e-01
6.8618e-01
8.3759e-01
8.5968e-01
8.5728e-01
8.5960e-01
8.4060e-01
8.6427e-01
8.6491e-01
8.5311e-01
8.5928e-01
7.8141e-01
8.4319e-01
6.6998e-01
8.4039e-01
8.6752e-01
8.4563e-01
8.5802e-01
8.4003e-01
8.4691e-01
8.5901e-01
8.4585e-01
8.4593e-01
8.4159e-01
8.5215e-01
8.4438e-01
8.4144e-01
8.5823e-01
8.5797e-01
8.7627e-01
8.3164e-01
8.5129e-01
8.6652e-01
8.5924e-01
8.5616e-01
8.5554e-01
8.6029e-01
8.1201e-01
8.6754e-01
8.5344e-01
8.6489e-01
8.7460e-01
7.5020e-01
8.4605e-01
8.5194e-01
8.4537e-01
7.9235e-01
8.5726e-01
8.4359e-01
8.7125e-01
8.4608e-01
8.0400e-01
8.5346e-01
8.6874e-01
8.6140e-01
8.2314e-01
8.4543e-01
8.5184e-01
8.5901e-01
8.6665e-01
8.5923e-01
8.5491e-01
8.6619e-01
8.6245e-01
8.3965e-01
8.4751e-01
8.7349e-01
8.4460e-01
8.4620e-01
8.6385e-01
8.5475e-01
7.5782e-01
8.5178e-01
8.5795e-01
8.7046e-01
8.4383e-01
8.0904e-01
8.0189e-01
8.5590e-01
7.9168e-01
8.6121e-01
8.5580e-01
8.4242e-01
8.6398e-01
8.6860e-01
8.2881e-01
8.6775e-01
8.5484e-01
8.1406e-01
8.6136e-01
8.4408e-01
8.7457e-01
8.6131e-01
8.5848e-01
8.4143e-01
8.5911e-01
8.4446e-01
8.6571e-01
8.4932e-01
8.6052e-01
8.5813e-01
8.5051e-01
8.7244e-01
7.1164e-01
8.5711e-01
8.6749e-01
8.5379e-01
7.2431e-01
7.8599e-01
8.6051e-01
8.4797e-01
8.5384e-01
8.6181e-01
8.6565e-01
8.4914e-01
8.5705e-01
8.5104e-01
8.5158e-01
8.2430e-01
8.5051e-01
8.1210e-01
8.5240e-01
8.5669e-01
8.5820e-01
8.5905e-01
8.6571e-01
8.1778e-01
8.4044e-01
8.6325e-01
7.1241e-01
8.0703e-01
8.3393e-01
8.6017e-01
8.7199e-01
8.6086e-01
8.5536e-01
8.5916e-01
8.3817e-01
8.5240e-01
8.3002e-01
8.5564e-01
8.4888e-01
8.5921e-01
8.7084e-01
6.8245e-01
8.6443e-01
8.0711e-01
8.7315e-01
8.6815e-01
8.5469e-01
8.4986e-01
8.4906e-01
8.3543e-01
8.5303e-01
8.6250e-01
8.0953e-01
8.5622e-01
8.4640e-01
8.7266e-01
7.2959e-01
7.9241e-01
8.6266e-01
7.8469e-01
7.1884e-01
8.4151e-01
7.3509e-01
8.5905e-01
8.5415e-01
8.5469e-01
8.5769e-01
8.7306e-01
7.8353e-01
7.8644e-01
7.8556e-01
8.6299e-01
8.5491e-01
8.5614e-01
8.9377e-01
8.4960e-01
8.5846e-01
8.5339e-01
8.4442e-01
8.6010e-01
7.0019e-01
8.4877e-01
8.3929e-01
7.7586e-01
8.4892e-01
8.1888e-01
8.5855e-01
8.4328e-01
8.6243e-01
8.5811e-01
8.4776e-01
8.5604e-01
8.6172e-01
8.3952e-01
7.8382e-01
8.4998e-01
8.6226e-01
6.5907e-01
8.5083e-01
8.3064e-01
8.5850e-01
8.4348e-01
8.4502e-01
8.5086e-01
8.5908e-01
8.6135e-01
8.4984e-01
8.4401e-01
8.5414e-01
8.4479e-01
8.3249e-01
8.6089e-01
8.7233e-01
7.6038e-01
7.3232e-01
7.9254e-01
8.7072e-01
8.5910e-01
8.4598e-01
8.5155e-01
8.4892e-01
8.1549e-01
8.5863e-01
8.4790e-01
8.5358e-01
8.5305e-01
8.6705e-01
8.5806e-01
8.6220e-01
8.6532e-01
8.3157e-01
8.0349e-01
8.5366e-01
8.6047e-01
8.7247e-01
8.4918e-01
8.6236e-01
8.6148e-01
7.0437e-01
8.5351e-01
8.6066e-01
8.4211e-01
8.6136e-01
8.4687e-01
8.5736e-01
8.6214e-01
8.6653e-01
8.7940e-01
8.8071e-01
8.4436e-01
8.3158e-01
7.7280e-01
8.6209e-01
8.6693e-01
8.4416e-01
8.3297e-01
8.5728e-01
8.3189e-01
8.3673e-01
8.5193e-01
8.7193e-01
8.6010e-01
8.6823e-01
8.3940e-01
8.5712e-01
8.5456e-01
8.6023e-01
8.6170e-01
8.4410e-01
7.7285e-01
8.5823e-01
8.5329e-01
8.6020e-01
8.3514e-01
7.8988e-01
8.4534e-01
8.7907e-01
8.4564e-01
8.2968e-01
8.6010e-01
8.5702e-01
8.5519e-01
8.4953e-01
8.5799e-01
8.4548e-01
8.5891e-01
7.0318e-01
8.5415e-01
8.5317e-01
8.6249e-01
8.6294e-01
8.5183e-01
8.5744e-01
8.4885e-01
8.6477e-01
8.4778e-01
8.6844e-01
8.6313e-01
8.6064e-01
8.5545e-01
7.7083e-01
8.4911e-01
8.4628e-01
8.5109e-01
8.6037e-01
7.9779e-01
8.6275e-01
8.5582e-01
8.5562e-01
8.2343e-01
7.8631e-01
8.5676e-01
8.5663e-01
8.6792e-01
8.5577e-01
8.4763e-01
7.2116e-01
8.5170e-01
8.6089e-01
8.5662e-01
8.6435e-01
8.4249e-01
8.6894e-01
8.5175e-01
6.6585e-01
8.5526e-01
8.5880e-01
7.4618e-01
8.6259e-01
8.5516e-01
8.5399e-01
8.5263e-01
8.4267e-01
8.4950e-01
8.8156e-01
6.9156e-01
7.7382e-01
6.8437e-01
8.5302e-01
8.5940e-01
6.8672e-01
8.3957e-01
8.4844e-01
8.6098e-01
8.5491e-01
8.5903e-01
8.5628e-01
8.6068e-01
8.5581e-01
8.3893e-01
8.5791e-01
8.4346e-01
8.4728e-01
8.4424e-01
8.6039e-01
8.5692e-01
8.3891e-01
8.5377e-01
7.2351e-01
8.6151e-01
8.4658e-01
8.4421e-01
8.7133e-01
8.7061e-01
8.4528e-01
8.5643e-01
8.7740e-01
8.4721e-01
8.4367e-01
7.8073e-01
8.0670e-01
8.5702e-01
8.4759e-01
8.3959e-01
8.0101e-01
8.4252e-01
8.5907e-01
8.5418e-01
8.5871e-01
8.5804e-01
8.4694e-01
8.5163e-01
8.4562e-01
8.6780e-01
8.5160e-01
8.5831e-01
8.5968e-01
8.5895e-01
8.4284e-01
8.6236e-01
8.5177e-01
8.5642e-01
8.8382e-01
8.6099e-01
8.5323e-01
8.5746e-01
8.7087e-01
8.4768e-01
8.5147e-01
8.6183e-01
8.7696e-01
8.4941e-01
8.4258e-01
7.9076e-01
8.4751e-01
8.6145e-01
8.5024e-01
8.6411e-01
8.4605e-01
8.0274e-01
8.4113e-01
8.5339e-01
8.5044e-01
8.6613e-01
8.5570e-01
8.6326e-01
8.4067e-01
8.6455e-01
8.7408e-01
8.0067e-01
7.3189e-01
7.7852e-01
8.5386e-01
8.5201e-01
8.5499e-01
8.6820e-01
8.5539e-01
8.5599e-01
8.5485e-01
8.5573e-01
7.6712e-01
8.7460e-01
8.6564e-01
8.4475e-01
8.4413e-01
8.6453e-01
8.4875e-01
8.6300e-01
8.4838e-01
8.5530e-01
8.0673e-01
8.7400e-01
8.4583e-01
8.5589e-01
8.7198e-01
8.4755e-01
8.8029e-01
8.0099e-01
8.5352e-01
8.3823e-01
7.8501e-01
8.5635e-01
8.5223e-01
8.5677e-01
8.6027e-01
8.6039e-01
8.3863e-01
8.4400e-01
8.5188e-01
8.4664e-01
8.5985e-01
8.2745e-01
8.2889e-01
8.5056e-01
8.5305e-01
8.3998e-01
8.6010e-01
8.4020e-01
8.5093e-01
8.4754e-01
8.5301e-01
8.5150e-01
6.8964e-01
8.5618e-01
8.6365e-01
7.3790e-01
8.7411e-01
8.6083e-01
8.5088e-01
8.5578e-01
8.2899e-01
8.5008e-01
7.7239e-01
8.6211e-01
7.1963e-01
8.5802e-01
8.5841e-01
8.4740e-01
6.7159e-01
8.6108e-01
6.5561e-01
8.5407e-01
8.4017e-01
8.5336e-01
8.4603e-01
8.7276e-01
7.5727e-01
8.7175e-01
8.5236e-01
8.5393e-01
8.4670e-01
8.4752e-01
8.3821e-01
8.5772e-01
8.7553e-01
8.6476e-01
8.4760e-01
8.5746e-01
8.6317e-01
6.8733e-01
8.4088e-01
8.6101e-01
8.5457e-01
8.4997e-01
6.8904e-01
8.5816e-01
8.0776e-01
8.4346e-01
8.6357e-01
8.4607e-01
8.5978e-01
8.6298e-01
8.6325e-01
8.4022e-01
8.4494e-01
8.2404e-01
8.9139e-01
8.4321e-01
8.6142e-01
8.3929e-01
7.6461e-01
8.4135e-01
8.4815e-01
7.8323e-01
8.2701e-01
8.5248e-01
8.5446e-01
7.3481e-01
8.6527e-01
8.5946e-01
8.5886e-01
8.5589e-01
8.5164e-01
8.4598e-01
8.5502e-01
8.4998e-01
8.3567e-01
8.5644e-01
8.5238e-01
8.6084e-01
8.4686e-01
8.4813e-01
8.4675e-01
8.4155e-01
7.8463e-01
8.5363e-01
8.4722e-01
8.6075e-01
8.4848e-01
8.5796e-01
8.5015e-01
8.3903e-01
8.7794e-01
7.8308e-01
8.0791e-01
8.9041e-01
8.5619e-01
8.5651e-01
8.4263e-01
8.6649e-01
8.5501e-01
8.5833e-01
8.5275e-01
8.7057e-01
7.7483e-01
8.6123e-01
8.5728e-01
8.3607e-01
8.4088e-01
8.5296e-01
8.4862e-01
8.4891e-01
8.6094e-01
6.6027e-01
8.5844e-01
8.6376e-01
8.4910e-01
8.5554e-01
8.6506e-01
8.4517e-01
8.5985e-01
8.4255e-01
8.6274e-01
8.7018e-01
8.5040e-01
7.7164e-01
6.3972e-01
8.5789e-01
8.3578e-01
8.5947e-01
7.3146e-01
8.4944e-01
8.6909e-01
7.1421e-01
8.2972e-01
8.5880e-01
8.5638e-01
8.3399e-01
8.3879e-01
7.7599e-01
8.4053e-01
8.6003e-01
8.6816e-01
8.5118e-01
8.3527e-01
8.6164e-01
8.5838e-01
8.6433e-01
8.4608e-01
8.5049e-01
8.5847e-01
8.4656e-01
8.4470e-01
8.5314e-01
7.0502e-01
8.5925e-01
8.4576e-01
8.5155e-01
8.5297e-01
8.6666e-01
7.7471e-01
8.6794e-01
7.7624e-01
8.5470e-01
8.3420e-01
8.6162e-01
8.7083e-01
7.2450e-01
8.5570e-01
8.6158e-01
7.2149e-01
8.4542e-01
8.6577e-01
8.6367e-01
8.5942e-01
8.6835e-01
8.6097e-01
