6.8339e-01
6.8899e-01
6.9037e-01
6.8965e-01
6.9448e-01
6.8089e-01
6.9501e-01
6.8657e-01
6.8934e-01
6.8377e-01
6.8564e-01
6.9336e-01
6.8457e-01
6.8400e-01
6.8961e-01
6.9059e-01
6.8907e-01
6.8944e-01
6.9270e-01
6.8368e-01
6.8608e-01
6.8899e-01
6.8826e-01
6.9027e-01
6.9096e-01
6.8824e-01
6.9201e-01
6.8886e-01
6.8544e-01
6.8670e-01
6.9111e-01
6.8463e-01
6.9054e-01
6.8471e-01
6.9019e-01
6.7781e-01
6.7889e-01
6.9050e-01
6.9159e-01
6.8766e-01
6.8926e-01
6.8893e-01
6.7928e-01
6.8764e-01
6.8444e-01
6.8197e-01
6.8417e-01
6.8674e-01
6.9134e-01
6.9084e-01
6.7987e-01
6.9558e-01
6.9422e-01
6.9021e-01
6.8749e-01
6.8829e-01
6.8748e-01
6.7943e-01
6.8746e-01
6.9081e-01
6.8971e-01
6.7913e-01
6.8794e-01
6.8425e-01
6.8419e-01
6.8494e-01
6.9389e-01
6.8923e-01
6.8916e-01
6.8562e-01
6.9006e-01
6.8513e-01
6.8634e-01
6.8432e-01
6.9318e-01
6.9037e-01
6.8843e-01
6.8379e-01
6.9602e-01
6.7650e-01
6.8212e-01
6.8275e-01
6.9593e-01
6.9253e-01
6.8163e-01
6.7747e-01
6.9027e-01
6.8996e-01
6.8596e-01
6.8629e-01
6.8874e-01
6.8960e-01
6.6478e-01
6.8937e-01
6.8257e-01
6.8992e-01
6.7265e-01
6.8977e-01
6.8757e-01
6.8467e-01
6.8431e-01
6.9372e-01
6.9393e-01
6.9308e-01
6.9290e-01
6.8281e-01
6.8817e-01
6.8149e-01
6.8821e-01
6.9136e-01
6.8945e-01
6.8579e-01
6.9293e-01
6.9457e-01
6.8730e-01
6.8398e-01
6.8467e-01
6.9429e-01
6.9313e-01
6.8403e-01
6.8852e-01
6.8772e-01
6.8902e-01
6.8498e-01
6.9269e-01
6.8805e-01
6.8809e-01
6.9719e-01
6.8745e-01
6.8682e-01
6.9075e-01
6.9342e-01
6.8378e-01
6.8303e-01
6.9061e-01
6.8388e-01
6.8678e-01
6.8676e-01
6.9229e-01
6.8512e-01
6.9124e-01
6.8595e-01
6.8689e-01
6.9581e-01
6.8974e-01
6.8676e-01
6.8641e-01
6.8415e-01
6.8808e-01
6.8427e-01
6.9095e-01
6.8808e-01
6.8783e-01
6.7925e-01
6.9443e-01
6.8977e-01
6.8791e-01
6.8215e-01
6.8863e-01
6.9090e-01
6.8866e-01
6.9383e-01
6.7968e-01
6.9088e-01
6.8593e-01
6.8035e-01
6.8322e-01
6.8754e-01
6.9510e-01
6.8220e-01
6.8562e-01
6.8027e-01
6.9192e-01
6.8414e-01
6.9103e-01
6.8527e-01
6.8420e-01
6.9345e-01
6.9329e-01
6.9358e-01
6.9098e-01
6.8871e-01
6.8860e-01
6.8527e-01
6.9358e-01
6.9006e-01
6.9162e-01
6.8683e-01
6.8661e-01
6.7654e-01
6.9160e-01
6.9311e-01
6.8095e-01
6.8816e-01
6.8232e-01
6.8584e-01
6.8703e-01
6.9151e-01
6.8310e-01
6.8682e-01
6.8432e-01
6.8750e-01
6.8034e-01
6.9424e-01
6.7735e-01
6.9607e-01
6.8655e-01
6.9257e-01
6.9266e-01
6.8629e-01
6.8487e-01
6.8584e-01
6.8577e-01
6.8978e-01
6.9696e-01
6.8781e-01
6.8882e-01
6.8438e-01
6.8768e-01
6.9324e-01
6.8831e-01
6.8970e-01
6.8335e-01
6.8544e-01
6.8287e-01
6.7336e-01
6.8908e-01
6.8928e-01
6.8416e-01
6.8821e-01
6.8621e-01
6.8329e-01
6.8977e-01
6.8819e-01
6.8961e-01
6.8321e-01
6.8503e-01
6.9259e-01
6.8689e-01
6.8762e-01
6.8197e-01
6.8755e-01
6.9507e-01
6.8565e-01
6.9064e-01
6.8336e-01
6.8910e-01
6.8478e-01
6.8710e-01
6.8707e-01
6.8624e-01
6.9149e-01
6.8405e-01
6.9250e-01
6.9060e-01
6.8608e-01
6.8411e-01
6.8157e-01
6.9356e-01
6.8511e-01
6.8566e-01
6.8262e-01
6.8502e-01
6.8985e-01
6.9115e-01
6.8932e-01
6.9226e-01
6.8320e-01
6.8684e-01
6.8202e-01
6.8465e-01
6.9043e-01
6.8797e-01
6.8343e-01
6.3610e-01
6.8164e-01
6.8784e-01
6.8707e-01
6.8645e-01
6.8522e-01
6.7999e-01
6.8728e-01
6.7974e-01
6.8906e-01
6.9190e-01
6.9273e-01
6.8600e-01
6.8544e-01
6.8970e-01
6.8776e-01
6.7849e-01
6.8955e-01
6.8370e-01
6.9193e-01
6.8433e-01
6.9387e-01
6.9322e-01
6.8513e-01
6.8317e-01
6.8657e-01
6.8998e-01
6.9123e-01
6.8355e-01
6.8951e-01
6.9039e-01
6.8376e-01
6.8978e-01
6.8641e-01
6.8811e-01
6.9189e-01
6.8535e-01
6.7738e-01
6.8475e-01
6.9445e-01
6.8952e-01
6.8879e-01
6.8390e-01
6.8811e-01
6.8607e-01
6.8365e-01
6.8679e-01
6.8754e-01
6.8612e-01
6.8056e-01
6.7961e-01
6.8355e-01
6.9143e-01
6.8658e-01
6.9123e-01
6.8881e-01
6.8339e-01
6.9186e-01
6.8723e-01
6.7937e-01
6.8840e-01
6.9087e-01
6.8961e-01
6.6783e-01
6.9370e-01
6.7817e-01
6.7061e-01
6.8928e-01
6.9898e-01
6.8958e-01
6.8734e-01
6.8595e-01
6.8401e-01
6.8451e-01
6.8752e-01
6.9041e-01
6.8163e-01
6.8898e-01
6.8574e-01
6.9459e-01
6.8653e-01
6.7976e-01
6.8820e-01
6.8738e-01
6.9077e-01
6.8677e-01
6.8191e-01
6.9099e-01
6.9141e-01
6.8770e-01
6.9310e-01
6.8193e-01
6.8846e-01
6.8409e-01
6.8677e-01
6.8174e-01
6.9271e-01
6.8078e-01
6.7700e-01
6.8797e-01
6.9177e-01
6.7842e-01
6.8730e-01
6.8561e-01
6.9046e-01
6.9281e-01
6.8947e-01
6.9051e-01
6.8510e-01
6.8737e-01
6.9330e-01
6.8273e-01
6.8268e-01
6.8776e-01
6.8425e-01
6.8489e-01
6.7255e-01
6.8593e-01
6.8525e-01
6.8345e-01
6.8211e-01
6.8619e-01
6.9150e-01
6.8042e-01
6.9380e-01
6.8299e-01
6.8522e-01
6.8668e-01
6.8935e-01
6.8518e-01
6.8613e-01
6.8564e-01
6.8206e-01
6.8446e-01
6.8864e-01
6.8487e-01
6.8516e-01
6.8678e-01
6.9278e-01
6.9133e-01
6.7664e-01
6.9450e-01
6.8681e-01
6.8484e-01
6.8392e-01
6.8176e-01
6.9180e-01
6.8873e-01
6.8706e-01
6.8907e-01
6.8295e-01
6.9209e-01
6.9039e-01
6.8965e-01
6.8667e-01
6.5985e-01
6.8220e-01
6.8424e-01
6.8527e-01
6.9031e-01
6.8810e-01
6.8334e-01
6.3919e-01
6.9084e-01
6.7132e-01
6.8850e-01
6.9296e-01
6.8980e-01
6.8340e-01
6.8706e-01
6.9292e-01
6.9221e-01
6.8781e-01
6.8193e-01
6.9412e-01
6.9468e-01
6.8154e-01
6.9026e-01
6.8743e-01
6.8319e-01
6.8588e-01
6.8715e-01
6.8421e-01
6.9143e-01
6.8648e-01
6.9139e-01
6.8163e-01
6.8935e-01
6.9628e-01
6.6594e-01
6.8260e-01
6.8708e-01
6.9287e-01
6.9249e-01
6.9683e-01
6.7575e-01
6.8548e-01
6.9208e-01
6.7811e-01
6.8298e-01
6.9506e-01
6.9741e-01
6.8933e-01
6.9485e-01
6.8282e-01
6.8622e-01
6.8494e-01
6.8438e-01
6.9342e-01
6.9075e-01
6.9014e-01
6.8491e-01
6.8727e-01
6.7448e-01
6.9034e-01
6.7951e-01
6.8221e-01
6.7540e-01
6.8060e-01
6.9621e-01
6.8670e-01
6.8411e-01
6.8618e-01
6.8475e-01
6.8999e-01
6.8708e-01
6.8488e-01
6.7980e-01
6.6663e-01
6.9113e-01
6.9070e-01
6.8826e-01
6.8666e-01
6.9759e-01
6.7733e-01
6.8295e-01
6.8236e-01
6.8577e-01
6.8536e-01
6.7813e-01
6.8846e-01
6.8764e-01
6.8582e-01
6.8902e-01
6.9084e-01
6.7538e-01
6.9179e-01
6.8755e-01
6.8716e-01
6.8933e-01
6.8616e-01
6.8256e-01
6.9603e-01
6.9130e-01
6.9318e-01
6.7669e-01
6.8270e-01
6.8393e-01
6.8602e-01
6.8062e-01
6.9351e-01
6.8737e-01
6.8840e-01
6.9053e-01
6.8517e-01
6.8810e-01
6.8578e-01
6.8243e-01
6.9171e-01
6.9189e-01
6.8355e-01
6.8461e-01
6.8655e-01
6.8402e-01
6.8357e-01
6.8635e-01
6.8285e-01
6.9095e-01
6.8470e-01
6.8633e-01
6.8893e-01
6.8545e-01
6.8934e-01
6.8795e-01
6.8557e-01
6.9205e-01
6.9167e-01
6.8675e-01
6.8349e-01
6.8627e-01
6.8614e-01
6.8598e-01
6.8448e-01
6.8951e-01
6.8353e-01
6.9281e-01
6.8091e-01
6.8965e-01
6.8530e-01
6.8881e-01
6.8829e-01
6.9112e-01
6.8991e-01
6.8450e-01
6.8966e-01
6.8905e-01
6.8862e-01
6.8124e-01
6.8770e-01
6.9201e-01
6.9303e-01
6.9139e-01
6.8691e-01
6.8758e-01
6.8338e-01
6.9046e-01
6.8732e-01
6.9178e-01
6.8979e-01
6.9033e-01
6.8002e-01
6.9107e-01
6.8883e-01
6.9322e-01
6.8706e-01
6.7847e-01
6.9097e-01
6.8317e-01
6.8782e-01
6.8610e-01
6.9019e-01
6.8429e-01
6.8731e-01
6.8588e-01
6.8836e-01
6.9009e-01
6.8717e-01
6.8643e-01
6.9199e-01
6.4774e-01
6.8428e-01
6.8635e-01
6.8613e-01
6.9164e-01
6.8747e-01
6.9121e-01
6.8326e-01
6.9251e-01
6.7854e-01
6.8538e-01
6.8964e-01
6.7692e-01
6.9424e-01
6.8609e-01
6.8839e-01
6.9316e-01
6.8833e-01
6.8454e-01
6.9606e-01
6.9562e-01
6.8574e-01
6.9018e-01
6.8714e-01
6.9052e-01
6.9435e-01
6.8543e-01
6.8982e-01
6.8572e-01
6.8424e-01
6.8168e-01
6.8565e-01
6.8541e-01
6.8769e-01
6.9400e-01
6.8803e-01
6.8379e-01
6.8892e-01
6.8992e-01
6.8403e-01
6.8861e-01
6.8686e-01
6.8693e-01
6.8424e-01
6.8728e-01
6.8078e-01
6.8877e-01
6.8509e-01
6.8711e-01
6.8502e-01
6.8838e-01
6.8978e-01
6.9223e-01
6.8930e-01
6.8996e-01
6.8460e-01
6.8530e-01
6.8373e-01
6.8753e-01
6.8685e-01
6.9272e-01
6.8899e-01
6.8833e-01
6.8829e-01
6.8701e-01
6.8878e-01
6.8908e-01
6.8640e-01
6.8917e-01
6.9131e-01
6.8870e-01
6.8791e-01
6.8760e-01
6.8919e-01
6.9200e-01
6.9500e-01
6.8625e-01
6.8284e-01
6.8329e-01
6.9441e-01
6.8420e-01
6.8793e-01
6.8154e-01
6.9016e-01
6.7938e-01
6.8335e-01
6.8499e-01
6.9213e-01
6.9243e-01
6.9310e-01
6.8610e-01
6.8852e-01
6.8183e-01
6.8908e-01
6.8261e-01
6.8307e-01
6.9158e-01
6.8872e-01
6.8349e-01
6.8404e-01
6.8970e-01
6.8729e-01
6.8756e-01
6.8690e-01
6.9358e-01
6.9076e-01
6.8440e-01
6.9601e-01
6.9187e-01
6.8776e-01
6.8971e-01
6.8695e-01
6.8997e-01
6.8454e-01
6.8332e-01
6.8753e-01
6.8430e-01
6.8328e-01
6.9153e-01
6.8515e-01
6.8491e-01
6.9100e-01
6.8527e-01
6.8032e-01
6.8713e-01
6.8549e-01
6.9597e-01
6.8741e-01
6.8615e-01
6.8243e-01
6.8068e-01
6.9179e-01
6.8168e-01
6.8381e-01
6.8400e-01
6.8834e-01
6.8417e-01
6.8374e-01
6.8550e-01
6.8694e-01
6.9114e-01
6.8526e-01
6.7402e-01
6.9574e-01
6.8316e-01
6.8767e-01
6.9319e-01
6.8994e-01
6.7727e-01
6.8522e-01
6.8666e-01
6.9308e-01
6.9472e-01
6.9035e-01
6.9222e-01
6.8656e-01
6.8944e-01
6.9224e-01
6.8156e-01
6.9009e-01
6.8430e-01
6.7988e-01
6.8695e-01
6.8438e-01
6.8432e-01
6.8707e-01
6.8279e-01
6.8777e-01
6.8547e-01
6.9052e-01
6.9018e-01
6.8576e-01
6.8981e-01
6.8876e-01
6.8155e-01
6.8428e-01
6.9029e-01
6.9447e-01
6.8667e-01
6.9140e-01
6.8580e-01
6.8070e-01
6.8979e-01
6.7986e-01
6.8935e-01
6.8880e-01
6.9189e-01
6.8977e-01
6.9313e-01
6.8887e-01
6.8531e-01
6.9324e-01
6.8380e-01
6.9000e-01
6.9002e-01
6.8414e-01
6.8435e-01
6.8222e-01
6.8509e-01
6.9244e-01
6.8284e-01
6.8125e-01
6.9161e-01
6.8745e-01
6.8212e-01
6.7934e-01
6.8677e-01
6.9023e-01
6.9293e-01
6.9063e-01
6.8907e-01
6.8735e-01
6.8240e-01
6.9087e-01
6.9140e-01
6.8545e-01
6.8845e-01
6.9176e-01
6.8557e-01
6.8305e-01
6.8020e-01
6.8394e-01
6.8100e-01
6.8781e-01
6.9267e-01
6.8888e-01
6.8490e-01
6.8776e-01
6.8036e-01
6.8603e-01
6.8461e-01
6.8253e-01
6.8896e-01
6.9103e-01
6.8763e-01
6.8340e-01
6.8980e-01
6.8640e-01
6.9321e-01
6.9071e-01
6.9340e-01
6.9197e-01
6.9106e-01
6.9418e-01
6.8669e-01
6.9192e-01
6.8692e-01
6.8584e-01
6.8801e-01
6.9013e-01
6.9288e-01
6.8859e-01
6.9108e-01
6.8804e-01
6.9006e-01
6.8766e-01
6.9179e-01
6.8261e-01
6.8374e-01
6.8421e-01
6.8574e-01
6.8906e-01
6.8838e-01
6.9334e-01
6.8174e-01
6.8937e-01
6.8153e-01
6.8040e-01
6.8975e-01
6.8427e-01
6.8507e-01
6.9088e-01
6.8632e-01
6.8874e-01
6.8686e-01
6.8683e-01
6.8929e-01
6.8564e-01
6.8441e-01
6.8885e-01
6.9181e-01
6.8528e-01
6.8298e-01
6.8277e-01
6.6975e-01
6.8663e-01
6.8704e-01
6.8717e-01
6.8353e-01
6.8636e-01
6.8791e-01
6.8335e-01
6.8707e-01
6.9382e-01
6.8793e-01
6.8579e-01
6.8661e-01
6.8956e-01
6.8439e-01
6.8862e-01
6.8533e-01
6.8265e-01
6.9022e-01
6.9091e-01
6.8744e-01
6.8308e-01
6.8873e-01
6.8608e-01
6.8194e-01
6.7943e-01
6.9192e-01
6.9078e-01
6.8000e-01
6.8636e-01
6.8819e-01
6.9388e-01
6.8913e-01
6.8756e-01
6.8404e-01
6.9099e-01
6.8507e-01
6.8749e-01
6.8620e-01
6.8523e-01
6.8968e-01
6.8967e-01
6.8675e-01
6.7191e-01
6.8497e-01
6.8838e-01
6.8862e-01
6.8419e-01
6.8138e-01
6.8791e-01
6.8925e-01
6.8570e-01
6.9090e-01
6.8566e-01
6.8802e-01
6.8702e-01
6.8736e-01
6.8868e-01
6.8747e-01
6.9104e-01
6.8484e-01
6.8966e-01
6.8599e-01
6.8117e-01
6.7796e-01
6.7869e-01
6.8666e-01
6.7630e-01
6.9265e-01
6.8673e-01
6.8422e-01
6.8782e-01
6.8212e-01
6.9354e-01
6.8910e-01
6.8802e-01
6.8746e-01
6.8975e-01
6.8527e-01
6.7964e-01
6.9377e-01
6.8338e-01
6.9542e-01
6.8581e-01
6.8943e-01
6.9071e-01
6.9000e-01
6.9153e-01
6.9072e-01
6.8887e-01
6.7895e-01
6.9089e-01
6.8979e-01
6.8816e-01
6.8016e-01
6.8915e-01
6.8666e-01
6.8508e-01
6.8744e-01
6.8659e-01
6.8907e-01
6.8457e-01
6.8670e-01
