8.6240e-01
8.6198e-01
8.5361e-01
8.5453e-01
8.5683e-01
8.4318e-01
8.4923e-01
8.3353e-01
6.2438e-01
8.5508e-01
8.6219e-01
8.7176e-01
7.1993e-01
8.7126e-01
8.6360e-01
8.5538e-01
8.7174e-01
8.5134e-01
8.6777e-01
8.6375e-01
8.2930e-01
8.6376e-01
8.5409e-01
8.5114e-01
8.6420e-01
8.6405e-01
8.6557e-01
8.7650e-01
8.5545e-01
8.5855e-01
8.5544e-01
8.6409e-01
7.7756e-01
8.5915e-01
8.6178e-01
8.5313e-01
8.6382e-01
8.0166e-01
8.7393e-01
8.7139e-01
8.5453e-01
7.0739e-01
8.7228e-01
8.7585e-01
8.6422e-01
8.5974e-01
8.2233e-01
8.5784e-01
8.6126e-01
7.1451e-01
8.3730e-01
8.6615e-01
8.5764e-01
8.3858e-01
8.6555e-01
7.3133e-01
8.6974e-01
8.5545e-01
8.6559e-01
8.5328e-01
8.5500e-01
8.5314e-01
8.4857e-01
8.5729e-01
8.5852e-01
7.3527e-01
8.5364e-01
8.7151e-01
8.5784e-01
8.5097e-01
8.4632e-01
8.5687e-01
8.5024e-01
8.5590e-01
8.6790e-01
8.5966e-01
8.5928e-01
8.5714e-01
8.5981e-01
8.6119e-01
8.7021e-01
8.6918e-01
8.7285e-01
8.6096e-01
8.6535e-01
8.4814e-01
8.5889e-01
7.2332e-01
8.5166e-01
8.5137e-01
8.6161e-01
8.7250e-01
8.5372e-01
8.7188e-01
8.5865e-01
8.5687e-01
8.6272e-01
8.7053e-01
8.6193e-01
6.6842e-01
8.4624e-01
8.8245e-01
7.8790e-01
8.6948e-01
8.5820e-01
8.6029e-01
8.6622e-01
8.5380e-01
8.6494e-01
8.5886e-01
8.4543e-01
8.6833e-01
8.5475e-01
8.5422e-01
8.6185e-01
8.6836e-01
8.6917e-01
8.7201e-01
8.6650e-01
8.7523e-01
8.6776e-01
8.7139e-01
8.6716e-01
8.5404e-01
7.2600e-01
8.5681e-01
8.7696e-01
8.6047e-01
8.7628e-01
8.6601e-01
8.5420e-01
8.5919e-01
8.5231e-01
8.6620e-01
8.6096e-01
8.6727e-01
8.6530e-01
8.5807e-01
8.5502e-01
8.6470e-01
8.5453e-01
8.6404e-01
8.5440e-01
8.6654e-01
8.4785e-01
8.5140e-01
8.6188e-01
8.7149e-01
8.5849e-01
8.5728e-01
8.6272e-01
8.5889e-01
8.6480e-01
8.5127e-01
8.5641e-01
8.5322e-01
7.9913e-01
8.5727e-01
8.6684e-01
8.7942e-01
8.5767e-01
8.6237e-01
8.4535e-01
8.5753e-01
8.6512e-01
8.7523e-01
8.6144e-01
8.6260e-01
8.7219e-01
8.5790e-01
8.6863e-01
8.4194e-01
8.6259e-01
8.6521e-01
8.5848e-01
8.4665e-01
8.7475e-01
7.6079e-01
8.6283e-01
8.0637e-01
8.6519e-01
8.6041e-01
6.9269e-01
8.5034e-01
8.6802e-01
8.6115e-01
8.5718e-01
8.5868e-01
8.5270e-01
8.6919e-01
8.6820e-01
8.5571e-01
7.7612e-01
6.7286e-01
8.6145e-01
8.6509e-01
8.6269e-01
8.5526e-01
8.3345e-01
8.5623e-01
8.5383e-01
8.5433e-01
8.4786e-01
6.6790e-01
8.4193e-01
8.5575e-01
8.5273e-01
8.4196e-01
8.4953e-01
8.6757e-01
8.7309e-01
8.7639e-01
7.3427e-01
8.6627e-01
8.6862e-01
8.5111e-01
8.6375e-01
8.5911e-01
8.5399e-01
8.8301e-01
8.7123e-01
8.8602e-01
8.6004e-01
8.4961e-01
8.5884e-01
8.5994e-01
8.5330e-01
8.5277e-01
8.5455e-01
8.6159e-01
8.7769e-01
8.5478e-01
8.5644e-01
8.6125e-01
8.5383e-01
8.5345e-01
8.6429e-01
8.5473e-01
8.5315e-01
8.6960e-01
8.5941e-01
8.5502e-01
6.7465e-01
8.6449e-01
8.6363e-01
8.6181e-01
8.7116e-01
8.5798e-01
8.5036e-01
8.4232e-01
8.5733e-01
8.4957e-01
8.5900e-01
8.7538e-01
8.5316e-01
8.6732e-01
8.6619e-01
8.5154e-01
8.3548e-01
8.7468e-01
8.6590e-01
8.6651e-01
8.7183e-01
8.7118e-01
8.7790e-01
7.2853e-01
8.7604e-01
7.3533e-01
8.6125e-01
8.5151e-01
8.5987e-01
8.6681e-01
8.5117e-01
8.5165e-01
8.5667e-01
8.6911e-01
8.7230e-01
8.5233e-01
8.5324e-01
8.7714e-01
8.6889e-01
8.5413e-01
8.6288e-01
8.6435e-01
7.3477e-01
8.6506e-01
8.6141e-01
8.8009e-01
8.6192e-01
7.1753e-01
8.6919e-01
8.6912e-01
8.4273e-01
8.5635e-01
8.7279e-01
8.7079e-01
8.6418e-01
8.5689e-01
8.5978e-01
8.5463e-01
8.5623e-01
8.4653e-01
8.4228e-01
8.5377e-01
8.6243e-01
8.6313e-01
8.6135e-01
8.6768e-01
8.5445e-01
8.4487e-01
8.6188e-01
8.6477e-01
8.5248e-01
8.8153e-01
8.7169e-01
8.3321e-01
8.7178e-01
8.5005e-01
8.5875e-01
8.5556e-01
7.1850e-01
8.5195e-01
8.6374e-01
8.6021e-01
8.6706e-01
8.6954e-01
8.5111e-01
8.5142e-01
8.6170e-01
8.1274e-01
8.7319e-01
8.6238e-01
8.6057e-01
6.9038e-01
8.6631e-01
8.7372e-01
8.5602e-01
8.6769e-01
8.6232e-01
8.6495e-01
8.8176e-01
8.6041e-01
8.7283e-01
8.4687e-01
8.6331e-01
6.5295e-01
8.6659e-01
8.6309e-01
8.4067e-01
8.5018e-01
8.6946e-01
8.4580e-01
8.7482e-01
8.6004e-01
8.6525e-01
8.5606e-01
8.6266e-01
8.6056e-01
8.7722e-01
8.5598e-01
8.7200e-01
8.5721e-01
7.0370e-01
8.5958e-01
8.5274e-01
8.6601e-01
8.7452e-01
8.5803e-01
7.1592e-01
8.6014e-01
8.4520e-01
8.6444e-01
8.5697e-01
8.6012e-01
8.7532e-01
8.5532e-01
8.5119e-01
8.5621e-01
7.1889e-01
8.5576e-01
8.6701e-01
8.7209e-01
8.5083e-01
8.6484e-01
8.5009e-01
8.5700e-01
8.7064e-01
8.5278e-01
8.5989e-01
8.4945e-01
8.4736e-01
8.6736e-01
8.5701e-01
8.5234e-01
8.6348e-01
8.6157e-01
8.6060e-01
8.6935e-01
8.5568e-01
7.3037e-01
8.6482e-01
8.3404e-01
8.5799e-01
8.6864e-01
7.2847e-01
8.6804e-01
8.6252e-01
8.5294e-01
8.6261e-01
8.4056e-01
8.3218e-01
8.7307e-01
8.4841e-01
8.6817e-01
8.6063e-01
8.6181e-01
8.5663e-01
8.7489e-01
8.1250e-01
8.7059e-01
8.6881e-01
8.5113e-01
8.4202e-01
8.4909e-01
8.7038e-01
8.5527e-01
8.6857e-01
8.6635e-01
8.5541e-01
8.5353e-01
8.6152e-01
8.6504e-01
8.3337e-01
8.5419e-01
8.5993e-01
8.6187e-01
8.6148e-01
8.6853e-01
8.4257e-01
8.6348e-01
8.6705e-01
8.6891e-01
8.6602e-01
8.5925e-01
8.4987e-01
8.5643e-01
8.6346e-01
8.5856e-01
8.5439e-01
8.6328e-01
8.6300e-01
8.7033e-01
8.5687e-01
8.5727e-01
8.5980e-01
8.6708e-01
8.5960e-01
8.5415e-01
8.5027e-01
8.7298e-01
8.4770e-01
8.4985e-01
8.5642e-01
8.5368e-01
8.7157e-01
8.5481e-01
8.5013e-01
8.8058e-01
8.5890e-01
8.6495e-01
8.6457e-01
8.4083e-01
8.5798e-01
8.6645e-01
8.7523e-01
8.6770e-01
8.4335e-01
8.7325e-01
8.6932e-01
8.8190e-01
8.3852e-01
8.5725e-01
8.6502e-01
7.0516e-01
8.4806e-01
8.6697e-01
8.6631e-01
8.6864e-01
8.5566e-01
8.5266e-01
8.4644e-01
8.6674e-01
8.6160e-01
8.4818e-01
8.5118e-01
8.5869e-01
8.6576e-01
8.6260e-01
8.5080e-01
8.6598e-01
8.6436e-01
8.5070e-01
8.6829e-01
8.5966e-01
8.6471e-01
8.5513e-01
8.5234e-01
8.6179e-01
7.2373e-01
8.5085e-01
8.2319e-01
8.5983e-01
8.7975e-01
8.5858e-01
8.3915e-01
8.6689e-01
8.6390e-01
8.3441e-01
8.5566e-01
8.7152e-01
8.6581e-01
8.4502e-01
8.7315e-01
8.5702e-01
8.7078e-01
8.6048e-01
8.3861e-01
8.6784e-01
8.6035e-01
8.6193e-01
8.4696e-01
8.1432e-01
8.5655e-01
7.0466e-01
8.7162e-01
8.6402e-01
8.6024e-01
8.5278e-01
8.5326e-01
8.3324e-01
8.6358e-01
8.5673e-01
8.6212e-01
8.6426e-01
8.5313e-01
8.7425e-01
8.6138e-01
8.5356e-01
8.5606e-01
8.6079e-01
8.4888e-01
8.5513e-01
8.7374e-01
8.7065e-01
8.6637e-01
8.6322e-01
8.6502e-01
8.5685e-01
8.5524e-01
8.5515e-01
8.5656e-01
8.6890e-01
8.4766e-01
8.7947e-01
8.7019e-01
8.7228e-01
8.5323e-01
8.3816e-01
8.8203e-01
8.7225e-01
8.7165e-01
8.5199e-01
8.6215e-01
8.5933e-01
8.6140e-01
8.5767e-01
8.5165e-01
8.6840e-01
8.7053e-01
7.3309e-01
8.6298e-01
8.6620e-01
8.5603e-01
8.3891e-01
8.5065e-01
8.6108e-01
8.6148e-01
8.6146e-01
8.5623e-01
8.5711e-01
8.5829e-01
8.5335e-01
8.7693e-01
8.6927e-01
8.6397e-01
8.5863e-01
8.6732e-01
8.6235e-01
8.5304e-01
8.5675e-01
8.6704e-01
7.2157e-01
8.7148e-01
8.6396e-01
8.3310e-01
8.6339e-01
8.4906e-01
8.6587e-01
8.6713e-01
8.5526e-01
8.4119e-01
8.5505e-01
8.5325e-01
8.0835e-01
8.5700e-01
8.5486e-01
8.7267e-01
8.6513e-01
8.6253e-01
8.6093e-01
8.5164e-01
8.4452e-01
8.6329e-01
8.4556e-01
8.5005e-01
8.7426e-01
8.6712e-01
8.7591e-01
8.5370e-01
8.5976e-01
8.6183e-01
8.5170e-01
8.4440e-01
8.5605e-01
8.5506e-01
8.6351e-01
8.6186e-01
8.6074e-01
8.6080e-01
8.5491e-01
8.6817e-01
8.7020e-01
8.6171e-01
8.5953e-01
8.5489e-01
8.5975e-01
8.7492e-01
8.4843e-01
8.6104e-01
8.5196e-01
8.5322e-01
8.6546e-01
8.5332e-01
8.4925e-01
8.6078e-01
8.6594e-01
8.7114e-01
8.0269e-01
8.6052e-01
8.6225e-01
8.7388e-01
8.6550e-01
8.4229e-01
8.6622e-01
8.5434e-01
7.0854e-01
8.6399e-01
8.5860e-01
8.7612e-01
8.6625e-01
8.8547e-01
8.6970e-01
8.4577e-01
8.5150e-01
8.5094e-01
8.5065e-01
8.5995e-01
8.5977e-01
8.6141e-01
8.6428e-01
8.7384e-01
8.7344e-01
8.5899e-01
8.5132e-01
8.7288e-01
8.5425e-01
8.6545e-01
8.5308e-01
8.5671e-01
8.6384e-01
8.5898e-01
8.6325e-01
8.5630e-01
8.5682e-01
8.6016e-01
8.4901e-01
8.6083e-01
8.6037e-01
8.7337e-01
8.6183e-01
8.4927e-01
8.6249e-01
8.7384e-01
8.6466e-01
8.5873e-01
8.5850e-01
8.5464e-01
8.3824e-01
8.6911e-01
8.4791e-01
8.5546e-01
8.7982e-01
8.6651e-01
8.7205e-01
8.6236e-01
8.7936e-01
8.8226e-01
8.6153e-01
8.6827e-01
8.5456e-01
8.6850e-01
8.6016e-01
8.7451e-01
8.5388e-01
8.5952e-01
8.5809e-01
8.4511e-01
8.4295e-01
8.7419e-01
8.6314e-01
8.6941e-01
8.5720e-01
8.7507e-01
8.7917e-01
8.7385e-01
8.8091e-01
8.6385e-01
8.5408e-01
8.5828e-01
8.6688e-01
8.6084e-01
8.6438e-01
8.4744e-01
8.5638e-01
8.6412e-01
9.9323e-01
8.6187e-01
8.5452e-01
8.6357e-01
8.4832e-01
8.6184e-01
8.6241e-01
8.5519e-01
8.6462e-01
8.5556e-01
8.5805e-01
8.6728e-01
8.4586e-01
8.6675e-01
8.6019e-01
8.4637e-01
8.3817e-01
8.6157e-01
8.5712e-01
8.7370e-01
8.3787e-01
8.4647e-01
8.5734e-01
7.3295e-01
8.7694e-01
8.4581e-01
8.4118e-01
7.0148e-01
8.1263e-01
9.8512e-01
8.4659e-01
8.4682e-01
8.4884e-01
8.5818e-01
8.4291e-01
8.6344e-01
8.6611e-01
8.5615e-01
8.7171e-01
8.5435e-01
8.4859e-01
8.6460e-01
8.4795e-01
8.6216e-01
8.4583e-01
8.6137e-01
8.5527e-01
8.6573e-01
8.6678e-01
8.6135e-01
8.5890e-01
8.6924e-01
8.5907e-01
8.5168e-01
8.5478e-01
8.5543e-01
8.6974e-01
8.5486e-01
8.5295e-01
8.6207e-01
8.6638e-01
8.6691e-01
8.5478e-01
8.6481e-01
8.5027e-01
8.5145e-01
8.5280e-01
8.5021e-01
8.5197e-01
8.2825e-01
8.6237e-01
8.0877e-01
8.6285e-01
8.5016e-01
8.5816e-01
8.6194e-01
8.6388e-01
8.4655e-01
8.6637e-01
8.4790e-01
8.6301e-01
8.7051e-01
8.6701e-01
8.6025e-01
8.5512e-01
8.5175e-01
8.5120e-01
8.6032e-01
8.5099e-01
8.7172e-01
8.7323e-01
7.1212e-01
8.4999e-01
8.6795e-01
8.6490e-01
8.4679e-01
8.5844e-01
8.5240e-01
8.6814e-01
8.4839e-01
8.6016e-01
8.5770e-01
8.5382e-01
8.6607e-01
8.6331e-01
8.6023e-01
8.6496e-01
8.6696e-01
8.6196e-01
8.6954e-01
8.6502e-01
8.6859e-01
8.7278e-01
8.6460e-01
8.4772e-01
8.7087e-01
8.4587e-01
8.6733e-01
8.5342e-01
8.6094e-01
8.5137e-01
8.6884e-01
8.4990e-01
8.5752e-01
8.6182e-01
8.6827e-01
8.5690e-01
8.6410e-01
8.6706e-01
8.6815e-01
8.3649e-01
8.5352e-01
8.2600e-01
8.2893e-01
8.5869e-01
8.6745e-01
8.5527e-01
8.3566e-01
8.5453e-01
8.6299e-01
6.6713e-01
8.7474e-01
8.5482e-01
8.5861e-01
8.5110e-01
8.9118e-01
8.6250e-01
8.5447e-01
8.6152e-01
8.6253e-01
8.6757e-01
8.6112e-01
8.5143e-01
8.6460e-01
8.6327e-01
8.4504e-01
8.6549e-01
8.5402e-01
8.5719e-01
8.7702e-01
8.7347e-01
8.5059e-01
8.6509e-01
8.5979e-01
7.3591e-01
8.6982e-01
8.5556e-01
8.6093e-01
8.5627e-01
8.7361e-01
8.7562e-01
8.6745e-01
8.3703e-01
8.4743e-01
7.9885e-01
8.6130e-01
8.5856e-01
8.5634e-01
8.4967e-01
8.5029e-01
8.5603e-01
8.6577e-01
8.5871e-01
8.5211e-01
8.1478e-01
8.1759e-01
8.6376e-01
8.5998e-01
8.5752e-01
8.7198e-01
8.6151e-01
8.5763e-01
8.4072e-01
8.6140e-01
8.5284e-01
8.6138e-01
8.7852e-01
8.5896e-01
8.5560e-01
8.6264e-01
8.5749e-01
8.6165e-01
8.5164e-01
8.5263e-01
8.5284e-01
8.6165e-01
8.4962e-01
8.5313e-01
8.4883e-01
8.5187e-01
8.6848e-01
8.4279e-01
8.5728e-01
8.5133e-01
8.5831e-01
8.5399e-01
8.6696e-01
8.6410e-01
8.5379e-01
8.6054e-01
8.6164e-01
8.6539e-01
8.6055e-01
8.7219e-01
8.5580e-01
8.4871e-01
7.7364e-01
8.7118e-01
8.5776e-01
8.6506e-01
8.6185e-01
8.6263e-01
8.5758e-01
8.6680e-01
8.5515e-01
8.5101e-01
8.5750e-01
8.5370e-01
8.7282e-01
8.4890e-01
8.6672e-01
8.4862e-01
8.7143e-01
8.7452e-01
8.7258e-01
8.5654e-01
8.5430e-01
8.5219e-01
8.6401e-01
8.5628e-01
8.6949e-01
8.5147e-01
7.9190e-01
8.6545e-01
8.6748e-01
