7.6871e-01
7.5837e-01
7.3735e-01
7.5405e-01
7.7640e-01
7.6916e-01
7.3902e-01
7.6777e-01
7.6959e-01
7.4544e-01
7.8079e-01
7.8111e-01
7.6188e-01
7.4843e-01
7.6661e-01
7.3733e-01
7.5704e-01
7.6312e-01
7.8257e-01
7.5518e-01
7.7652e-01
7.4411e-01
7.7394e-01
7.7388e-01
7.4488e-01
7.3965e-01
7.7669e-01
7.6611e-01
7.4178e-01
7.8855e-01
7.5561e-01
7.5949e-01
7.5307e-01
7.8595e-01
7.7952e-01
7.5044e-01
7.8881e-01
7.9829e-01
7.1936e-01
7.5765e-01
7.5279e-01
7.9331e-01
7.6102e-01
7.5094e-01
7.7547e-01
7.7369e-01
7.5823e-01
7.8969e-01
7.4854e-01
7.3279e-01
7.6182e-01
7.5379e-01
7.5978e-01
7.9037e-01
7.4236e-01
7.8958e-01
7.5869e-01
7.6959e-01
7.5259e-01
7.7736e-01
7.6322e-01
7.5557e-01
7.8699e-01
7.5599e-01
7.5562e-01
7.6930e-01
7.6593e-01
7.7255e-01
7.5044e-01
7.3322e-01
7.6331e-01
7.6291e-01
7.6226e-01
7.4635e-01
7.7639e-01
5.7705e-01
7.4645e-01
7.5531e-01
7.8830e-01
7.8277e-01
7.7015e-01
7.3701e-01
7.6390e-01
7.4426e-01
7.7703e-01
7.6600e-01
7.9493e-01
7.7961e-01
6.3893e-01
7.7927e-01
7.8481e-01
7.8965e-01
7.4101e-01
7.6677e-01
7.8475e-01
7.7129e-01
7.5516e-01
7.7089e-01
7.5912e-01
7.6364e-01
7.7429e-01
7.6913e-01
5.8094e-01
7.5126e-01
7.6278e-01
7.6582e-01
7.7877e-01
7.4646e-01
7.4659e-01
7.7065e-01
7.9769e-01
7.4847e-01
7.7825e-01
7.4872e-01
7.7588e-01
7.5809e-01
7.7466e-01
7.6860e-01
6.0143e-01
7.7408e-01
7.5235e-01
7.8189e-01
7.6473e-01
7.8164e-01
7.6034e-01
7.6175e-01
7.6369e-01
7.6720e-01
7.4051e-01
7.5260e-01
7.6782e-01
7.6924e-01
7.5611e-01
7.7479e-01
7.8460e-01
7.6095e-01
7.5860e-01
7.5885e-01
7.6182e-01
7.6324e-01
7.8419e-01
7.6198e-01
7.6334e-01
7.7420e-01
7.3533e-01
7.5364e-01
6.5182e-01
7.3757e-01
7.5575e-01
7.4281e-01
7.6016e-01
7.8801e-01
7.6851e-01
7.6933e-01
6.2628e-01
8.1027e-01
7.5275e-01
7.6547e-01
7.6188e-01
7.4073e-01
7.6783e-01
6.0521e-01
7.6838e-01
7.4837e-01
7.8238e-01
7.5383e-01
7.6999e-01
7.8733e-01
7.9183e-01
7.7879e-01
7.3513e-01
7.6813e-01
7.5869e-01
7.4902e-01
7.7720e-01
7.5710e-01
7.6127e-01
7.7688e-01
7.7729e-01
7.4768e-01
7.8740e-01
7.6801e-01
7.4897e-01
7.7939e-01
8.1791e-01
7.5856e-01
7.8230e-01
7.8051e-01
7.5684e-01
7.6150e-01
6.5767e-01
5.9058e-01
7.6374e-01
7.8019e-01
7.6240e-01
7.5659e-01
7.7726e-01
7.3295e-01
7.7666e-01
7.6954e-01
7.6682e-01
7.7806e-01
7.7356e-01
7.7058e-01
7.8662e-01
7.4591e-01
7.8895e-01
7.7423e-01
7.7749e-01
7.6751e-01
5.9382e-01
7.5982e-01
7.6842e-01
7.4828e-01
7.7599e-01
7.5198e-01
7.7603e-01
7.6547e-01
7.6840e-01
7.4337e-01
7.6108e-01
7.5194e-01
8.1007e-01
7.8055e-01
7.4961e-01
7.5312e-01
7.3918e-01
7.9411e-01
7.6577e-01
8.0218e-01
7.7056e-01
7.3519e-01
7.4638e-01
7.8903e-01
7.4994e-01
7.3907e-01
7.7212e-01
7.5955e-01
7.6398e-01
7.8183e-01
7.5121e-01
7.6790e-01
7.7178e-01
7.6670e-01
7.6601e-01
7.7228e-01
7.7975e-01
7.6289e-01
7.7563e-01
7.6049e-01
7.7991e-01
7.8098e-01
6.5252e-01
7.9597e-01
7.6789e-01
7.6357e-01
7.8511e-01
7.7984e-01
8.0778e-01
7.7461e-01
7.9782e-01
7.3404e-01
7.2618e-01
7.6097e-01
7.6189e-01
7.4840e-01
7.6540e-01
7.5769e-01
7.5686e-01
7.4731e-01
7.7589e-01
7.7207e-01
7.6492e-01
7.3650e-01
7.4133e-01
7.5054e-01
7.6662e-01
7.7605e-01
7.8556e-01
7.6368e-01
7.7807e-01
7.6473e-01
7.3204e-01
7.4791e-01
8.0147e-01
7.8374e-01
7.6944e-01
7.8121e-01
7.9471e-01
7.8487e-01
7.6288e-01
7.4879e-01
7.6098e-01
7.3952e-01
7.7006e-01
7.7499e-01
7.7771e-01
7.7809e-01
7.9718e-01
7.6558e-01
7.7437e-01
7.4857e-01
5.9130e-01
7.7832e-01
7.6897e-01
7.4862e-01
7.5373e-01
7.6209e-01
7.6479e-01
7.7856e-01
7.7030e-01
6.1790e-01
7.7437e-01
7.5728e-01
7.4896e-01
7.5502e-01
7.3194e-01
7.7269e-01
7.5509e-01
7.6331e-01
7.6822e-01
7.6288e-01
7.3580e-01
7.7683e-01
7.6944e-01
7.7706e-01
7.5222e-01
7.0768e-01
7.7272e-01
7.5521e-01
7.7698e-01
7.6801e-01
7.5740e-01
7.6681e-01
7.5529e-01
7.7637e-01
7.6921e-01
7.7276e-01
7.8818e-01
7.6548e-01
7.8647e-01
7.5556e-01
7.7182e-01
7.5616e-01
7.6726e-01
7.4293e-01
7.5237e-01
7.6315e-01
7.8478e-01
7.1830e-01
6.7833e-01
7.6509e-01
5.8035e-01
7.3378e-01
7.6746e-01
7.1009e-01
7.7794e-01
6.8763e-01
7.7134e-01
7.7413e-01
7.6860e-01
7.6494e-01
7.7538e-01
7.6584e-01
7.6781e-01
7.6878e-01
7.7065e-01
7.5429e-01
7.1644e-01
7.3964e-01
7.6843e-01
7.5170e-01
7.6746e-01
7.6363e-01
7.7294e-01
7.1575e-01
7.5512e-01
7.5408e-01
7.9722e-01
7.5546e-01
7.7527e-01
7.8886e-01
7.7424e-01
7.7296e-01
7.5209e-01
7.7791e-01
7.6170e-01
7.5400e-01
7.5523e-01
7.6990e-01
5.9494e-01
7.6505e-01
7.3034e-01
7.6876e-01
7.5271e-01
7.9557e-01
7.7591e-01
7.8907e-01
7.6715e-01
7.7716e-01
7.3868e-01
7.6887e-01
7.5269e-01
7.8888e-01
7.7998e-01
7.6747e-01
7.8070e-01
7.6645e-01
7.6445e-01
7.6621e-01
7.8902e-01
7.4077e-01
7.5728e-01
7.8658e-01
7.8816e-01
7.5910e-01
7.6904e-01
7.8586e-01
7.7743e-01
7.5085e-01
7.6165e-01
7.6050e-01
7.6844e-01
7.5359e-01
7.7744e-01
7.7277e-01
7.8666e-01
7.4687e-01
7.6369e-01
7.6312e-01
7.8122e-01
7.8365e-01
7.7798e-01
7.4589e-01
7.3945e-01
7.6822e-01
6.6824e-01
7.4727e-01
7.9255e-01
7.6804e-01
7.7574e-01
7.6750e-01
7.7272e-01
7.9143e-01
7.3771e-01
7.6164e-01
7.5255e-01
7.5922e-01
7.2787e-01
7.6726e-01
7.6497e-01
7.1761e-01
7.5407e-01
7.7686e-01
7.8179e-01
7.7116e-01
7.4823e-01
7.9479e-01
7.6920e-01
7.7075e-01
7.8450e-01
7.4507e-01
7.7397e-01
7.5217e-01
7.8712e-01
7.6389e-01
7.4349e-01
7.3744e-01
7.7846e-01
7.5154e-01
7.9561e-01
7.7612e-01
7.4895e-01
7.7748e-01
7.6589e-01
7.6699e-01
7.8362e-01
7.6773e-01
7.7464e-01
7.6587e-01
7.7562e-01
7.6589e-01
7.8669e-01
7.7821e-01
7.6304e-01
7.8347e-01
7.9892e-01
7.8039e-01
6.3129e-01
7.6809e-01
7.6409e-01
7.6589e-01
7.6108e-01
7.4522e-01
7.7287e-01
7.7176e-01
7.7713e-01
7.7838e-01
7.5919e-01
7.7390e-01
7.4502e-01
7.7954e-01
7.6385e-01
7.9280e-01
7.5292e-01
7.1487e-01
7.7520e-01
7.6393e-01
7.6952e-01
7.0907e-01
7.5355e-01
7.6849e-01
7.7396e-01
7.7743e-01
7.6593e-01
7.9515e-01
7.9479e-01
7.6444e-01
7.3589e-01
7.6082e-01
7.4709e-01
7.6496e-01
7.9823e-01
7.7355e-01
7.8775e-01
7.7283e-01
7.6807e-01
7.9246e-01
7.6884e-01
7.5274e-01
8.0255e-01
8.0004e-01
7.6320e-01
7.9143e-01
7.6112e-01
7.6394e-01
7.8512e-01
7.7360e-01
7.5806e-01
7.5512e-01
7.3820e-01
7.4678e-01
7.6926e-01
7.7919e-01
7.6116e-01
7.2215e-01
7.4853e-01
7.6350e-01
7.4743e-01
7.5897e-01
7.5120e-01
7.8866e-01
7.5949e-01
7.7727e-01
7.6279e-01
7.7310e-01
7.6490e-01
7.6269e-01
7.7238e-01
7.5278e-01
7.6784e-01
7.8394e-01
7.7648e-01
7.5040e-01
7.3833e-01
7.7553e-01
7.5857e-01
7.5493e-01
7.5501e-01
7.7264e-01
7.9380e-01
7.6211e-01
7.9102e-01
7.6478e-01
7.8720e-01
7.8796e-01
7.4381e-01
7.6514e-01
7.7883e-01
7.5942e-01
7.9265e-01
7.6176e-01
7.6054e-01
7.3447e-01
7.7521e-01
7.6429e-01
7.6034e-01
7.3365e-01
7.7648e-01
7.6764e-01
7.5347e-01
7.7404e-01
7.7910e-01
7.2730e-01
7.5539e-01
7.8539e-01
7.3647e-01
7.7071e-01
7.5297e-01
7.8122e-01
7.5215e-01
7.6372e-01
6.3857e-01
7.9154e-01
7.4409e-01
7.3068e-01
7.7860e-01
7.8124e-01
7.6688e-01
7.6279e-01
7.8166e-01
7.8257e-01
7.4907e-01
7.5518e-01
7.5382e-01
7.8048e-01
7.4923e-01
7.8391e-01
7.9119e-01
7.5453e-01
7.7672e-01
7.5923e-01
7.4707e-01
7.3268e-01
7.2250e-01
7.1295e-01
7.7073e-01
7.2046e-01
7.9646e-01
7.5321e-01
7.7276e-01
7.5678e-01
7.5596e-01
7.4939e-01
8.0310e-01
7.6302e-01
7.7074e-01
7.5194e-01
7.6911e-01
7.4140e-01
7.5544e-01
8.0145e-01
7.6790e-01
7.6054e-01
7.5284e-01
7.6116e-01
7.5445e-01
7.7462e-01
7.5545e-01
7.4124e-01
7.7301e-01
7.3762e-01
7.6448e-01
7.2485e-01
7.6970e-01
7.7966e-01
7.5920e-01
7.3810e-01
7.5357e-01
7.7115e-01
7.5328e-01
7.7013e-01
7.6070e-01
7.6304e-01
7.6445e-01
7.8294e-01
7.5503e-01
7.7657e-01
7.6684e-01
7.4891e-01
7.7415e-01
7.5938e-01
7.7505e-01
7.6630e-01
7.8486e-01
7.4309e-01
7.7445e-01
6.8528e-01
7.5252e-01
7.8074e-01
7.7000e-01
7.8445e-01
7.8975e-01
7.3937e-01
7.8817e-01
7.3476e-01
7.7344e-01
7.7201e-01
7.4139e-01
7.7481e-01
7.5904e-01
7.6776e-01
7.6891e-01
7.6328e-01
7.5293e-01
7.6422e-01
7.8167e-01
7.7155e-01
7.5586e-01
7.5556e-01
7.4805e-01
5.8191e-01
5.9895e-01
7.9809e-01
7.7291e-01
7.8733e-01
7.5386e-01
7.7034e-01
7.4021e-01
7.6496e-01
7.6451e-01
7.6362e-01
7.5608e-01
7.5302e-01
7.4136e-01
7.5805e-01
7.4764e-01
7.7671e-01
7.7037e-01
7.7462e-01
7.8081e-01
7.7385e-01
7.4889e-01
7.6984e-01
7.5752e-01
8.0177e-01
7.5651e-01
7.6658e-01
7.1344e-01
7.5069e-01
7.9138e-01
7.7716e-01
7.6722e-01
7.7288e-01
7.6263e-01
7.7044e-01
7.5181e-01
7.7068e-01
7.8917e-01
7.8329e-01
7.6172e-01
7.7761e-01
7.7939e-01
7.6747e-01
7.6025e-01
7.6939e-01
7.5719e-01
7.5845e-01
7.8930e-01
7.5382e-01
7.9129e-01
7.4265e-01
7.9121e-01
7.4274e-01
7.7738e-01
7.4424e-01
7.3005e-01
7.5246e-01
7.3627e-01
7.6354e-01
7.8780e-01
7.4007e-01
7.8329e-01
7.5593e-01
7.7572e-01
7.6607e-01
7.4685e-01
7.5743e-01
7.7885e-01
7.6293e-01
7.4976e-01
7.4582e-01
7.7882e-01
7.8345e-01
7.1185e-01
7.5609e-01
7.5959e-01
7.6702e-01
7.7379e-01
7.8514e-01
7.5415e-01
7.5385e-01
7.3110e-01
7.5705e-01
7.6264e-01
7.4506e-01
7.6764e-01
7.6501e-01
7.8134e-01
7.8002e-01
7.4082e-01
7.5824e-01
7.4913e-01
7.3773e-01
7.6311e-01
7.7736e-01
8.0688e-01
7.6663e-01
7.5457e-01
7.2518e-01
7.7501e-01
7.6032e-01
7.7928e-01
7.3141e-01
7.6433e-01
7.7251e-01
7.6556e-01
7.6279e-01
7.6466e-01
7.8268e-01
7.7262e-01
7.1869e-01
7.7744e-01
7.7851e-01
7.6778e-01
7.7640e-01
7.7403e-01
7.5735e-01
7.3263e-01
7.5998e-01
7.3877e-01
7.6736e-01
6.4883e-01
7.7925e-01
7.5924e-01
7.7491e-01
7.5429e-01
7.6903e-01
7.5393e-01
7.7701e-01
7.8735e-01
7.4851e-01
7.4267e-01
7.5652e-01
7.9247e-01
7.7760e-01
7.7367e-01
7.6240e-01
7.6556e-01
7.5876e-01
7.6087e-01
7.2827e-01
7.6249e-01
7.7182e-01
7.7599e-01
7.4466e-01
7.5362e-01
7.7501e-01
7.6925e-01
7.6355e-01
7.5568e-01
7.6109e-01
7.3598e-01
7.8452e-01
7.7319e-01
7.5181e-01
7.4578e-01
7.2468e-01
7.5284e-01
7.7385e-01
7.7065e-01
7.6467e-01
7.4585e-01
7.4662e-01
7.8376e-01
7.5348e-01
7.7038e-01
7.8246e-01
7.6430e-01
7.6668e-01
7.6197e-01
7.6809e-01
7.5141e-01
7.7869e-01
6.7238e-01
7.2789e-01
7.4423e-01
7.6314e-01
7.5485e-01
7.7535e-01
7.3428e-01
7.8264e-01
7.4556e-01
7.4971e-01
7.2690e-01
7.6161e-01
6.6931e-01
7.7421e-01
7.1931e-01
7.6741e-01
7.4839e-01
8.0933e-01
7.5131e-01
7.6613e-01
7.8037e-01
7.6373e-01
7.5579e-01
7.3107e-01
7.5132e-01
7.5451e-01
6.1142e-01
7.5056e-01
7.8105e-01
7.7629e-01
7.3053e-01
7.7234e-01
7.6270e-01
7.7186e-01
7.6741e-01
7.8625e-01
7.6784e-01
7.6255e-01
7.5064e-01
7.0560e-01
7.9600e-01
7.6757e-01
7.6659e-01
7.7824e-01
7.6726e-01
7.6460e-01
7.8508e-01
7.7037e-01
7.6161e-01
7.7279e-01
7.6715e-01
7.4841e-01
7.4775e-01
7.8901e-01
7.4214e-01
7.2617e-01
7.5677e-01
7.6261e-01
7.9081e-01
7.6082e-01
7.3242e-01
7.8668e-01
7.7375e-01
7.7267e-01
7.8565e-01
7.7415e-01
7.7008e-01
6.4088e-01
7.6083e-01
7.7680e-01
7.5500e-01
7.5446e-01
7.8764e-01
6.9688e-01
7.6179e-01
7.6629e-01
7.5593e-01
7.4793e-01
7.5717e-01
7.7847e-01
7.3189e-01
7.5973e-01
7.6987e-01
7.6886e-01
7.4182e-01
7.8206e-01
7.9392e-01
7.7528e-01
7.3872e-01
7.4820e-01
7.8601e-01
7.7210e-01
7.4768e-01
7.7790e-01
7.5850e-01
7.5336e-01
7.4759e-01
6.3656e-01
7.5442e-01
7.4368e-01
7.5214e-01
7.5207e-01
7.6989e-01
7.4615e-01
7.8400e-01
7.6397e-01
7.7057e-01
7.5779e-01
7.4521e-01
7.6387e-01
7.8909e-01
7.3968e-01
7.4588e-01
7.5731e-01
7.7294e-01
7.8138e-01
7.6169e-01
7.6872e-01
7.5134e-01
7.6657e-01
7.6071e-01
7.7553e-01
7.6642e-01
7.2296e-01
7.6845e-01
7.4585e-01
