7.7750e-01
7.7136e-01
7.6787e-01
7.5795e-01
7.6629e-01
7.5208e-01
7.5714e-01
7.8161e-01
7.6497e-01
7.5330e-01
7.5423e-01
7.6427e-01
7.6942e-01
7.7240e-01
7.5089e-01
7.9457e-01
7.6931e-01
7.5255e-01
7.7271e-01
7.9508e-01
7.5395e-01
7.8346e-01
7.6500e-01
7.7859e-01
7.9430e-01
7.6836e-01
7.6448e-01
7.2098e-01
7.2160e-01
7.7966e-01
7.5461e-01
7.9191e-01
7.8427e-01
7.5681e-01
7.6092e-01
7.8105e-01
7.6546e-01
7.3209e-01
8.0109e-01
7.7427e-01
7.7188e-01
7.5263e-01
7.7845e-01
7.7998e-01
7.9092e-01
7.8358e-01
7.8578e-01
7.5574e-01
7.4514e-01
7.3994e-01
7.6846e-01
8.1469e-01
7.6835e-01
7.9119e-01
7.7992e-01
7.9355e-01
7.7361e-01
7.4643e-01
7.6899e-01
5.7373e-01
7.7240e-01
7.6096e-01
7.7564e-01
7.9368e-01
7.5486e-01
7.5211e-01
7.6235e-01
7.8996e-01
7.8342e-01
7.9780e-01
7.6728e-01
7.4749e-01
7.5696e-01
7.6115e-01
7.3383e-01
8.0070e-01
7.8940e-01
7.9239e-01
7.6807e-01
7.8029e-01
7.6732e-01
7.4276e-01
7.8047e-01
7.7686e-01
7.7857e-01
7.4652e-01
7.6807e-01
7.6559e-01
7.7010e-01
8.0908e-01
7.6471e-01
7.7434e-01
7.5280e-01
7.5011e-01
7.8739e-01
7.6362e-01
7.7951e-01
7.8028e-01
7.7713e-01
7.8783e-01
7.4787e-01
8.0073e-01
7.6505e-01
7.6217e-01
7.7650e-01
7.7799e-01
7.8416e-01
7.8385e-01
7.6560e-01
7.3550e-01
7.9361e-01
7.6057e-01
7.8106e-01
7.7005e-01
7.7545e-01
7.9138e-01
7.7708e-01
7.6141e-01
7.8183e-01
7.6600e-01
7.9049e-01
7.5889e-01
7.8243e-01
7.8431e-01
7.8125e-01
7.4834e-01
7.7496e-01
7.8544e-01
7.7340e-01
7.4498e-01
7.8184e-01
7.8239e-01
7.5833e-01
7.7394e-01
7.5883e-01
9.0000e-01
7.5870e-01
7.7033e-01
7.6607e-01
7.6187e-01
7.7840e-01
7.5821e-01
7.9842e-01
7.7717e-01
6.4761e-01
7.5841e-01
7.7069e-01
7.5901e-01
7.7639e-01
7.8467e-01
7.6906e-01
7.5456e-01
7.1061e-01
7.6441e-01
7.6256e-01
7.7281e-01
7.7883e-01
7.7367e-01
7.8197e-01
7.4709e-01
7.6114e-01
7.5529e-01
7.5426e-01
7.5531e-01
7.6744e-01
7.6696e-01
7.7196e-01
7.6312e-01
7.6141e-01
7.6775e-01
7.6859e-01
7.5954e-01
7.6775e-01
7.3683e-01
7.8580e-01
7.8200e-01
7.6730e-01
7.6110e-01
7.8941e-01
7.6289e-01
7.6498e-01
7.5581e-01
7.6699e-01
7.9234e-01
7.5599e-01
7.7215e-01
7.6689e-01
7.9206e-01
7.5674e-01
7.5564e-01
7.6258e-01
7.9277e-01
7.7147e-01
7.8182e-01
7.8772e-01
7.7798e-01
7.7874e-01
8.1853e-01
7.8318e-01
7.6032e-01
7.6635e-01
7.5193e-01
6.5236e-01
7.8471e-01
7.7541e-01
7.7443e-01
7.7910e-01
7.5214e-01
7.6262e-01
7.4295e-01
7.4362e-01
7.7345e-01
7.5946e-01
7.5974e-01
6.5614e-01
7.7803e-01
7.7638e-01
7.6062e-01
7.4247e-01
7.7513e-01
7.9323e-01
7.5833e-01
7.4924e-01
7.8121e-01
7.5933e-01
7.5085e-01
7.6513e-01
7.6036e-01
7.6268e-01
7.7238e-01
7.6486e-01
7.8265e-01
7.5196e-01
7.8441e-01
7.8565e-01
7.6220e-01
7.3953e-01
7.5890e-01
7.6853e-01
7.8565e-01
7.6041e-01
7.7140e-01
7.5047e-01
7.8127e-01
7.7171e-01
7.5899e-01
7.7211e-01
7.6287e-01
7.6203e-01
7.7116e-01
7.7765e-01
7.7832e-01
7.8550e-01
7.3733e-01
5.9379e-01
7.8239e-01
7.6694e-01
7.8461e-01
7.7285e-01
7.6504e-01
7.9026e-01
7.9451e-01
8.0211e-01
7.4088e-01
7.3390e-01
7.6347e-01
7.4640e-01
7.7119e-01
7.7924e-01
7.6778e-01
7.6913e-01
7.7162e-01
7.5327e-01
7.9327e-01
8.0519e-01
7.6534e-01
7.5896e-01
7.9217e-01
7.6256e-01
8.0097e-01
7.5151e-01
7.8121e-01
7.5802e-01
7.4868e-01
7.8163e-01
6.3917e-01
7.9127e-01
7.8740e-01
7.7507e-01
7.6504e-01
7.6719e-01
7.6377e-01
7.7920e-01
6.8335e-01
7.9717e-01
7.6692e-01
7.7972e-01
7.6992e-01
7.8220e-01
7.7850e-01
7.4377e-01
7.6530e-01
7.6614e-01
7.5816e-01
7.9202e-01
7.7767e-01
7.6957e-01
7.8456e-01
7.7218e-01
7.6253e-01
7.5789e-01
7.6333e-01
7.9400e-01
7.4179e-01
7.5650e-01
7.8147e-01
7.5661e-01
7.5377e-01
7.7132e-01
7.6842e-01
7.6702e-01
7.5876e-01
7.6833e-01
7.6356e-01
7.8497e-01
7.7224e-01
7.4722e-01
7.4443e-01
7.6559e-01
7.9657e-01
7.7979e-01
7.7014e-01
7.9654e-01
7.6907e-01
7.7773e-01
7.7589e-01
7.8626e-01
7.5700e-01
7.7137e-01
7.8585e-01
7.7271e-01
8.0237e-01
7.7502e-01
7.7529e-01
7.6578e-01
7.6361e-01
7.6285e-01
7.5785e-01
7.6525e-01
7.8036e-01
7.7550e-01
7.7886e-01
7.6326e-01
7.4811e-01
7.8941e-01
7.8654e-01
6.7888e-01
7.8604e-01
7.9006e-01
7.5293e-01
7.9788e-01
7.5145e-01
7.7286e-01
7.5531e-01
7.7587e-01
7.5834e-01
7.6295e-01
7.9476e-01
7.7344e-01
7.9071e-01
7.7674e-01
7.6686e-01
7.5780e-01
7.7484e-01
7.8306e-01
7.8637e-01
7.3265e-01
7.3986e-01
7.7061e-01
7.6652e-01
7.5531e-01
7.6487e-01
7.7782e-01
7.7665e-01
7.4190e-01
6.6697e-01
7.7496e-01
7.5893e-01
7.7664e-01
7.6941e-01
7.7203e-01
7.8685e-01
7.6008e-01
7.5846e-01
7.5947e-01
7.9121e-01
7.6964e-01
7.4545e-01
7.3234e-01
7.6594e-01
7.7917e-01
7.5653e-01
7.7983e-01
7.5657e-01
6.4578e-01
7.6891e-01
7.9477e-01
7.8073e-01
7.7024e-01
7.8716e-01
7.6706e-01
7.5976e-01
7.6647e-01
7.8320e-01
7.6347e-01
7.8009e-01
7.8459e-01
7.7351e-01
7.7221e-01
7.9137e-01
7.9002e-01
8.0236e-01
7.5816e-01
7.7493e-01
7.7425e-01
7.5315e-01
7.7237e-01
7.6486e-01
7.8553e-01
7.6586e-01
7.7194e-01
7.8327e-01
7.8634e-01
7.7389e-01
7.5085e-01
7.8074e-01
7.8700e-01
7.9624e-01
5.9588e-01
7.8514e-01
7.6755e-01
7.6117e-01
7.6079e-01
7.9529e-01
7.7864e-01
7.6052e-01
7.4822e-01
7.5745e-01
7.7761e-01
7.9601e-01
7.5797e-01
7.7030e-01
7.8743e-01
7.5093e-01
7.6513e-01
7.7965e-01
8.1069e-01
7.7245e-01
7.3950e-01
7.6111e-01
7.6225e-01
7.7698e-01
7.5890e-01
7.6977e-01
7.8320e-01
7.8428e-01
7.6495e-01
7.7748e-01
7.7734e-01
7.5826e-01
7.7947e-01
7.7915e-01
7.5847e-01
7.6138e-01
7.5540e-01
7.9287e-01
7.6017e-01
9.0000e-01
7.5573e-01
7.6020e-01
7.6932e-01
7.6545e-01
7.6472e-01
7.5814e-01
7.8658e-01
7.8081e-01
7.8251e-01
7.9401e-01
7.5166e-01
7.8023e-01
7.6852e-01
6.0384e-01
7.9286e-01
7.7152e-01
7.6890e-01
7.5143e-01
7.6780e-01
7.6875e-01
7.5690e-01
7.6244e-01
7.8391e-01
8.1306e-01
7.8804e-01
7.4685e-01
7.1184e-01
7.9897e-01
7.3950e-01
7.8485e-01
7.6493e-01
7.4713e-01
7.7957e-01
7.5438e-01
7.9332e-01
7.6831e-01
5.9780e-01
7.5881e-01
7.6106e-01
7.5297e-01
7.8398e-01
7.0470e-01
7.8528e-01
7.5918e-01
7.6288e-01
7.6270e-01
7.8065e-01
7.6136e-01
7.7099e-01
7.4087e-01
7.6784e-01
6.0930e-01
7.7778e-01
7.6474e-01
7.6372e-01
7.7604e-01
7.7014e-01
7.6463e-01
7.8257e-01
7.9044e-01
7.8653e-01
7.7776e-01
8.0260e-01
7.6090e-01
7.5029e-01
7.7740e-01
7.6778e-01
7.6034e-01
7.6514e-01
7.6980e-01
7.5263e-01
7.6935e-01
7.8039e-01
7.7746e-01
7.5849e-01
7.5521e-01
7.7059e-01
7.8347e-01
7.8202e-01
7.7104e-01
7.6376e-01
7.6284e-01
7.6611e-01
7.5819e-01
7.6203e-01
7.9030e-01
7.6419e-01
7.6591e-01
7.5841e-01
7.4004e-01
7.8403e-01
7.7944e-01
7.4358e-01
7.4239e-01
7.7867e-01
7.8503e-01
7.8597e-01
7.7906e-01
7.4925e-01
7.7892e-01
7.9879e-01
7.5062e-01
7.5564e-01
7.5858e-01
7.9434e-01
7.7392e-01
7.7635e-01
7.6281e-01
7.6974e-01
7.6580e-01
7.9320e-01
7.6853e-01
7.4692e-01
7.4956e-01
7.4618e-01
7.8830e-01
7.4833e-01
7.8117e-01
7.7742e-01
7.7559e-01
7.8363e-01
7.9009e-01
7.6594e-01
7.9438e-01
7.5001e-01
7.6021e-01
7.5659e-01
7.6498e-01
7.6436e-01
7.6956e-01
7.7764e-01
7.7410e-01
7.6545e-01
7.6699e-01
7.6505e-01
7.6219e-01
7.4777e-01
7.7521e-01
7.5066e-01
7.7405e-01
7.8363e-01
7.4481e-01
7.8176e-01
7.5471e-01
6.1409e-01
7.5369e-01
7.7856e-01
7.6011e-01
7.5613e-01
7.6140e-01
7.9522e-01
7.7831e-01
7.5672e-01
7.4022e-01
7.8226e-01
7.6485e-01
7.3467e-01
7.9180e-01
7.6270e-01
7.5662e-01
7.8039e-01
7.6551e-01
7.8746e-01
7.6918e-01
7.8827e-01
7.5792e-01
7.8067e-01
7.5239e-01
7.8692e-01
7.6189e-01
7.7736e-01
7.8087e-01
7.8244e-01
7.8804e-01
7.7750e-01
7.5962e-01
7.7319e-01
7.7972e-01
7.5564e-01
7.4616e-01
7.5193e-01
7.9535e-01
7.8424e-01
7.4548e-01
7.7091e-01
7.7583e-01
7.7013e-01
7.7627e-01
7.4492e-01
7.7378e-01
7.8724e-01
7.5668e-01
7.6300e-01
7.6060e-01
7.5272e-01
7.8968e-01
7.6060e-01
7.4345e-01
7.7187e-01
7.7014e-01
7.5952e-01
7.8002e-01
7.7256e-01
7.8380e-01
7.7924e-01
7.7321e-01
7.6486e-01
7.7594e-01
7.6404e-01
7.9261e-01
7.6658e-01
7.7396e-01
7.9353e-01
7.6640e-01
7.8873e-01
7.6586e-01
7.6767e-01
7.5640e-01
7.5515e-01
7.7748e-01
7.7520e-01
7.5889e-01
7.6530e-01
7.7110e-01
7.5349e-01
7.7557e-01
7.6868e-01
7.8288e-01
7.5099e-01
7.6395e-01
7.6147e-01
7.8422e-01
7.5643e-01
7.5733e-01
7.7630e-01
7.7974e-01
7.6356e-01
7.7133e-01
7.8165e-01
7.7897e-01
7.4318e-01
7.7861e-01
7.7861e-01
7.6666e-01
7.7896e-01
7.6091e-01
7.7087e-01
7.6532e-01
7.7050e-01
7.7490e-01
7.6387e-01
7.4608e-01
7.6430e-01
7.7601e-01
7.5120e-01
7.6165e-01
7.6615e-01
7.8963e-01
7.8042e-01
7.5538e-01
7.4832e-01
7.6917e-01
8.0145e-01
7.6477e-01
7.6617e-01
7.9040e-01
7.5838e-01
7.7909e-01
7.5885e-01
7.7490e-01
7.7791e-01
7.6851e-01
7.7217e-01
7.8886e-01
7.9007e-01
7.5446e-01
7.7399e-01
5.9246e-01
7.8485e-01
7.4363e-01
7.6198e-01
7.7007e-01
7.7310e-01
7.7504e-01
6.5940e-01
7.7098e-01
7.7901e-01
7.7870e-01
7.9010e-01
7.6173e-01
7.7653e-01
7.6127e-01
7.7602e-01
7.6856e-01
7.5326e-01
8.0193e-01
7.6076e-01
7.3433e-01
7.7423e-01
7.5573e-01
7.5496e-01
7.7706e-01
7.8030e-01
7.6998e-01
7.7422e-01
7.5284e-01
7.5520e-01
7.9857e-01
7.5679e-01
7.7183e-01
7.8879e-01
7.6656e-01
7.9427e-01
7.6538e-01
8.1283e-01
7.4981e-01
7.8986e-01
7.5690e-01
7.5324e-01
7.7759e-01
7.9280e-01
7.6850e-01
7.6825e-01
7.4437e-01
7.7058e-01
7.7763e-01
7.4079e-01
7.6990e-01
7.6181e-01
7.7763e-01
7.5714e-01
7.7075e-01
7.4973e-01
7.8188e-01
7.7360e-01
7.8212e-01
7.7553e-01
7.4952e-01
7.6621e-01
7.5330e-01
7.3356e-01
7.5059e-01
7.6906e-01
7.8696e-01
7.9287e-01
7.5227e-01
7.5227e-01
7.5660e-01
6.2796e-01
7.5556e-01
7.7057e-01
7.7474e-01
7.5691e-01
7.7117e-01
7.7887e-01
7.7666e-01
7.6010e-01
7.6580e-01
7.8782e-01
8.0055e-01
7.4924e-01
7.7800e-01
7.5538e-01
8.1371e-01
7.9012e-01
7.5161e-01
7.5396e-01
7.8443e-01
7.6923e-01
7.7017e-01
7.8566e-01
7.8262e-01
7.8215e-01
7.4576e-01
7.8774e-01
7.5942e-01
7.9325e-01
7.7438e-01
7.6281e-01
7.5675e-01
7.7220e-01
7.5768e-01
7.6876e-01
7.5510e-01
7.3640e-01
7.6284e-01
7.6216e-01
7.7782e-01
7.5476e-01
7.6985e-01
6.7769e-01
7.5462e-01
7.7808e-01
7.5033e-01
8.0217e-01
7.7039e-01
7.5954e-01
7.3128e-01
7.5579e-01
7.7999e-01
7.9775e-01
7.8535e-01
7.8810e-01
7.6039e-01
7.8041e-01
7.5101e-01
7.7334e-01
7.6707e-01
7.8832e-01
7.6271e-01
7.1400e-01
7.7475e-01
7.4375e-01
7.6949e-01
7.6541e-01
7.7924e-01
7.8996e-01
7.6926e-01
7.7754e-01
7.7630e-01
7.6064e-01
7.9924e-01
8.0259e-01
7.8985e-01
7.7679e-01
7.9397e-01
7.4987e-01
7.5319e-01
7.5896e-01
7.7811e-01
7.6427e-01
7.7149e-01
7.5923e-01
7.6254e-01
7.7587e-01
7.4368e-01
7.7521e-01
7.8676e-01
7.8827e-01
7.7071e-01
6.6334e-01
8.0842e-01
7.8361e-01
7.7133e-01
7.5923e-01
7.5685e-01
7.4813e-01
7.5263e-01
7.7171e-01
7.8774e-01
7.7345e-01
7.7429e-01
7.5620e-01
7.8799e-01
7.6782e-01
7.7010e-01
7.9923e-01
7.8996e-01
7.6958e-01
7.9748e-01
7.6829e-01
7.8057e-01
7.5831e-01
7.5332e-01
7.7561e-01
5.9521e-01
7.9799e-01
7.7884e-01
8.1430e-01
7.8656e-01
7.7877e-01
7.8086e-01
7.3793e-01
7.8618e-01
7.8108e-01
7.4658e-01
7.5322e-01
7.8575e-01
7.4898e-01
7.9300e-01
7.7740e-01
7.6316e-01
7.8474e-01
7.7590e-01
7.6192e-01
7.6928e-01
7.8226e-01
7.4888e-01
7.6526e-01
7.5913e-01
7.5956e-01
7.6177e-01
7.9254e-01
7.7806e-01
7.6611e-01
7.7677e-01
7.9148e-01
7.6528e-01
7.7346e-01
6.9375e-01
7.6605e-01
7.8388e-01
7.6030e-01
7.7447e-01
7.7787e-01
7.7566e-01
7.4964e-01
7.5126e-01
7.5769e-01
8.0441e-01
8.0345e-01
8.0312e-01
7.4974e-01
7.7056e-01
7.8329e-01
7.7155e-01
7.8841e-01
7.4373e-01
7.6625e-01
7.8551e-01
7.7177e-01
7.9157e-01
