8.1942e-01
8.1973e-01
8.2125e-01
8.2312e-01
8.1965e-01
8.2158e-01
8.2065e-01
8.2011e-01
8.2230e-01
8.2046e-01
8.2325e-01
8.2323e-01
8.2153e-01
8.2014e-01
8.2354e-01
8.2180e-01
8.1788e-01
8.1856e-01
8.2199e-01
8.1930e-01
8.1972e-01
8.1979e-01
8.2111e-01
8.2173e-01
8.1900e-01
8.2105e-01
8.2008e-01
8.1802e-01
7.7481e-01
8.1870e-01
8.2105e-01
8.2169e-01
8.1777e-01
8.2362e-01
8.2034e-01
8.2071e-01
8.2265e-01
8.2372e-01
8.2169e-01
8.2132e-01
8.1942e-01
8.1962e-01
8.2070e-01
8.1937e-01
8.2219e-01
8.1908e-01
8.2185e-01
8.2087e-01
8.2067e-01
8.2236e-01
8.2245e-01
8.2116e-01
8.2213e-01
8.2267e-01
8.2041e-01
8.2233e-01
8.1863e-01
8.1850e-01
8.2127e-01
8.1901e-01
8.2227e-01
8.2195e-01
8.2194e-01
8.1975e-01
8.2391e-01
8.2027e-01
8.2039e-01
8.2065e-01
8.2267e-01
8.1837e-01
8.2223e-01
8.2005e-01
8.2287e-01
8.2419e-01
8.1910e-01
8.1964e-01
8.2314e-01
8.2132e-01
8.2301e-01
8.2363e-01
8.2121e-01
8.2138e-01
8.1957e-01
8.2383e-01
8.2113e-01
8.2118e-01
8.2181e-01
8.2156e-01
8.2071e-01
8.2131e-01
8.2300e-01
8.2100e-01
8.2213e-01
8.2555e-01
8.2009e-01
8.2160e-01
8.2195e-01
8.2389e-01
8.2256e-01
8.1803e-01
8.1940e-01
8.2339e-01
8.2184e-01
8.2060e-01
8.2066e-01
8.2161e-01
8.2192e-01
8.2414e-01
8.2137e-01
8.1945e-01
8.1855e-01
8.1658e-01
8.2120e-01
8.2084e-01
8.2042e-01
8.2355e-01
8.2278e-01
8.1943e-01
8.1999e-01
8.2050e-01
8.2507e-01
8.2096e-01
8.1930e-01
8.2166e-01
8.2179e-01
8.2260e-01
8.2219e-01
8.2165e-01
8.2152e-01
8.2007e-01
8.2057e-01
8.2410e-01
8.2084e-01
8.2178e-01
8.2114e-01
8.2251e-01
8.2024e-01
8.2125e-01
8.2024e-01
8.2135e-01
8.2004e-01
8.1884e-01
8.1908e-01
8.1790e-01
8.1940e-01
8.1974e-01
8.2011e-01
8.2377e-01
8.1860e-01
8.1889e-01
8.2034e-01
8.1996e-01
8.2289e-01
8.2117e-01
8.2287e-01
8.2390e-01
8.2063e-01
8.2123e-01
8.2221e-01
8.2136e-01
8.2325e-01
8.2101e-01
8.2279e-01
8.1971e-01
8.1876e-01
8.1724e-01
8.2327e-01
8.1899e-01
8.1715e-01
8.2312e-01
8.1844e-01
8.2419e-01
8.2270e-01
8.2183e-01
8.2119e-01
8.1964e-01
8.1838e-01
8.2235e-01
8.1858e-01
8.1894e-01
8.2155e-01
8.2290e-01
8.2216e-01
8.2379e-01
8.2111e-01
8.2176e-01
8.1775e-01
8.2016e-01
8.2067e-01
8.1980e-01
8.2090e-01
8.2202e-01
8.2030e-01
8.2421e-01
8.2134e-01
8.2036e-01
8.2140e-01
8.2002e-01
8.2079e-01
8.1853e-01
8.2160e-01
8.2149e-01
8.2159e-01
8.2002e-01
8.1926e-01
8.2040e-01
8.2187e-01
8.2058e-01
8.2385e-01
8.1949e-01
8.2241e-01
8.2084e-01
8.2034e-01
8.2080e-01
8.2148e-01
8.2111e-01
8.2150e-01
8.2186e-01
8.2022e-01
8.2068e-01
8.2203e-01
8.2153e-01
8.2166e-01
8.2111e-01
8.2105e-01
8.2243e-01
8.1965e-01
8.2207e-01
8.2168e-01
8.2277e-01
8.2094e-01
8.2013e-01
8.2168e-01
8.2159e-01
8.2243e-01
8.2190e-01
8.1757e-01
8.2378e-01
8.2248e-01
8.2148e-01
8.2050e-01
8.1792e-01
8.2309e-01
8.2203e-01
8.2132e-01
8.1877e-01
8.2084e-01
8.1944e-01
8.1891e-01
8.2131e-01
8.2255e-01
8.2136e-01
8.2060e-01
8.2135e-01
8.2068e-01
8.2229e-01
8.1900e-01
8.2249e-01
8.2263e-01
8.1756e-01
8.2025e-01
8.1828e-01
8.2171e-01
8.2001e-01
8.1928e-01
8.2225e-01
8.2302e-01
8.1932e-01
8.2303e-01
8.2160e-01
8.2371e-01
8.2144e-01
8.2177e-01
8.2076e-01
8.2349e-01
8.2343e-01
8.1872e-01
8.1945e-01
8.2295e-01
8.2383e-01
8.2186e-01
8.2150e-01
8.2234e-01
8.2266e-01
8.2036e-01
8.2306e-01
8.2068e-01
8.2281e-01
8.1808e-01
7.6486e-01
8.2024e-01
8.2152e-01
8.2574e-01
8.2032e-01
8.1861e-01
8.2241e-01
8.2194e-01
8.1906e-01
8.2525e-01
8.2237e-01
8.2008e-01
8.2038e-01
8.2258e-01
8.1957e-01
8.1706e-01
8.1902e-01
8.2127e-01
8.2265e-01
8.2179e-01
8.1706e-01
8.2449e-01
8.2003e-01
8.2002e-01
8.2297e-01
8.2124e-01
8.2288e-01
8.1928e-01
8.2123e-01
8.1912e-01
8.2117e-01
8.1987e-01
8.1818e-01
8.2198e-01
8.1643e-01
8.2087e-01
8.2119e-01
8.2034e-01
8.2140e-01
8.2258e-01
8.2220e-01
8.2138e-01
8.2255e-01
8.1834e-01
8.2454e-01
8.2167e-01
8.2154e-01
8.2031e-01
8.2029e-01
8.2313e-01
8.2379e-01
8.2006e-01
8.2025e-01
8.2106e-01
8.2298e-01
8.2607e-01
8.2048e-01
8.2168e-01
8.2316e-01
8.1711e-01
8.1845e-01
8.2109e-01
8.2201e-01
8.2376e-01
8.2441e-01
8.1814e-01
8.1863e-01
8.2205e-01
8.1688e-01
8.2166e-01
8.2011e-01
8.2070e-01
8.2043e-01
8.2339e-01
8.2123e-01
8.1930e-01
8.1956e-01
8.2144e-01
8.2233e-01
8.2225e-01
8.2259e-01
8.2265e-01
8.2390e-01
8.2111e-01
8.2175e-01
8.2241e-01
8.1878e-01
8.2111e-01
8.1966e-01
8.2142e-01
8.2144e-01
8.2107e-01
8.2067e-01
8.1951e-01
8.2490e-01
8.2371e-01
8.2133e-01
8.2117e-01
8.2031e-01
8.2297e-01
8.2047e-01
8.2234e-01
8.2050e-01
8.2227e-01
8.2255e-01
8.2316e-01
8.2012e-01
8.2348e-01
8.2225e-01
8.2361e-01
8.2043e-01
8.1965e-01
8.1975e-01
8.2004e-01
8.2432e-01
8.2142e-01
8.2036e-01
8.2377e-01
8.1941e-01
7.9786e-01
8.1910e-01
8.2425e-01
8.2010e-01
8.1975e-01
8.1976e-01
8.2072e-01
8.2229e-01
8.1994e-01
8.2235e-01
8.2252e-01
8.2327e-01
8.1944e-01
8.2236e-01
8.2173e-01
8.1943e-01
8.1942e-01
8.2063e-01
8.2097e-01
8.1968e-01
8.2023e-01
8.2202e-01
8.2352e-01
8.1893e-01
8.2057e-01
8.2175e-01
8.2169e-01
8.2340e-01
8.1872e-01
8.2007e-01
8.1909e-01
8.2177e-01
8.1856e-01
8.2195e-01
8.2014e-01
8.2268e-01
8.2262e-01
8.2196e-01
8.2269e-01
8.2250e-01
8.2347e-01
8.1829e-01
8.2208e-01
8.2100e-01
8.2159e-01
8.2060e-01
8.2070e-01
8.2150e-01
8.2148e-01
8.2211e-01
8.1958e-01
8.2168e-01
8.1874e-01
8.2508e-01
8.2074e-01
8.2154e-01
8.2328e-01
8.2256e-01
8.2368e-01
8.1995e-01
8.2218e-01
8.2060e-01
8.2244e-01
8.2306e-01
8.1897e-01
8.2399e-01
8.2142e-01
8.2102e-01
8.1976e-01
8.2093e-01
8.1909e-01
8.2149e-01
8.2028e-01
8.2171e-01
8.2156e-01
8.1936e-01
8.2010e-01
8.2174e-01
8.2264e-01
8.2093e-01
8.1831e-01
8.2115e-01
8.2295e-01
8.1983e-01
8.2237e-01
8.1967e-01
8.2526e-01
8.2154e-01
8.1970e-01
8.2273e-01
8.1938e-01
8.2130e-01
8.2203e-01
8.2100e-01
8.1927e-01
8.2114e-01
8.1963e-01
8.2311e-01
8.2308e-01
8.1969e-01
8.2291e-01
8.1869e-01
8.2349e-01
8.2124e-01
8.2348e-01
8.1857e-01
8.2119e-01
8.2322e-01
8.2119e-01
8.1958e-01
8.2043e-01
8.1688e-01
8.2001e-01
8.2034e-01
8.2325e-01
8.2272e-01
8.2244e-01
8.2324e-01
8.1873e-01
8.1940e-01
8.2311e-01
8.1836e-01
8.2294e-01
8.1949e-01
8.2117e-01
8.2062e-01
8.1845e-01
8.1896e-01
8.2013e-01
8.1704e-01
8.2251e-01
8.2193e-01
8.1947e-01
8.1920e-01
8.2073e-01
8.2315e-01
8.2155e-01
8.2285e-01
8.2165e-01
8.2053e-01
8.2317e-01
8.2223e-01
8.2291e-01
8.2007e-01
8.2355e-01
8.2246e-01
8.1910e-01
8.2034e-01
8.1872e-01
8.1944e-01
8.2276e-01
8.1935e-01
8.2107e-01
8.2135e-01
8.2219e-01
8.1819e-01
8.1958e-01
8.2018e-01
8.2234e-01
8.2064e-01
8.2016e-01
8.2100e-01
8.2177e-01
8.2223e-01
8.2139e-01
8.1941e-01
8.2153e-01
8.1958e-01
8.1972e-01
8.1971e-01
8.2033e-01
8.2471e-01
8.2164e-01
8.2086e-01
8.2211e-01
8.2065e-01
8.2102e-01
8.1915e-01
8.2246e-01
8.1991e-01
8.2087e-01
8.2311e-01
8.2041e-01
8.2098e-01
8.2221e-01
8.2029e-01
8.2308e-01
8.2400e-01
8.2332e-01
8.2029e-01
8.2219e-01
8.2041e-01
8.2039e-01
8.2133e-01
8.2195e-01
8.1679e-01
8.2188e-01
8.2161e-01
8.2051e-01
8.2182e-01
8.2210e-01
8.2207e-01
8.2117e-01
8.2042e-01
8.2075e-01
7.9574e-01
8.2029e-01
8.1997e-01
8.2192e-01
8.2081e-01
8.2470e-01
8.2118e-01
8.2512e-01
8.2267e-01
8.2126e-01
8.2152e-01
8.2082e-01
8.2076e-01
8.1951e-01
8.2099e-01
8.2247e-01
8.2568e-01
8.2071e-01
8.2254e-01
8.1949e-01
8.2103e-01
8.2285e-01
8.2316e-01
8.1881e-01
8.2258e-01
8.1899e-01
8.1975e-01
8.2256e-01
8.2143e-01
8.2377e-01
8.2323e-01
8.2377e-01
8.2170e-01
8.2046e-01
8.2210e-01
8.2360e-01
8.2309e-01
8.2353e-01
8.1978e-01
8.1898e-01
8.1427e-01
8.2223e-01
8.2434e-01
8.1857e-01
8.2304e-01
8.1900e-01
8.2133e-01
8.2149e-01
8.2035e-01
8.2357e-01
8.2428e-01
8.2236e-01
8.2143e-01
8.2275e-01
8.2308e-01
8.2339e-01
8.2202e-01
8.2255e-01
8.2020e-01
8.2206e-01
8.2394e-01
8.2304e-01
8.2109e-01
8.2230e-01
8.2076e-01
8.1787e-01
8.2254e-01
8.2312e-01
8.2079e-01
8.2224e-01
8.1687e-01
8.1991e-01
8.2317e-01
8.1876e-01
8.2072e-01
8.2277e-01
8.2351e-01
8.2431e-01
8.1746e-01
8.2280e-01
8.2270e-01
8.1847e-01
8.1999e-01
8.1759e-01
8.2447e-01
8.2186e-01
8.2297e-01
8.1976e-01
8.2140e-01
8.2125e-01
8.2019e-01
8.1937e-01
8.2200e-01
8.2093e-01
8.2085e-01
8.2237e-01
8.2037e-01
8.2045e-01
8.2048e-01
8.1655e-01
8.2099e-01
8.2117e-01
8.1770e-01
8.2329e-01
8.2033e-01
8.1994e-01
8.2516e-01
8.2205e-01
8.2270e-01
8.1878e-01
8.2446e-01
8.2097e-01
8.2245e-01
8.1906e-01
8.2186e-01
8.2085e-01
8.1961e-01
8.2033e-01
8.2078e-01
8.2123e-01
8.1960e-01
8.2322e-01
8.2099e-01
8.1927e-01
8.1920e-01
8.2232e-01
8.2152e-01
8.2200e-01
8.2106e-01
8.2212e-01
8.2134e-01
8.2179e-01
8.1942e-01
8.2019e-01
8.2294e-01
8.1925e-01
8.2178e-01
8.2171e-01
8.1700e-01
8.1855e-01
8.2167e-01
8.1950e-01
8.2051e-01
8.2261e-01
8.2124e-01
7.6859e-01
8.1915e-01
8.2156e-01
8.2119e-01
8.2180e-01
8.2107e-01
8.1983e-01
8.2322e-01
8.1790e-01
8.1955e-01
8.2161e-01
8.2069e-01
8.2162e-01
8.2303e-01
8.2105e-01
8.2047e-01
8.2120e-01
8.2288e-01
8.2219e-01
8.2098e-01
8.2369e-01
8.2276e-01
8.2319e-01
8.2171e-01
8.2266e-01
8.2021e-01
8.2524e-01
8.2226e-01
8.2021e-01
8.1903e-01
8.2092e-01
8.2060e-01
8.2185e-01
8.1888e-01
8.2265e-01
8.2000e-01
8.2193e-01
8.2189e-01
8.1616e-01
8.2194e-01
8.2240e-01
8.2044e-01
8.1986e-01
8.1944e-01
8.1983e-01
8.2106e-01
8.2054e-01
8.2305e-01
8.1917e-01
8.2131e-01
8.2000e-01
8.2143e-01
8.2157e-01
8.2153e-01
8.1907e-01
8.1886e-01
8.1997e-01
8.2219e-01
8.2033e-01
8.2272e-01
8.2375e-01
8.2066e-01
8.2173e-01
8.2305e-01
8.1998e-01
8.1988e-01
8.2108e-01
8.2080e-01
8.1957e-01
8.2053e-01
8.2273e-01
8.2313e-01
8.2276e-01
8.2335e-01
8.2228e-01
8.2075e-01
8.2244e-01
8.2187e-01
8.1932e-01
8.2080e-01
8.2070e-01
8.1944e-01
8.2131e-01
8.2085e-01
8.2233e-01
8.2192e-01
8.2144e-01
8.1862e-01
8.2121e-01
8.2028e-01
8.1963e-01
8.1937e-01
8.1998e-01
8.1781e-01
8.2382e-01
8.2191e-01
8.2167e-01
8.1940e-01
8.2108e-01
8.2033e-01
8.1947e-01
8.2034e-01
8.2017e-01
8.2202e-01
8.2132e-01
8.1803e-01
8.2163e-01
8.2315e-01
8.2095e-01
8.2073e-01
8.1983e-01
8.1851e-01
8.1849e-01
8.2250e-01
8.1871e-01
8.2288e-01
8.2160e-01
8.2096e-01
8.1967e-01
8.2310e-01
8.2325e-01
8.2313e-01
8.2012e-01
8.2116e-01
8.1942e-01
8.2178e-01
8.1982e-01
8.2106e-01
8.2060e-01
8.2097e-01
8.2023e-01
8.2172e-01
8.2160e-01
8.1890e-01
8.2248e-01
8.2078e-01
8.2119e-01
8.2185e-01
8.2379e-01
7.6681e-01
8.2125e-01
8.2087e-01
8.2179e-01
8.2401e-01
8.1850e-01
8.2328e-01
8.2017e-01
8.2250e-01
8.2033e-01
8.2063e-01
8.1928e-01
8.2348e-01
8.1966e-01
8.2139e-01
8.1927e-01
8.2451e-01
8.2216e-01
8.2054e-01
8.1841e-01
8.1930e-01
8.1866e-01
8.2365e-01
8.2144e-01
8.2177e-01
8.2123e-01
8.1902e-01
8.2339e-01
8.2167e-01
8.1843e-01
8.2155e-01
8.1988e-01
8.2495e-01
8.1936e-01
8.2096e-01
8.2256e-01
8.2329e-01
8.2250e-01
8.2251e-01
8.2311e-01
8.2301e-01
8.2080e-01
8.1878e-01
8.2034e-01
8.2237e-01
8.2075e-01
8.2081e-01
8.2018e-01
8.1962e-01
8.2109e-01
8.2228e-01
8.2376e-01
8.1966e-01
8.2150e-01
8.2112e-01
8.1775e-01
8.2111e-01
8.1806e-01
8.2240e-01
8.2074e-01
8.2142e-01
8.2013e-01
8.2268e-01
8.2007e-01
8.2384e-01
8.1873e-01
8.2315e-01
8.2073e-01
8.1895e-01
8.1998e-01
8.2374e-01
8.2256e-01
8.2188e-01
8.2044e-01
8.2397e-01
8.2175e-01
8.2238e-01
8.2172e-01
8.2017e-01
8.2374e-01
8.1933e-01
8.2129e-01
8.2234e-01
8.2143e-01
8.2021e-01
8.1941e-01
8.2081e-01
8.2369e-01
8.2089e-01
8.2120e-01
8.2146e-01
8.2037e-01
8.2204e-01
8.1860e-01
8.2084e-01
8.2343e-01
8.2314e-01
8.2231e-01
8.2071e-01
8.1968e-01
8.2315e-01
8.2213e-01
8.1948e-01
