8.1818e-01
8.2676e-01
8.2394e-01
8.1775e-01
8.2218e-01
8.2532e-01
8.2489e-01
8.2587e-01
8.2527e-01
8.2565e-01
8.1939e-01
8.2677e-01
8.2528e-01
8.2556e-01
8.2291e-01
8.2580e-01
8.2664e-01
8.2572e-01
8.2442e-01
8.2265e-01
8.2477e-01
8.2749e-01
8.2824e-01
8.2366e-01
8.2279e-01
8.1972e-01
8.2522e-01
8.2407e-01
8.2437e-01
8.1897e-01
8.2178e-01
8.2193e-01
8.2203e-01
8.2534e-01
8.2180e-01
8.2252e-01
8.2175e-01
8.2595e-01
8.2209e-01
8.2898e-01
8.2739e-01
8.2336e-01
8.2518e-01
8.2386e-01
8.2156e-01
8.2285e-01
8.2581e-01
8.2476e-01
8.2483e-01
8.2079e-01
8.2841e-01
8.2158e-01
8.2413e-01
8.2369e-01
8.2374e-01
8.2158e-01
8.2780e-01
8.2161e-01
8.2545e-01
8.1977e-01
8.2613e-01
8.2736e-01
8.2415e-01
8.2298e-01
8.2663e-01
8.2063e-01
8.2204e-01
8.2390e-01
8.2127e-01
8.2349e-01
8.2572e-01
8.2495e-01
8.2309e-01
8.2149e-01
8.2633e-01
8.2293e-01
8.2520e-01
8.2821e-01
8.2798e-01
8.2516e-01
8.2667e-01
8.2590e-01
8.2631e-01
8.2537e-01
8.2297e-01
8.2581e-01
8.2361e-01
8.2091e-01
8.2066e-01
8.2502e-01
8.2649e-01
8.2628e-01
8.2231e-01
8.2089e-01
8.2105e-01
8.2011e-01
8.2286e-01
8.2233e-01
8.2752e-01
8.2556e-01
8.2166e-01
8.2666e-01
8.2654e-01
8.2631e-01
8.1995e-01
8.2238e-01
8.2474e-01
8.2233e-01
8.2529e-01
8.2583e-01
8.2434e-01
8.2753e-01
8.2593e-01
8.2406e-01
8.1941e-01
8.2485e-01
8.2163e-01
8.2261e-01
8.2181e-01
8.2004e-01
8.2665e-01
8.2362e-01
8.2666e-01
8.2193e-01
8.2251e-01
8.2438e-01
8.2862e-01
8.2462e-01
8.1800e-01
8.2489e-01
8.2174e-01
8.2452e-01
8.2780e-01
8.2744e-01
8.2747e-01
8.1966e-01
8.2643e-01
8.2190e-01
8.2535e-01
8.2351e-01
8.2185e-01
8.2528e-01
8.2425e-01
8.2402e-01
8.1998e-01
8.2436e-01
8.2374e-01
8.3010e-01
8.2583e-01
8.2338e-01
8.2361e-01
8.2605e-01
8.2596e-01
8.2886e-01
8.2316e-01
8.2510e-01
8.2059e-01
8.1902e-01
8.2665e-01
7.8465e-01
8.2932e-01
8.2321e-01
8.2526e-01
8.2927e-01
8.2105e-01
8.2467e-01
8.2400e-01
8.2422e-01
8.2860e-01
8.2405e-01
8.2576e-01
8.1969e-01
8.2552e-01
8.2368e-01
8.2297e-01
8.2765e-01
8.3019e-01
8.2621e-01
8.2166e-01
8.2126e-01
8.2712e-01
8.2753e-01
8.2288e-01
8.2290e-01
8.2581e-01
8.2458e-01
8.2391e-01
8.2042e-01
8.2231e-01
8.2630e-01
8.2188e-01
8.2335e-01
8.2505e-01
8.2356e-01
8.2548e-01
8.2555e-01
8.2799e-01
8.2514e-01
8.2695e-01
8.2639e-01
8.2362e-01
8.2303e-01
8.2152e-01
8.2553e-01
8.2386e-01
8.2294e-01
8.2549e-01
8.2771e-01
8.2517e-01
8.2809e-01
8.2340e-01
8.1950e-01
8.2594e-01
8.2621e-01
8.2247e-01
8.2622e-01
8.2515e-01
8.2550e-01
8.2760e-01
8.2743e-01
8.2405e-01
8.2439e-01
8.2640e-01
8.2629e-01
8.2285e-01
8.2407e-01
8.2894e-01
8.2163e-01
8.2310e-01
8.2572e-01
8.0035e-01
8.2671e-01
8.2487e-01
8.2205e-01
8.2030e-01
8.1928e-01
8.2029e-01
8.3048e-01
8.2466e-01
8.2415e-01
8.2737e-01
8.1955e-01
8.2522e-01
8.2478e-01
8.2067e-01
8.0421e-01
8.2339e-01
8.2395e-01
8.2301e-01
8.2278e-01
8.2451e-01
8.2680e-01
8.2119e-01
8.2303e-01
8.2584e-01
8.2830e-01
8.2082e-01
8.2704e-01
8.2646e-01
8.2582e-01
8.2401e-01
8.2169e-01
8.2319e-01
8.2319e-01
8.2609e-01
8.2450e-01
8.2363e-01
8.1944e-01
8.2478e-01
8.2747e-01
8.2779e-01
8.2588e-01
8.2183e-01
8.1967e-01
8.2266e-01
8.2779e-01
8.2325e-01
8.2458e-01
8.2692e-01
8.2200e-01
8.1916e-01
8.2436e-01
8.2343e-01
8.2494e-01
8.2059e-01
8.2645e-01
8.2608e-01
8.2262e-01
8.2537e-01
8.2567e-01
8.2269e-01
8.2509e-01
8.2292e-01
8.2420e-01
8.2262e-01
8.2544e-01
8.1788e-01
8.2311e-01
8.1883e-01
8.2272e-01
8.2395e-01
8.2480e-01
8.2150e-01
8.2673e-01
8.2076e-01
8.2856e-01
8.2796e-01
8.2708e-01
8.2534e-01
8.2425e-01
8.1969e-01
8.2906e-01
8.2730e-01
8.2799e-01
8.2661e-01
8.2490e-01
8.2229e-01
8.2086e-01
8.2136e-01
8.2913e-01
8.1672e-01
8.2092e-01
8.2548e-01
8.2594e-01
8.2620e-01
8.2284e-01
8.2337e-01
8.2811e-01
8.2177e-01
8.2406e-01
8.2044e-01
8.2705e-01
8.2550e-01
8.2374e-01
8.2214e-01
8.2471e-01
8.2372e-01
8.2637e-01
8.2047e-01
8.2504e-01
8.2318e-01
8.2785e-01
8.2470e-01
8.2135e-01
8.2854e-01
8.1884e-01
8.2622e-01
8.2522e-01
8.2448e-01
8.2416e-01
8.2349e-01
8.2116e-01
8.2932e-01
8.2529e-01
8.2520e-01
8.2526e-01
8.2819e-01
8.2521e-01
8.2490e-01
8.1980e-01
8.2553e-01
8.2211e-01
8.2553e-01
8.2489e-01
8.2415e-01
8.2416e-01
8.2503e-01
8.2363e-01
8.2406e-01
8.2746e-01
8.2356e-01
8.2600e-01
8.2683e-01
8.2602e-01
8.2271e-01
8.2817e-01
8.2607e-01
8.2127e-01
8.2273e-01
8.2311e-01
8.2755e-01
8.2685e-01
8.2398e-01
8.2322e-01
8.2319e-01
8.2275e-01
8.1996e-01
8.2146e-01
8.2440e-01
8.2338e-01
8.2347e-01
8.1976e-01
8.1888e-01
8.2479e-01
8.2678e-01
8.2577e-01
8.2370e-01
8.2485e-01
8.2461e-01
8.2081e-01
8.2548e-01
8.2527e-01
8.2286e-01
8.1988e-01
8.2490e-01
8.2532e-01
8.2063e-01
8.2069e-01
8.2123e-01
8.1954e-01
8.2348e-01
8.2316e-01
8.2882e-01
8.2833e-01
8.2572e-01
8.2267e-01
8.2083e-01
8.2271e-01
8.2303e-01
8.2458e-01
8.2355e-01
8.2668e-01
8.2917e-01
8.2411e-01
8.2396e-01
8.2346e-01
8.2324e-01
8.2665e-01
8.2442e-01
8.2217e-01
8.1844e-01
8.2345e-01
8.2128e-01
8.2635e-01
8.2429e-01
8.1971e-01
8.2633e-01
8.2588e-01
8.2771e-01
8.2423e-01
8.2084e-01
8.2507e-01
8.2284e-01
8.2208e-01
8.2811e-01
8.2432e-01
8.2509e-01
8.2725e-01
8.2475e-01
8.2183e-01
8.2644e-01
8.1990e-01
8.2525e-01
8.2558e-01
8.2248e-01
8.2171e-01
8.2706e-01
8.2365e-01
8.2263e-01
8.2383e-01
8.2543e-01
8.2179e-01
8.2137e-01
8.2586e-01
8.2182e-01
8.2310e-01
8.2557e-01
8.2223e-01
8.2633e-01
8.2574e-01
8.2488e-01
8.2303e-01
8.2743e-01
8.1022e-01
8.2124e-01
8.2798e-01
8.2414e-01
8.2223e-01
8.2454e-01
8.2736e-01
8.3017e-01
8.2169e-01
8.2121e-01
8.2570e-01
8.2550e-01
8.2588e-01
8.2419e-01
8.2502e-01
8.2458e-01
8.2208e-01
8.2260e-01
8.2361e-01
8.2400e-01
8.2393e-01
8.2775e-01
8.2273e-01
8.2311e-01
8.2455e-01
8.2107e-01
8.2518e-01
8.2141e-01
8.2555e-01
8.2604e-01
8.2369e-01
8.2068e-01
8.2655e-01
8.2356e-01
8.2232e-01
8.2787e-01
8.2586e-01
8.2542e-01
8.2894e-01
8.2363e-01
8.2957e-01
8.2393e-01
8.2467e-01
8.2214e-01
8.2936e-01
8.2309e-01
8.2279e-01
8.2526e-01
8.1818e-01
8.2653e-01
8.1845e-01
8.2516e-01
8.2258e-01
8.2604e-01
8.2174e-01
8.2479e-01
8.2288e-01
8.2706e-01
8.2439e-01
8.2171e-01
8.2328e-01
8.2557e-01
8.1675e-01
8.2147e-01
8.2489e-01
8.2363e-01
8.2376e-01
8.2725e-01
8.2630e-01
8.2899e-01
8.2387e-01
8.2389e-01
8.2704e-01
8.2246e-01
8.2673e-01
8.2842e-01
8.2183e-01
8.2375e-01
8.2389e-01
8.2624e-01
8.2554e-01
8.2592e-01
8.2326e-01
8.2307e-01
8.2509e-01
8.1686e-01
8.2550e-01
8.2351e-01
8.2321e-01
8.2449e-01
8.2155e-01
8.2206e-01
8.2606e-01
8.1150e-01
8.2364e-01
8.1962e-01
8.2844e-01
8.2088e-01
8.2824e-01
8.1971e-01
8.2236e-01
8.2603e-01
8.2461e-01
8.2097e-01
8.2428e-01
8.2073e-01
8.2575e-01
8.2225e-01
8.2404e-01
8.2129e-01
8.2388e-01
8.2238e-01
8.1947e-01
8.2734e-01
8.2055e-01
8.2597e-01
8.1840e-01
8.2310e-01
8.2448e-01
8.2522e-01
8.2437e-01
8.2368e-01
8.2476e-01
8.2043e-01
8.2700e-01
8.2248e-01
8.2063e-01
8.2503e-01
8.2392e-01
8.2635e-01
8.2649e-01
8.2374e-01
8.2214e-01
8.2548e-01
8.2182e-01
8.2496e-01
8.2391e-01
8.2890e-01
8.2119e-01
8.1898e-01
8.2771e-01
8.2723e-01
7.7258e-01
8.1986e-01
8.2033e-01
8.2656e-01
8.2318e-01
8.2478e-01
8.2804e-01
8.2270e-01
8.2503e-01
8.2676e-01
8.2131e-01
8.2319e-01
8.2476e-01
8.2280e-01
8.2371e-01
8.2412e-01
8.2588e-01
8.3091e-01
8.2519e-01
8.1996e-01
8.2347e-01
8.2329e-01
8.2838e-01
8.2020e-01
8.1897e-01
8.2677e-01
8.2505e-01
8.2386e-01
7.9495e-01
8.2395e-01
8.2452e-01
8.2199e-01
8.2668e-01
8.2817e-01
8.2435e-01
8.2836e-01
8.2186e-01
8.2478e-01
8.2740e-01
8.2421e-01
8.2685e-01
8.2823e-01
8.2280e-01
8.2788e-01
8.2432e-01
8.2278e-01
8.2398e-01
8.2406e-01
8.2431e-01
8.2570e-01
8.2654e-01
8.2299e-01
8.2419e-01
8.2555e-01
8.2282e-01
8.2692e-01
8.2482e-01
8.2213e-01
8.2531e-01
8.2604e-01
8.2326e-01
8.2051e-01
8.2025e-01
8.2771e-01
8.2171e-01
8.2568e-01
8.2356e-01
8.2621e-01
8.2485e-01
8.2617e-01
8.2232e-01
8.2680e-01
8.2152e-01
8.2038e-01
8.2757e-01
8.2378e-01
8.2173e-01
8.2243e-01
8.2458e-01
8.2480e-01
8.2400e-01
8.2363e-01
8.2764e-01
8.2287e-01
8.2633e-01
8.2820e-01
8.2350e-01
8.2540e-01
8.2414e-01
8.1960e-01
8.1928e-01
8.2364e-01
8.2283e-01
8.2476e-01
8.2575e-01
8.2424e-01
8.2517e-01
8.2512e-01
8.2016e-01
8.2212e-01
8.2431e-01
8.2325e-01
8.2507e-01
8.2191e-01
8.2631e-01
8.2289e-01
8.2674e-01
8.2236e-01
8.2068e-01
8.2528e-01
8.2458e-01
8.2540e-01
8.2540e-01
8.2697e-01
8.2000e-01
8.2387e-01
8.2424e-01
8.2476e-01
8.2559e-01
8.2187e-01
8.2451e-01
8.2412e-01
8.2365e-01
8.2241e-01
8.2649e-01
8.2220e-01
8.2698e-01
8.2288e-01
8.2402e-01
8.2371e-01
8.2157e-01
8.2141e-01
8.2316e-01
8.2476e-01
8.2802e-01
8.2443e-01
8.2437e-01
8.2587e-01
7.8272e-01
8.2539e-01
8.2011e-01
8.2402e-01
8.2553e-01
8.2550e-01
8.2896e-01
7.9162e-01
8.2520e-01
8.1859e-01
8.2775e-01
8.2579e-01
8.2032e-01
8.2296e-01
8.2725e-01
8.2255e-01
8.2604e-01
8.2284e-01
8.2402e-01
8.2780e-01
8.2001e-01
8.2520e-01
8.2056e-01
8.2618e-01
8.2260e-01
8.2164e-01
8.2380e-01
8.2707e-01
8.2477e-01
8.2374e-01
8.2066e-01
8.2547e-01
8.2268e-01
8.2452e-01
8.2409e-01
8.2590e-01
8.2158e-01
8.2009e-01
8.1996e-01
8.2416e-01
8.2340e-01
8.2647e-01
8.2096e-01
8.2755e-01
8.2342e-01
8.2368e-01
8.2010e-01
8.1731e-01
8.2557e-01
8.2709e-01
8.2247e-01
8.2677e-01
8.2057e-01
8.2949e-01
8.1697e-01
8.2425e-01
8.2739e-01
8.2450e-01
8.2171e-01
8.2387e-01
8.2362e-01
8.2945e-01
8.2806e-01
8.2776e-01
8.2689e-01
8.0158e-01
8.2617e-01
8.2341e-01
8.2034e-01
8.1965e-01
8.2304e-01
8.1995e-01
8.2824e-01
8.2831e-01
8.2022e-01
8.2518e-01
8.2725e-01
8.2802e-01
8.2021e-01
8.2494e-01
8.2284e-01
8.2160e-01
8.2642e-01
8.2328e-01
8.2340e-01
8.2242e-01
8.2195e-01
8.2244e-01
8.2515e-01
8.2025e-01
8.2740e-01
8.2516e-01
8.2838e-01
8.2411e-01
8.1935e-01
8.2475e-01
8.2455e-01
8.2296e-01
8.2632e-01
8.2381e-01
8.2787e-01
8.2563e-01
8.2467e-01
8.2725e-01
8.2415e-01
8.2454e-01
8.2496e-01
8.1955e-01
8.2496e-01
8.2409e-01
8.2055e-01
8.2251e-01
8.2356e-01
8.2686e-01
8.3057e-01
8.2408e-01
8.2450e-01
8.1908e-01
8.2705e-01
8.2423e-01
8.2720e-01
8.2063e-01
8.2263e-01
8.2453e-01
8.2246e-01
8.2227e-01
8.2810e-01
8.2470e-01
8.2386e-01
8.2396e-01
8.1687e-01
8.2108e-01
8.2174e-01
8.2304e-01
8.2626e-01
8.2432e-01
8.2330e-01
8.1925e-01
8.2612e-01
8.2313e-01
8.2245e-01
8.2247e-01
8.2786e-01
8.2413e-01
8.2659e-01
8.2932e-01
8.2426e-01
8.2540e-01
8.2430e-01
8.2390e-01
8.1885e-01
8.2160e-01
8.2030e-01
8.2810e-01
8.2467e-01
8.2147e-01
8.2788e-01
8.2731e-01
8.2272e-01
8.2259e-01
8.2437e-01
8.2222e-01
8.2414e-01
8.2459e-01
8.2081e-01
8.2474e-01
8.2724e-01
8.2511e-01
8.2452e-01
8.2452e-01
8.2250e-01
8.2311e-01
8.2479e-01
8.2117e-01
8.2161e-01
8.2544e-01
8.2253e-01
8.2434e-01
8.2461e-01
8.2326e-01
8.2442e-01
8.2709e-01
8.2390e-01
8.2335e-01
8.2581e-01
8.1880e-01
8.2632e-01
8.2221e-01
8.2034e-01
8.2808e-01
8.2654e-01
8.2758e-01
8.2538e-01
8.2652e-01
8.2287e-01
8.2270e-01
8.1823e-01
8.2487e-01
8.2780e-01
8.1816e-01
8.2639e-01
8.2276e-01
8.2531e-01
8.2275e-01
8.2442e-01
8.2217e-01
8.2577e-01
8.2404e-01
8.2762e-01
8.2828e-01
8.2409e-01
8.2243e-01
8.2299e-01
8.2230e-01
8.2608e-01
8.2273e-01
8.2195e-01
8.2055e-01
8.2412e-01
8.2234e-01
8.2446e-01
8.2603e-01
8.2132e-01
8.2011e-01
8.2830e-01
8.2373e-01
8.2608e-01
8.2280e-01
8.2781e-01
8.2320e-01
8.2365e-01
8.2046e-01
8.2495e-01
8.2183e-01
8.3061e-01
8.2155e-01
8.2138e-01
8.2653e-01
8.2086e-01
8.2181e-01
8.2201e-01
8.2103e-01
8.2640e-01
8.2568e-01
8.2523e-01
8.2860e-01
8.2690e-01
