8.5115e-01
8.6087e-01
8.5467e-01
8.5061e-01
8.6860e-01
8.6064e-01
8.6118e-01
8.5371e-01
8.5633e-01
8.5932e-01
8.6357e-01
8.6249e-01
8.5738e-01
8.3888e-01
8.7785e-01
8.6767e-01
8.6178e-01
8.8429e-01
8.6132e-01
8.5974e-01
8.6406e-01
8.5961e-01
8.6440e-01
8.5622e-01
8.6004e-01
8.6131e-01
8.6199e-01
8.5443e-01
8.5953e-01
8.3997e-01
8.8005e-01
8.4954e-01
8.4190e-01
8.6771e-01
8.6273e-01
8.6717e-01
8.8172e-01
8.4866e-01
8.5336e-01
8.6473e-01
8.5696e-01
8.6148e-01
8.6777e-01
8.6450e-01
8.7914e-01
8.5106e-01
8.6187e-01
8.3964e-01
8.5815e-01
8.7203e-01
8.6647e-01
8.5355e-01
8.5013e-01
8.5667e-01
8.5445e-01
8.4441e-01
8.5566e-01
8.4082e-01
8.5652e-01
8.4657e-01
8.8932e-01
8.5551e-01
8.4636e-01
8.5791e-01
8.6679e-01
8.4749e-01
8.4241e-01
8.7169e-01
8.5830e-01
8.3820e-01
8.6236e-01
8.5984e-01
8.4180e-01
8.2633e-01
8.5614e-01
8.5741e-01
8.4427e-01
8.7163e-01
8.4673e-01
8.4686e-01
8.7094e-01
8.6042e-01
8.5313e-01
8.4501e-01
8.5455e-01
8.7707e-01
8.6027e-01
8.5217e-01
8.5244e-01
8.7277e-01
8.5944e-01
8.3813e-01
8.5768e-01
8.7253e-01
8.5034e-01
8.5717e-01
8.5492e-01
8.6306e-01
8.5594e-01
8.5362e-01
8.6885e-01
8.4834e-01
8.6390e-01
8.5148e-01
8.6081e-01
8.6422e-01
8.4569e-01
8.4754e-01
8.5967e-01
8.6493e-01
8.6997e-01
8.6646e-01
8.3409e-01
8.6103e-01
8.4232e-01
8.6186e-01
8.5372e-01
8.5857e-01
8.6404e-01
8.4866e-01
8.5975e-01
8.5880e-01
8.7224e-01
8.6158e-01
8.6229e-01
8.5126e-01
8.4587e-01
8.5373e-01
8.5291e-01
8.6047e-01
8.4667e-01
8.6463e-01
8.4252e-01
8.5442e-01
8.6049e-01
8.6059e-01
8.4937e-01
8.4946e-01
8.4897e-01
8.5871e-01
8.7149e-01
8.5830e-01
8.5323e-01
8.6807e-01
8.3805e-01
8.7415e-01
8.5734e-01
8.6377e-01
8.6932e-01
8.4454e-01
8.3457e-01
8.7132e-01
8.5051e-01
8.5550e-01
8.5828e-01
8.7382e-01
8.7434e-01
8.3944e-01
8.4758e-01
8.5001e-01
8.6601e-01
8.3283e-01
8.4686e-01
8.7735e-01
8.6958e-01
8.5543e-01
8.3267e-01
8.6804e-01
8.5778e-01
8.6230e-01
8.7906e-01
8.5615e-01
8.5617e-01
8.4608e-01
8.4874e-01
8.5901e-01
8.6623e-01
8.6432e-01
8.6656e-01
8.6196e-01
8.6112e-01
8.4915e-01
8.5099e-01
8.5398e-01
8.6419e-01
8.6194e-01
8.5528e-01
8.6696e-01
8.6242e-01
8.6962e-01
8.4169e-01
8.4760e-01
8.6188e-01
8.5809e-01
8.6518e-01
8.5852e-01
8.5528e-01
8.3990e-01
8.5152e-01
8.5901e-01
8.6564e-01
8.5056e-01
8.5123e-01
8.6515e-01
8.4070e-01
8.6249e-01
8.5234e-01
8.4354e-01
8.6556e-01
8.5216e-01
8.3917e-01
8.5700e-01
8.6584e-01
8.8003e-01
8.5940e-01
8.4556e-01
8.6033e-01
8.5704e-01
8.6200e-01
8.5500e-01
8.6608e-01
8.5176e-01
8.5054e-01
8.5065e-01
8.5473e-01
8.2718e-01
8.5883e-01
8.6693e-01
8.5332e-01
8.5726e-01
8.4639e-01
8.5099e-01
8.5625e-01
8.4796e-01
8.5766e-01
8.5114e-01
8.5995e-01
8.6430e-01
8.5077e-01
8.5185e-01
8.5909e-01
8.5587e-01
8.5223e-01
8.5200e-01
8.6289e-01
8.4047e-01
8.4753e-01
8.5214e-01
8.5781e-01
8.6988e-01
8.5236e-01
8.5874e-01
8.5032e-01
8.6372e-01
8.6250e-01
8.5887e-01
8.4804e-01
8.5316e-01
8.6382e-01
8.7064e-01
8.5567e-01
8.6545e-01
8.4949e-01
8.5844e-01
8.4855e-01
8.6685e-01
8.6388e-01
8.5757e-01
8.7239e-01
8.4746e-01
8.5450e-01
8.5992e-01
8.5658e-01
8.5201e-01
8.6385e-01
8.5852e-01
8.6432e-01
8.6805e-01
8.6285e-01
8.6055e-01
8.7414e-01
8.4168e-01
8.5672e-01
8.5471e-01
8.5992e-01
8.4689e-01
8.5450e-01
8.5481e-01
8.3880e-01
8.5900e-01
8.5305e-01
8.5678e-01
8.6795e-01
8.6101e-01
8.4175e-01
8.5208e-01
8.6634e-01
8.5840e-01
8.5825e-01
8.5091e-01
8.7024e-01
8.5557e-01
8.6339e-01
8.6158e-01
8.5492e-01
8.4318e-01
8.4690e-01
8.6343e-01
8.6024e-01
8.5109e-01
8.5281e-01
8.5554e-01
8.7384e-01
8.4693e-01
8.5579e-01
8.5238e-01
8.6672e-01
8.5706e-01
8.7006e-01
8.6051e-01
8.6479e-01
8.5332e-01
8.5265e-01
8.5077e-01
8.5662e-01
8.5379e-01
8.5472e-01
8.5223e-01
8.6367e-01
8.5441e-01
8.6054e-01
8.4235e-01
8.5937e-01
8.5985e-01
8.5093e-01
8.4530e-01
8.6014e-01
8.7959e-01
8.5706e-01
8.6123e-01
8.5427e-01
8.4575e-01
8.5031e-01
8.6105e-01
8.6104e-01
8.4964e-01
8.3475e-01
8.4969e-01
8.4067e-01
8.6351e-01
8.5332e-01
8.5548e-01
8.6703e-01
8.7124e-01
8.5082e-01
8.6044e-01
8.6864e-01
8.3827e-01
8.4852e-01
8.5588e-01
8.4780e-01
8.7446e-01
8.4783e-01
8.5349e-01
8.6422e-01
8.7250e-01
8.5174e-01
8.6075e-01
8.4289e-01
8.4732e-01
8.5622e-01
8.6630e-01
8.5161e-01
8.6089e-01
8.5062e-01
8.5228e-01
8.5933e-01
8.5061e-01
8.5392e-01
8.5733e-01
8.3888e-01
8.5351e-01
8.5255e-01
8.7207e-01
8.6913e-01
8.5553e-01
8.4218e-01
8.4135e-01
8.7148e-01
8.6757e-01
8.5034e-01
8.5042e-01
8.5097e-01
8.4743e-01
8.6744e-01
8.7215e-01
8.6037e-01
8.5870e-01
8.5385e-01
8.6425e-01
8.4930e-01
8.6074e-01
8.6500e-01
8.6719e-01
8.5602e-01
8.5544e-01
8.6833e-01
8.5792e-01
8.7263e-01
8.5806e-01
8.5309e-01
8.4203e-01
8.4629e-01
8.6478e-01
8.3264e-01
8.4835e-01
8.5762e-01
8.5234e-01
8.5903e-01
8.5948e-01
8.6484e-01
8.5920e-01
8.6863e-01
7.7924e-01
8.5881e-01
8.5381e-01
8.6304e-01
8.6203e-01
8.6409e-01
8.4775e-01
8.7935e-01
8.6753e-01
8.5672e-01
8.4365e-01
8.4017e-01
8.4625e-01
8.6004e-01
8.5936e-01
8.4927e-01
8.4467e-01
8.5590e-01
8.5551e-01
8.5977e-01
8.5859e-01
8.5401e-01
8.5562e-01
8.7088e-01
8.4114e-01
8.5366e-01
8.7198e-01
8.5062e-01
8.6957e-01
8.6369e-01
8.4790e-01
8.4720e-01
8.5777e-01
8.3904e-01
8.7115e-01
8.6138e-01
8.5317e-01
8.4004e-01
8.6200e-01
8.4059e-01
8.6122e-01
8.3964e-01
8.7162e-01
8.3336e-01
8.7414e-01
8.4613e-01
8.6132e-01
8.3991e-01
8.6588e-01
8.5606e-01
8.4470e-01
8.5935e-01
8.6852e-01
8.5430e-01
8.4426e-01
8.4533e-01
8.3910e-01
8.5333e-01
8.6073e-01
8.6703e-01
8.5534e-01
8.7014e-01
8.6128e-01
8.4379e-01
8.5433e-01
8.6075e-01
8.6282e-01
8.4715e-01
8.6225e-01
8.5213e-01
8.7672e-01
8.6120e-01
8.5840e-01
8.4971e-01
8.4867e-01
8.7989e-01
8.4695e-01
8.6976e-01
8.5832e-01
8.5832e-01
8.3553e-01
8.4974e-01
8.6980e-01
8.5528e-01
8.5443e-01
8.5478e-01
8.5553e-01
8.6221e-01
8.5198e-01
8.6024e-01
8.6366e-01
8.6702e-01
8.5281e-01
8.5302e-01
8.4889e-01
8.5436e-01
8.6105e-01
8.6539e-01
8.5599e-01
8.5812e-01
8.6562e-01
8.5449e-01
8.4474e-01
8.5657e-01
8.6169e-01
8.5893e-01
8.2930e-01
8.5469e-01
8.5800e-01
8.5105e-01
8.6310e-01
8.5736e-01
8.5234e-01
8.4808e-01
8.6247e-01
8.6634e-01
8.6376e-01
8.4958e-01
8.5833e-01
8.4570e-01
8.5979e-01
8.6642e-01
8.7540e-01
8.7336e-01
8.6825e-01
8.6608e-01
8.5968e-01
8.5983e-01
8.6579e-01
8.6224e-01
8.5568e-01
8.5365e-01
7.1534e-01
8.6048e-01
8.4289e-01
8.6217e-01
8.5196e-01
8.5689e-01
8.6694e-01
8.5974e-01
8.4424e-01
8.4355e-01
8.4453e-01
8.5145e-01
8.4833e-01
8.4128e-01
8.6197e-01
8.5895e-01
8.7257e-01
8.4473e-01
8.4065e-01
8.6327e-01
8.4484e-01
8.6181e-01
8.4750e-01
8.6090e-01
8.6917e-01
8.6723e-01
8.5494e-01
8.6226e-01
8.5008e-01
8.5325e-01
8.4703e-01
8.4454e-01
8.5532e-01
8.5500e-01
8.5732e-01
8.4836e-01
8.6261e-01
8.5759e-01
8.4366e-01
8.6295e-01
8.6404e-01
8.6411e-01
8.7181e-01
8.4844e-01
8.5029e-01
8.6502e-01
8.5571e-01
8.5263e-01
8.5106e-01
8.5485e-01
8.6306e-01
8.6748e-01
8.4771e-01
8.5666e-01
8.5927e-01
8.7053e-01
8.5135e-01
8.5876e-01
8.5469e-01
8.7658e-01
8.6847e-01
8.6637e-01
8.5494e-01
8.4793e-01
8.5345e-01
8.4740e-01
8.6555e-01
8.5225e-01
8.6638e-01
8.6188e-01
8.4855e-01
8.3204e-01
8.5785e-01
8.6592e-01
8.5016e-01
8.5851e-01
8.5777e-01
8.6051e-01
8.4188e-01
8.5645e-01
8.5969e-01
8.5865e-01
8.5213e-01
8.5099e-01
8.6502e-01
8.4375e-01
8.5752e-01
8.5235e-01
8.5341e-01
8.6488e-01
8.6444e-01
8.8026e-01
8.4379e-01
8.4051e-01
8.3816e-01
8.6066e-01
8.5384e-01
8.5491e-01
8.5993e-01
8.6170e-01
8.5363e-01
8.5584e-01
8.4144e-01
8.5905e-01
8.6114e-01
8.6521e-01
8.4467e-01
8.6622e-01
8.7130e-01
8.5916e-01
8.7420e-01
8.5621e-01
8.6191e-01
8.6454e-01
8.4826e-01
8.3579e-01
8.6080e-01
8.6295e-01
8.5624e-01
8.5986e-01
8.4735e-01
8.5368e-01
8.5655e-01
8.5586e-01
8.6721e-01
8.6992e-01
8.6443e-01
8.5944e-01
8.6120e-01
8.5171e-01
8.6517e-01
8.5420e-01
8.5735e-01
8.3340e-01
8.5661e-01
8.6246e-01
8.6436e-01
8.5423e-01
8.7404e-01
8.4669e-01
8.5838e-01
8.5629e-01
8.5871e-01
8.7084e-01
8.7560e-01
8.8568e-01
8.3929e-01
8.5157e-01
8.5687e-01
8.5918e-01
8.1500e-01
8.5328e-01
8.4955e-01
8.5671e-01
8.4740e-01
8.5381e-01
8.5502e-01
8.5027e-01
8.7274e-01
8.4673e-01
8.4647e-01
8.4347e-01
8.5244e-01
8.6553e-01
8.4655e-01
8.5163e-01
8.6557e-01
8.7801e-01
8.5521e-01
8.7198e-01
8.7140e-01
8.5439e-01
8.5786e-01
8.5736e-01
8.4950e-01
8.4382e-01
8.5585e-01
8.4589e-01
8.6498e-01
8.5872e-01
8.5668e-01
8.5628e-01
8.6957e-01
8.5297e-01
8.6870e-01
8.5158e-01
8.6129e-01
8.6595e-01
8.6128e-01
8.6718e-01
8.4457e-01
8.5074e-01
8.4934e-01
8.6710e-01
8.7178e-01
8.4817e-01
8.6446e-01
8.5244e-01
8.5004e-01
8.4980e-01
8.5583e-01
8.6845e-01
8.5079e-01
8.6145e-01
8.5387e-01
8.5714e-01
8.6671e-01
8.5166e-01
8.1477e-01
8.4635e-01
8.5645e-01
8.4792e-01
8.4984e-01
8.7104e-01
8.4880e-01
8.5592e-01
8.2872e-01
8.5067e-01
8.4368e-01
8.6511e-01
8.5579e-01
8.6538e-01
8.4989e-01
8.5001e-01
8.4666e-01
8.5792e-01
8.1152e-01
8.4513e-01
8.5232e-01
8.3262e-01
8.6666e-01
8.4042e-01
8.6374e-01
8.4095e-01
8.7077e-01
8.5240e-01
8.4862e-01
8.5129e-01
8.5339e-01
8.4678e-01
8.5199e-01
8.5570e-01
8.7042e-01
8.5338e-01
8.5012e-01
8.6271e-01
8.6247e-01
8.5315e-01
8.4755e-01
8.4006e-01
8.4346e-01
8.7002e-01
8.6666e-01
8.5877e-01
8.5975e-01
8.5091e-01
8.4981e-01
8.6033e-01
8.5680e-01
8.5339e-01
8.5614e-01
8.5119e-01
8.6161e-01
8.6170e-01
8.6490e-01
8.5313e-01
8.5394e-01
8.5410e-01
8.5208e-01
8.4312e-01
8.6048e-01
8.5753e-01
8.7974e-01
8.0119e-01
8.4648e-01
8.5888e-01
8.6875e-01
8.5716e-01
8.5433e-01
8.5193e-01
8.5057e-01
8.5968e-01
8.6239e-01
8.4814e-01
8.5835e-01
8.5554e-01
8.5095e-01
8.6017e-01
8.6598e-01
8.6528e-01
8.4438e-01
8.7152e-01
8.5457e-01
8.5836e-01
8.5417e-01
8.4751e-01
8.6168e-01
8.5466e-01
8.7261e-01
8.5402e-01
8.5166e-01
8.4728e-01
8.5360e-01
8.7818e-01
8.5485e-01
8.5111e-01
8.5952e-01
8.6986e-01
8.5423e-01
8.5060e-01
8.5877e-01
8.5855e-01
8.4423e-01
8.6281e-01
8.4235e-01
8.5407e-01
8.7136e-01
8.6825e-01
8.4862e-01
8.5258e-01
8.4602e-01
8.5975e-01
8.5640e-01
8.5247e-01
8.6508e-01
8.6588e-01
8.5155e-01
8.6443e-01
8.5595e-01
8.5222e-01
8.5970e-01
8.3515e-01
8.6130e-01
8.5061e-01
8.4883e-01
8.3508e-01
8.6631e-01
8.6012e-01
8.4931e-01
8.4411e-01
8.4105e-01
8.5849e-01
8.4842e-01
8.5497e-01
8.6568e-01
8.5598e-01
8.5427e-01
8.5572e-01
8.5506e-01
8.6481e-01
8.7033e-01
8.5542e-01
8.3387e-01
8.5844e-01
8.5810e-01
8.6334e-01
8.5778e-01
8.5570e-01
8.5795e-01
8.6040e-01
8.6401e-01
8.5069e-01
8.5040e-01
8.6764e-01
8.6456e-01
8.6464e-01
8.6815e-01
8.4478e-01
8.3793e-01
8.5803e-01
8.6244e-01
8.5447e-01
8.6847e-01
8.4111e-01
8.5197e-01
8.6288e-01
8.6601e-01
8.5975e-01
8.5314e-01
8.5477e-01
8.6765e-01
8.6427e-01
8.5215e-01
8.4197e-01
8.4419e-01
8.5513e-01
8.5650e-01
8.6125e-01
8.5332e-01
8.5034e-01
8.5234e-01
8.6845e-01
8.5185e-01
8.6554e-01
8.4249e-01
8.6686e-01
8.6024e-01
8.5936e-01
8.5429e-01
8.4142e-01
8.2527e-01
8.6916e-01
8.6965e-01
8.7058e-01
8.7029e-01
8.6024e-01
9.0000e-01
8.4700e-01
8.4787e-01
8.5899e-01
8.5198e-01
8.5643e-01
8.5241e-01
8.6432e-01
8.4977e-01
8.5504e-01
8.5181e-01
8.5429e-01
8.6308e-01
8.5798e-01
8.6651e-01
8.6473e-01
8.6216e-01
8.5627e-01
8.4280e-01
8.4840e-01
8.6480e-01
8.6038e-01
7.7260e-01
8.5722e-01
8.6753e-01
8.5919e-01
8.6971e-01
8.5284e-01
8.5593e-01
8.5632e-01
8.4795e-01
8.5138e-01
8.6039e-01
8.4834e-01
8.6135e-01
8.4574e-01
8.5913e-01
8.5575e-01
8.5314e-01
