8.2105e-01
8.1811e-01
8.1846e-01
8.1674e-01
8.1333e-01
8.1617e-01
8.1782e-01
8.1668e-01
8.1555e-01
8.1944e-01
8.2053e-01
8.1698e-01
8.2250e-01
8.1481e-01
8.1739e-01
8.1630e-01
8.2199e-01
8.1824e-01
8.1768e-01
8.2209e-01
8.1664e-01
8.1810e-01
8.2252e-01
8.1786e-01
8.2171e-01
8.1878e-01
8.1333e-01
8.1768e-01
8.1521e-01
8.1979e-01
8.1985e-01
8.1800e-01
8.1845e-01
8.1866e-01
8.1998e-01
8.1003e-01
8.1303e-01
8.1782e-01
8.1732e-01
8.1750e-01
8.1780e-01
8.1529e-01
8.1375e-01
8.2046e-01
8.2039e-01
8.1897e-01
8.1634e-01
8.2149e-01
8.1531e-01
8.1766e-01
8.1666e-01
8.1937e-01
8.2104e-01
8.1731e-01
8.1654e-01
8.1554e-01
8.1650e-01
8.1622e-01
8.2313e-01
8.1797e-01
8.1988e-01
8.1658e-01
8.1762e-01
8.1723e-01
8.1561e-01
8.1806e-01
8.1512e-01
8.1117e-01
8.1995e-01
8.1431e-01
8.1947e-01
8.1367e-01
8.1441e-01
8.1992e-01
8.1813e-01
8.2335e-01
8.2060e-01
8.1839e-01
8.1425e-01
8.1688e-01
8.1451e-01
7.6560e-01
8.1222e-01
8.1675e-01
8.1654e-01
8.2226e-01
8.2018e-01
8.1697e-01
8.2221e-01
8.1866e-01
8.1423e-01
8.1752e-01
8.1779e-01
8.1969e-01
8.1701e-01
8.1675e-01
8.1921e-01
8.1948e-01
8.1650e-01
8.1744e-01
8.1932e-01
8.1770e-01
8.1978e-01
8.1879e-01
8.2262e-01
8.1665e-01
8.1639e-01
8.1791e-01
8.2069e-01
8.2022e-01
8.1729e-01
8.1522e-01
8.1684e-01
8.0188e-01
8.1925e-01
8.1756e-01
8.1250e-01
8.1320e-01
8.1500e-01
8.1996e-01
8.1127e-01
8.1910e-01
8.1611e-01
8.1779e-01
8.1641e-01
8.1721e-01
8.1811e-01
8.1993e-01
8.1527e-01
8.1533e-01
8.1581e-01
8.2208e-01
8.2081e-01
8.1746e-01
8.1634e-01
8.1660e-01
8.1686e-01
7.8556e-01
8.1450e-01
8.1993e-01
8.2122e-01
8.2028e-01
8.1534e-01
8.1724e-01
8.1854e-01
8.1301e-01
8.1681e-01
8.1459e-01
8.1673e-01
8.2243e-01
8.2035e-01
8.1894e-01
8.1644e-01
8.2245e-01
8.2222e-01
8.1560e-01
8.2023e-01
8.1883e-01
8.1370e-01
8.1810e-01
8.1625e-01
8.1665e-01
8.1511e-01
8.1978e-01
8.1892e-01
8.1661e-01
8.1723e-01
8.1958e-01
8.1943e-01
8.1586e-01
8.1791e-01
8.1685e-01
8.2012e-01
8.2069e-01
8.1738e-01
8.1885e-01
8.1857e-01
8.1253e-01
8.1885e-01
8.1864e-01
8.1752e-01
8.2293e-01
8.1815e-01
8.2167e-01
8.1882e-01
8.1405e-01
8.1718e-01
8.2065e-01
8.1528e-01
8.2028e-01
8.1866e-01
8.1735e-01
8.1884e-01
8.2344e-01
8.1596e-01
8.1380e-01
8.1682e-01
8.1908e-01
8.1850e-01
8.1890e-01
7.6890e-01
8.1749e-01
8.1858e-01
8.2007e-01
8.1938e-01
8.1860e-01
8.1989e-01
8.2072e-01
8.1567e-01
8.1530e-01
8.2009e-01
8.2084e-01
8.1740e-01
8.0540e-01
8.1859e-01
8.1418e-01
8.1211e-01
8.1938e-01
8.1598e-01
8.2022e-01
8.1620e-01
8.1534e-01
8.2276e-01
8.1572e-01
8.1667e-01
7.7615e-01
7.9173e-01
8.1637e-01
8.2077e-01
8.1803e-01
8.1600e-01
8.1903e-01
8.1598e-01
8.1733e-01
7.6792e-01
8.1581e-01
8.1486e-01
8.0852e-01
8.1769e-01
8.2351e-01
8.1612e-01
8.1815e-01
8.1799e-01
8.2036e-01
8.1823e-01
8.2237e-01
8.1515e-01
8.1666e-01
8.1918e-01
8.2183e-01
8.2054e-01
8.2219e-01
8.2502e-01
8.1814e-01
8.1934e-01
8.1802e-01
8.1756e-01
8.1848e-01
8.2187e-01
8.2399e-01
8.2045e-01
8.1703e-01
8.1913e-01
8.1436e-01
8.1757e-01
8.1768e-01
8.2115e-01
8.1804e-01
8.1899e-01
8.1782e-01
8.1825e-01
8.2030e-01
8.2069e-01
8.1600e-01
8.1727e-01
8.1854e-01
8.1854e-01
8.1965e-01
8.1469e-01
8.1910e-01
8.1897e-01
8.1228e-01
8.1551e-01
8.1568e-01
8.1735e-01
8.1602e-01
8.1786e-01
8.1575e-01
8.2096e-01
8.1937e-01
8.2113e-01
8.1582e-01
8.1066e-01
8.2225e-01
8.1671e-01
8.1216e-01
8.1069e-01
8.2096e-01
8.1803e-01
8.2086e-01
8.1936e-01
8.1644e-01
8.1772e-01
8.1546e-01
8.1566e-01
8.2036e-01
8.2031e-01
8.1771e-01
8.1787e-01
8.2104e-01
8.2040e-01
8.1999e-01
8.1964e-01
8.1196e-01
8.1624e-01
8.1572e-01
8.1668e-01
8.1694e-01
8.1698e-01
8.1928e-01
8.2087e-01
8.2110e-01
7.9404e-01
8.2216e-01
8.1813e-01
8.1880e-01
8.1929e-01
8.1916e-01
8.2103e-01
8.1855e-01
8.1682e-01
8.1500e-01
8.1537e-01
8.1831e-01
8.2117e-01
8.1239e-01
8.1718e-01
8.2131e-01
8.0900e-01
8.1819e-01
8.1657e-01
8.1914e-01
8.1800e-01
8.1328e-01
8.2128e-01
8.1827e-01
8.1491e-01
8.1978e-01
8.1558e-01
8.1464e-01
8.1593e-01
8.1607e-01
8.1974e-01
8.2003e-01
8.1906e-01
8.1519e-01
8.1858e-01
8.1392e-01
8.1877e-01
8.1782e-01
8.2146e-01
8.1391e-01
8.1628e-01
8.1906e-01
8.1617e-01
8.1582e-01
8.1416e-01
8.2049e-01
7.8924e-01
8.1867e-01
8.1380e-01
8.1681e-01
8.1620e-01
8.1899e-01
8.1659e-01
8.2091e-01
8.2161e-01
8.1837e-01
8.1888e-01
8.1517e-01
8.2281e-01
8.1564e-01
8.1861e-01
8.1982e-01
8.1847e-01
8.2119e-01
8.1960e-01
8.1884e-01
8.1611e-01
8.1882e-01
8.1333e-01
8.1571e-01
8.1946e-01
8.1651e-01
8.1809e-01
8.2211e-01
8.1644e-01
8.1843e-01
8.1651e-01
8.1692e-01
8.2059e-01
8.1867e-01
8.2049e-01
8.1916e-01
8.2004e-01
8.1889e-01
8.2025e-01
8.1884e-01
8.1643e-01
8.1350e-01
8.1784e-01
8.1723e-01
8.1597e-01
8.1600e-01
8.2020e-01
8.1682e-01
8.1454e-01
8.1908e-01
8.1549e-01
8.1921e-01
8.1844e-01
8.2304e-01
8.2015e-01
8.1814e-01
8.1853e-01
8.1933e-01
8.1644e-01
8.1881e-01
8.1537e-01
8.1904e-01
8.1566e-01
8.2217e-01
8.1931e-01
8.1935e-01
8.2120e-01
8.2106e-01
8.1661e-01
8.1785e-01
8.1615e-01
8.0808e-01
8.1908e-01
8.1271e-01
8.1844e-01
8.2303e-01
8.1955e-01
8.1855e-01
8.1541e-01
8.2257e-01
8.1770e-01
8.1760e-01
8.1483e-01
8.1995e-01
8.1800e-01
8.2030e-01
8.2171e-01
8.1995e-01
8.1745e-01
8.1630e-01
8.1593e-01
8.1774e-01
8.1424e-01
8.1642e-01
8.1407e-01
8.2045e-01
8.1890e-01
8.1976e-01
8.1936e-01
8.1776e-01
8.1882e-01
8.1591e-01
8.1765e-01
8.1336e-01
8.1936e-01
8.1432e-01
8.1833e-01
8.1786e-01
8.1734e-01
8.1567e-01
8.1813e-01
8.1389e-01
8.2063e-01
8.1713e-01
8.1799e-01
8.1995e-01
8.1839e-01
8.1889e-01
8.1744e-01
8.1677e-01
8.1921e-01
8.1832e-01
8.1170e-01
8.1777e-01
8.1655e-01
8.1838e-01
8.1737e-01
8.1838e-01
8.1835e-01
8.2175e-01
8.1751e-01
8.1320e-01
8.1953e-01
8.1838e-01
8.1219e-01
8.1766e-01
8.2332e-01
8.1753e-01
8.1486e-01
8.1711e-01
8.2205e-01
8.1672e-01
8.1964e-01
8.2232e-01
8.1720e-01
8.2139e-01
8.1974e-01
8.1979e-01
8.1390e-01
8.2039e-01
8.1741e-01
7.6542e-01
8.1544e-01
8.2031e-01
8.2071e-01
8.1426e-01
8.1766e-01
8.1695e-01
8.1642e-01
8.1418e-01
8.2008e-01
8.1830e-01
8.1658e-01
8.2009e-01
8.1735e-01
8.1668e-01
8.1871e-01
8.1897e-01
8.1702e-01
8.1307e-01
8.1797e-01
8.1588e-01
8.1750e-01
8.1823e-01
8.1719e-01
8.1902e-01
8.1538e-01
8.1701e-01
8.1612e-01
8.2171e-01
8.1633e-01
8.1851e-01
8.1949e-01
8.1795e-01
8.1633e-01
8.1960e-01
8.2217e-01
8.1656e-01
8.1604e-01
8.1789e-01
8.1612e-01
8.1822e-01
8.1721e-01
8.1978e-01
8.1751e-01
8.2290e-01
8.1631e-01
8.1615e-01
8.1661e-01
8.1711e-01
8.1826e-01
8.1726e-01
8.1627e-01
8.1935e-01
8.1811e-01
8.1655e-01
8.1725e-01
8.1748e-01
8.1950e-01
8.1582e-01
8.1836e-01
8.1577e-01
8.1798e-01
8.2033e-01
8.1693e-01
8.1953e-01
8.1354e-01
8.1628e-01
8.1903e-01
8.1963e-01
8.1802e-01
8.1878e-01
8.1795e-01
8.1850e-01
8.1621e-01
7.7004e-01
8.1733e-01
8.1892e-01
8.2092e-01
8.1753e-01
8.2200e-01
8.1979e-01
8.2028e-01
8.1888e-01
8.2354e-01
8.1773e-01
8.1793e-01
8.1348e-01
8.1960e-01
8.1315e-01
8.2136e-01
8.1244e-01
8.1924e-01
8.1672e-01
8.2116e-01
8.1879e-01
8.1646e-01
8.1338e-01
8.1338e-01
8.1281e-01
8.1712e-01
8.1845e-01
8.1644e-01
8.2065e-01
8.1863e-01
8.1689e-01
8.2258e-01
8.2127e-01
8.1997e-01
8.1940e-01
8.1400e-01
8.1806e-01
8.2065e-01
8.2156e-01
8.1895e-01
8.2011e-01
8.1411e-01
8.1864e-01
8.1637e-01
8.2035e-01
8.1761e-01
8.1343e-01
8.1620e-01
8.1381e-01
8.1733e-01
8.1618e-01
8.1801e-01
8.1791e-01
8.1823e-01
8.1872e-01
8.1961e-01
8.1839e-01
8.1817e-01
8.1532e-01
8.1735e-01
8.1728e-01
8.2274e-01
8.1901e-01
8.1750e-01
8.1810e-01
8.1609e-01
8.1920e-01
8.1449e-01
8.1631e-01
8.1899e-01
8.1844e-01
8.2057e-01
8.1654e-01
8.2137e-01
8.2102e-01
8.1859e-01
8.1901e-01
8.1358e-01
8.2161e-01
8.2214e-01
8.1591e-01
8.1979e-01
8.1736e-01
8.1784e-01
8.2338e-01
8.1672e-01
8.1679e-01
8.1454e-01
8.1756e-01
8.1883e-01
8.2141e-01
8.2211e-01
8.1452e-01
8.1423e-01
8.1817e-01
8.1465e-01
8.2156e-01
8.1669e-01
8.2000e-01
8.1920e-01
8.1763e-01
8.1614e-01
8.1904e-01
8.1927e-01
8.1746e-01
8.1766e-01
8.2134e-01
8.1859e-01
8.1506e-01
8.2370e-01
8.2253e-01
8.2166e-01
8.2006e-01
8.1731e-01
8.1942e-01
8.2156e-01
8.1902e-01
8.1926e-01
8.1838e-01
8.1936e-01
8.1782e-01
8.2326e-01
8.1622e-01
8.1681e-01
8.1577e-01
8.1885e-01
7.7301e-01
8.1694e-01
8.1765e-01
8.1793e-01
8.2029e-01
8.1507e-01
8.1651e-01
8.1743e-01
8.1477e-01
8.1713e-01
8.1515e-01
8.1774e-01
8.1735e-01
8.1768e-01
8.2019e-01
8.1914e-01
8.2063e-01
8.2064e-01
8.1732e-01
8.1789e-01
8.1625e-01
8.1669e-01
8.1207e-01
8.1562e-01
8.2192e-01
8.2133e-01
8.1753e-01
8.1655e-01
8.1637e-01
8.1683e-01
8.1890e-01
8.1948e-01
8.1763e-01
8.1465e-01
8.1922e-01
8.1829e-01
8.1669e-01
8.1642e-01
8.1498e-01
8.1499e-01
8.2028e-01
8.1795e-01
8.1980e-01
8.2083e-01
8.2009e-01
8.1016e-01
8.1667e-01
8.1964e-01
8.1775e-01
8.2028e-01
8.1455e-01
8.1964e-01
7.8390e-01
8.2420e-01
8.1759e-01
8.1937e-01
8.2150e-01
8.2050e-01
8.1643e-01
8.1591e-01
8.1716e-01
8.2121e-01
8.1528e-01
8.1477e-01
8.1552e-01
8.1585e-01
8.1841e-01
8.2384e-01
8.2082e-01
8.1931e-01
8.1920e-01
8.1920e-01
8.1812e-01
8.1689e-01
8.2274e-01
8.1772e-01
8.2047e-01
8.1783e-01
8.1772e-01
8.1518e-01
8.2005e-01
8.1864e-01
8.1657e-01
8.1869e-01
8.1894e-01
8.2036e-01
8.1982e-01
8.2246e-01
8.1556e-01
8.1845e-01
8.1642e-01
8.1872e-01
8.1879e-01
8.1697e-01
8.1722e-01
8.1687e-01
8.1984e-01
8.1810e-01
8.1670e-01
8.2209e-01
8.1619e-01
8.1544e-01
8.1750e-01
8.1900e-01
8.2073e-01
8.2199e-01
8.1887e-01
8.1764e-01
8.1679e-01
8.1605e-01
8.2035e-01
8.1758e-01
8.1574e-01
8.1908e-01
8.1687e-01
8.1786e-01
8.1764e-01
8.1939e-01
8.1941e-01
8.1718e-01
8.1840e-01
8.2110e-01
8.2074e-01
8.1935e-01
8.1787e-01
8.1522e-01
8.1939e-01
8.1350e-01
8.1695e-01
8.1957e-01
8.1957e-01
8.1683e-01
8.1738e-01
8.1364e-01
8.2120e-01
8.1952e-01
8.1700e-01
8.1620e-01
8.1874e-01
8.2213e-01
8.1303e-01
8.1377e-01
8.1821e-01
8.1783e-01
8.1442e-01
8.1980e-01
8.1700e-01
8.1841e-01
8.1573e-01
8.2193e-01
8.1389e-01
8.1585e-01
8.1907e-01
8.1923e-01
8.1985e-01
8.1543e-01
8.1203e-01
8.1891e-01
8.2034e-01
8.1837e-01
8.1516e-01
8.1732e-01
8.1825e-01
8.1535e-01
8.1753e-01
8.1724e-01
8.1704e-01
8.1644e-01
8.2152e-01
8.1454e-01
8.1868e-01
8.2029e-01
8.1837e-01
8.1503e-01
8.1736e-01
8.1914e-01
8.1852e-01
8.1984e-01
8.1817e-01
8.1754e-01
8.1905e-01
8.2051e-01
8.1907e-01
8.1932e-01
8.2004e-01
8.1658e-01
8.1555e-01
8.2127e-01
8.1757e-01
8.2198e-01
8.1887e-01
8.2046e-01
8.1913e-01
8.2227e-01
8.1866e-01
8.1943e-01
8.1834e-01
8.2057e-01
8.1749e-01
8.1562e-01
8.1784e-01
8.1520e-01
8.1005e-01
8.2384e-01
8.1710e-01
8.1719e-01
8.2056e-01
8.1652e-01
8.1873e-01
8.1892e-01
8.1827e-01
8.1634e-01
8.1719e-01
8.1349e-01
8.1617e-01
8.1743e-01
8.1569e-01
8.1465e-01
8.1463e-01
8.1779e-01
7.7676e-01
8.1906e-01
8.1844e-01
8.1900e-01
8.1657e-01
8.1525e-01
8.2088e-01
8.1330e-01
8.1786e-01
8.1429e-01
8.1944e-01
8.1796e-01
8.1647e-01
8.1686e-01
8.2271e-01
8.1454e-01
8.1540e-01
8.1812e-01
8.1687e-01
8.1832e-01
8.1885e-01
8.1896e-01
8.1840e-01
8.1863e-01
8.1548e-01
8.2142e-01
8.1856e-01
8.1877e-01
8.1772e-01
8.1381e-01
8.2004e-01
8.1798e-01
8.1559e-01
8.1822e-01
8.1762e-01
8.1618e-01
8.1562e-01
8.1827e-01
8.2253e-01
8.1270e-01
8.1766e-01
8.2015e-01
8.1774e-01
8.1728e-01
8.1950e-01
8.2259e-01
8.1988e-01
8.1888e-01
8.2092e-01
8.1887e-01
8.1827e-01
8.1826e-01
8.1793e-01
8.1962e-01
8.1638e-01
8.1684e-01
8.1935e-01
8.1686e-01
8.1838e-01
8.1837e-01
8.1345e-01
