Efficiency Table:
-----------------
           [   0, 0.8][ 0.8, 1.2][ 1.2, 2.1]
[  30,  50] 0.9957200  0.9964500  0.9959500 
[  50,8000] 0.9970200  0.9946018  0.9957479 

Low Errors Table:
-----------------
           [   0, 0.8][ 0.8, 1.2][ 1.2, 2.1]
[  30,  50] 0.0003230  0.0016100  0.0004340 
[  50,8000] 0.0005970  0.0016999  0.0014518 

High Errors Table:
------------------
           [   0, 0.8][ 0.8, 1.2][ 1.2, 2.1]
[  30,  50] 0.0003010  0.0016100  0.0004450 
[  50,8000] 0.0005970  0.0016999  0.0014518 


Efficiency:
-----------
[-3.2, 3.2]
 0.9966200 

Low Errors:
-----------
[-3.2, 3.2]
 0.0003200 

High Errors:
------------
[-3.2, 3.2]
 0.0003080 


