8.6387e-01
8.6813e-01
8.6579e-01
8.5326e-01
8.6663e-01
8.6048e-01
8.6538e-01
8.6726e-01
8.5806e-01
7.4094e-01
8.6814e-01
8.5116e-01
8.5934e-01
8.6538e-01
8.7513e-01
8.7255e-01
8.6286e-01
8.7143e-01
8.4591e-01
8.5866e-01
8.7030e-01
8.5679e-01
8.7330e-01
8.5918e-01
8.7164e-01
8.5433e-01
8.6850e-01
8.7563e-01
8.8012e-01
8.5935e-01
8.6064e-01
8.7417e-01
8.6173e-01
8.5362e-01
8.2596e-01
8.6951e-01
8.5956e-01
8.7325e-01
8.5932e-01
8.5398e-01
8.7942e-01
8.6312e-01
8.7239e-01
8.6594e-01
8.5576e-01
8.6389e-01
8.6489e-01
8.6189e-01
8.7133e-01
8.3393e-01
8.6841e-01
8.6323e-01
8.6457e-01
8.4970e-01
8.5533e-01
7.9635e-01
8.6188e-01
8.4943e-01
8.5511e-01
8.5596e-01
8.5524e-01
8.6291e-01
8.7325e-01
8.6705e-01
8.6100e-01
8.6423e-01
8.6635e-01
8.5206e-01
8.7463e-01
8.6495e-01
8.4336e-01
8.3857e-01
8.5356e-01
8.4771e-01
8.5686e-01
8.5135e-01
7.2800e-01
8.5731e-01
8.5325e-01
8.6118e-01
8.7409e-01
8.7632e-01
8.5101e-01
8.6258e-01
8.6173e-01
8.7452e-01
8.5521e-01
8.6149e-01
8.6850e-01
8.6406e-01
8.4359e-01
7.8557e-01
8.6344e-01
8.5548e-01
8.3994e-01
8.6277e-01
8.5091e-01
8.5209e-01
8.6522e-01
8.6920e-01
8.5927e-01
8.3199e-01
8.7717e-01
8.7681e-01
8.6552e-01
8.5448e-01
8.4608e-01
7.2348e-01
8.6039e-01
8.5375e-01
8.5629e-01
8.4365e-01
7.6822e-01
6.4988e-01
8.6835e-01
8.5896e-01
8.5374e-01
8.5242e-01
8.6870e-01
8.6485e-01
8.5636e-01
8.5671e-01
8.6502e-01
8.7570e-01
8.3094e-01
8.6947e-01
8.4812e-01
8.6346e-01
8.5146e-01
8.3716e-01
8.5719e-01
8.4672e-01
8.5585e-01
8.7056e-01
8.6606e-01
8.4981e-01
8.5410e-01
8.5282e-01
8.6063e-01
7.7681e-01
8.5937e-01
8.6974e-01
8.6907e-01
8.5427e-01
8.6674e-01
8.6718e-01
8.5561e-01
8.4967e-01
8.2054e-01
8.8316e-01
8.7623e-01
8.5185e-01
8.6277e-01
8.6966e-01
8.5943e-01
8.6296e-01
8.5493e-01
8.6444e-01
8.4369e-01
8.7736e-01
8.5585e-01
8.5964e-01
8.5713e-01
8.6787e-01
8.6206e-01
8.6192e-01
8.5706e-01
8.6927e-01
8.5733e-01
8.6009e-01
8.6977e-01
8.5167e-01
8.6047e-01
8.8179e-01
8.5673e-01
8.5781e-01
8.8268e-01
8.6227e-01
8.6954e-01
8.0250e-01
7.4315e-01
8.6143e-01
8.6789e-01
8.7066e-01
8.4687e-01
8.7168e-01
8.5951e-01
8.6063e-01
8.7700e-01
8.6233e-01
8.5988e-01
8.5276e-01
8.6754e-01
8.4416e-01
8.6697e-01
8.6009e-01
8.5905e-01
8.7888e-01
8.6740e-01
8.5430e-01
8.5692e-01
8.6621e-01
8.5710e-01
8.4812e-01
8.7926e-01
8.4480e-01
8.1601e-01
8.5305e-01
8.5997e-01
8.5238e-01
7.8126e-01
8.5694e-01
8.6493e-01
8.5317e-01
8.6283e-01
8.6092e-01
8.5952e-01
8.6250e-01
8.7215e-01
8.4550e-01
8.6940e-01
8.4790e-01
8.6650e-01
8.5682e-01
8.5498e-01
8.2531e-01
8.6440e-01
8.6782e-01
8.6714e-01
8.4166e-01
8.5637e-01
8.6831e-01
8.7659e-01
8.8463e-01
8.6077e-01
8.4870e-01
8.6152e-01
8.6111e-01
8.7547e-01
8.6125e-01
8.4593e-01
8.5903e-01
8.5658e-01
8.5536e-01
8.2123e-01
8.6559e-01
8.6317e-01
8.6247e-01
8.5650e-01
8.6335e-01
8.6379e-01
8.7981e-01
8.6272e-01
8.5200e-01
8.4668e-01
8.7309e-01
8.4998e-01
8.5461e-01
8.5575e-01
8.5277e-01
8.6018e-01
8.6099e-01
8.5479e-01
8.7946e-01
8.4786e-01
8.6973e-01
8.6715e-01
8.5216e-01
8.5856e-01
8.6755e-01
8.5798e-01
8.5920e-01
8.6363e-01
8.5299e-01
8.3676e-01
8.4703e-01
8.4598e-01
8.5252e-01
8.6015e-01
8.5804e-01
8.6880e-01
8.6367e-01
8.6357e-01
8.7219e-01
8.5056e-01
8.5320e-01
8.6150e-01
8.6671e-01
8.7201e-01
8.6875e-01
8.5937e-01
8.7005e-01
8.6362e-01
7.8147e-01
8.5382e-01
8.5147e-01
8.7440e-01
8.7684e-01
8.5920e-01
8.5578e-01
8.4971e-01
8.4945e-01
8.4338e-01
8.6921e-01
8.6333e-01
8.5766e-01
8.6828e-01
8.5611e-01
8.5163e-01
7.6966e-01
8.5893e-01
8.4135e-01
8.5706e-01
8.6330e-01
8.6127e-01
8.5891e-01
8.4913e-01
8.6505e-01
8.5891e-01
8.6656e-01
8.6649e-01
8.7019e-01
8.6298e-01
8.5304e-01
8.5994e-01
8.6339e-01
8.4454e-01
8.5066e-01
8.6161e-01
8.5716e-01
8.6048e-01
8.7634e-01
7.3917e-01
8.6055e-01
8.7758e-01
8.5102e-01
8.7555e-01
8.5553e-01
8.6111e-01
8.4729e-01
8.5931e-01
8.6658e-01
8.5815e-01
8.5728e-01
8.5510e-01
8.6707e-01
8.4540e-01
8.6599e-01
8.5380e-01
8.6402e-01
8.6737e-01
8.4662e-01
8.5772e-01
8.5666e-01
8.5200e-01
8.4917e-01
8.6184e-01
8.5062e-01
8.5704e-01
8.5233e-01
8.7396e-01
8.6124e-01
8.4278e-01
8.5574e-01
8.5522e-01
8.5947e-01
8.6604e-01
7.2216e-01
8.7370e-01
8.6155e-01
8.6888e-01
8.6095e-01
8.5412e-01
8.5439e-01
8.7911e-01
8.6047e-01
8.5129e-01
7.3324e-01
8.5230e-01
8.6369e-01
8.4885e-01
8.5637e-01
8.5818e-01
8.4800e-01
8.5675e-01
8.6575e-01
8.5090e-01
8.7124e-01
8.6517e-01
8.5974e-01
8.6611e-01
8.5414e-01
8.7676e-01
8.6437e-01
8.7322e-01
8.5534e-01
8.5490e-01
7.2755e-01
8.5574e-01
8.5410e-01
7.0859e-01
8.6302e-01
8.6690e-01
8.5963e-01
8.5213e-01
8.4235e-01
8.4912e-01
8.7386e-01
8.5154e-01
8.6686e-01
8.7045e-01
8.6297e-01
8.6397e-01
8.6073e-01
8.5759e-01
8.6187e-01
8.4495e-01
8.7126e-01
8.5677e-01
8.5413e-01
8.4414e-01
8.6314e-01
8.6751e-01
8.6645e-01
8.7022e-01
8.7054e-01
8.5050e-01
8.6946e-01
8.5562e-01
8.5038e-01
8.6920e-01
8.6548e-01
8.6339e-01
8.4534e-01
8.6727e-01
8.7204e-01
8.6593e-01
8.6075e-01
8.3123e-01
8.5834e-01
8.6998e-01
8.5485e-01
8.7970e-01
8.5474e-01
8.5053e-01
8.8011e-01
8.5120e-01
8.5363e-01
8.5281e-01
8.5607e-01
8.6063e-01
8.5870e-01
8.5119e-01
8.6281e-01
8.5985e-01
8.5005e-01
8.6051e-01
8.6441e-01
8.6397e-01
8.6208e-01
8.5658e-01
8.6767e-01
8.6231e-01
8.8301e-01
8.5444e-01
8.6883e-01
8.5010e-01
8.3526e-01
8.5932e-01
8.3696e-01
8.6435e-01
8.3862e-01
8.5946e-01
8.3576e-01
8.6404e-01
8.3798e-01
8.6204e-01
8.1498e-01
8.6321e-01
8.6319e-01
8.5490e-01
8.5089e-01
8.5679e-01
8.7330e-01
8.5103e-01
8.6771e-01
8.6003e-01
8.5781e-01
8.5189e-01
8.6363e-01
8.6746e-01
8.5597e-01
8.6280e-01
8.7225e-01
8.5545e-01
8.5910e-01
8.7929e-01
8.5874e-01
8.6413e-01
8.5991e-01
8.6428e-01
8.6080e-01
8.5901e-01
8.6647e-01
8.6538e-01
8.5617e-01
8.5427e-01
8.6849e-01
8.6204e-01
8.7251e-01
8.6086e-01
8.6431e-01
8.6026e-01
8.5955e-01
8.7405e-01
8.5428e-01
8.6182e-01
8.4813e-01
8.7908e-01
8.5385e-01
8.5836e-01
8.7991e-01
8.5100e-01
8.6587e-01
8.7185e-01
8.6839e-01
8.6422e-01
8.4249e-01
8.6570e-01
8.6982e-01
8.7226e-01
8.5541e-01
8.5759e-01
8.5539e-01
8.7601e-01
8.5767e-01
8.6061e-01
8.1340e-01
8.7247e-01
8.6123e-01
8.5969e-01
8.7150e-01
8.7621e-01
8.5793e-01
8.6742e-01
8.6983e-01
8.5249e-01
8.5548e-01
8.5864e-01
8.5305e-01
8.6730e-01
8.5070e-01
8.5791e-01
8.6173e-01
8.5187e-01
8.6798e-01
8.6274e-01
8.5944e-01
8.5438e-01
8.6548e-01
8.4866e-01
8.6058e-01
8.5468e-01
8.7322e-01
8.5286e-01
8.6707e-01
8.6962e-01
8.6854e-01
8.5813e-01
8.7100e-01
8.6258e-01
8.6676e-01
8.6660e-01
8.5904e-01
8.5815e-01
8.5613e-01
8.6427e-01
8.6650e-01
8.5945e-01
8.5955e-01
8.6255e-01
8.8712e-01
8.5945e-01
8.5314e-01
8.4479e-01
8.6279e-01
8.7191e-01
8.6128e-01
8.6282e-01
8.5725e-01
8.6452e-01
8.5684e-01
8.7134e-01
8.7084e-01
8.7846e-01
8.6544e-01
8.6667e-01
8.4958e-01
8.5805e-01
8.5117e-01
8.5369e-01
8.6260e-01
8.4873e-01
8.5811e-01
8.5446e-01
8.5074e-01
8.6659e-01
8.6275e-01
8.7031e-01
8.6303e-01
8.5289e-01
8.4799e-01
8.7003e-01
8.7079e-01
8.5198e-01
8.5559e-01
8.5968e-01
7.5233e-01
8.6624e-01
8.7616e-01
8.7186e-01
8.5799e-01
8.6176e-01
8.5479e-01
8.5905e-01
8.6329e-01
8.7423e-01
8.7028e-01
7.9627e-01
8.4269e-01
7.4657e-01
8.6323e-01
8.5710e-01
8.4983e-01
8.5234e-01
8.4737e-01
8.4584e-01
8.5293e-01
8.5169e-01
8.4045e-01
8.5223e-01
8.5821e-01
8.5710e-01
8.7276e-01
8.4404e-01
8.6527e-01
8.5464e-01
8.7129e-01
8.5763e-01
8.7668e-01
8.5682e-01
7.7260e-01
8.5763e-01
8.5982e-01
8.5325e-01
8.6361e-01
8.4879e-01
8.6024e-01
8.6236e-01
8.5586e-01
8.7013e-01
8.5901e-01
7.2783e-01
8.6121e-01
8.7330e-01
8.5740e-01
8.6559e-01
8.5980e-01
8.5573e-01
8.6534e-01
8.5044e-01
8.7086e-01
8.7061e-01
8.6424e-01
8.5001e-01
8.6366e-01
8.5459e-01
8.1546e-01
8.4792e-01
8.6220e-01
8.5219e-01
8.7134e-01
8.5584e-01
8.5625e-01
8.7086e-01
8.5113e-01
8.5314e-01
8.5456e-01
8.4469e-01
8.5331e-01
8.6671e-01
7.1589e-01
8.5655e-01
8.7828e-01
8.4874e-01
8.6409e-01
8.6874e-01
8.6127e-01
8.5101e-01
8.5203e-01
8.6690e-01
8.5837e-01
8.2061e-01
8.4133e-01
8.6598e-01
8.7426e-01
8.5827e-01
7.2615e-01
8.5553e-01
8.7582e-01
8.4321e-01
8.4760e-01
8.5909e-01
8.6753e-01
8.6072e-01
8.6436e-01
8.8499e-01
8.4804e-01
8.5687e-01
8.5792e-01
8.5451e-01
8.6034e-01
8.8267e-01
8.6159e-01
8.5903e-01
8.6464e-01
8.6520e-01
8.6229e-01
8.4897e-01
8.7255e-01
8.6012e-01
8.4956e-01
8.4805e-01
8.7232e-01
8.4377e-01
8.7803e-01
8.5241e-01
8.6187e-01
8.5859e-01
8.6037e-01
8.6080e-01
8.5417e-01
8.5469e-01
8.5834e-01
8.4607e-01
8.6930e-01
8.6018e-01
8.6318e-01
8.6605e-01
8.6314e-01
8.6053e-01
8.5880e-01
8.5365e-01
8.8176e-01
8.6384e-01
8.7281e-01
8.6009e-01
8.5837e-01
8.6668e-01
8.6622e-01
8.6284e-01
8.5891e-01
8.5332e-01
6.9623e-01
8.5560e-01
8.7181e-01
8.7198e-01
8.5610e-01
8.6389e-01
8.5992e-01
8.6089e-01
8.5801e-01
8.5453e-01
8.5571e-01
8.7238e-01
8.6215e-01
8.6549e-01
8.5896e-01
8.8189e-01
8.5526e-01
8.5796e-01
8.6145e-01
8.7057e-01
8.3063e-01
8.6814e-01
8.7755e-01
8.4737e-01
8.5472e-01
8.5609e-01
8.7439e-01
8.5117e-01
8.6055e-01
8.4816e-01
8.5780e-01
8.7608e-01
8.7300e-01
8.6520e-01
8.5128e-01
8.5926e-01
8.7284e-01
8.6739e-01
8.6447e-01
8.6793e-01
8.5776e-01
8.6644e-01
8.7497e-01
8.6630e-01
8.5923e-01
8.4295e-01
8.5649e-01
8.3941e-01
8.5176e-01
8.6994e-01
7.0869e-01
8.5006e-01
8.8276e-01
8.5700e-01
8.5296e-01
8.4599e-01
8.6419e-01
8.6485e-01
8.6096e-01
8.1129e-01
7.3690e-01
8.6296e-01
8.6249e-01
8.5564e-01
8.4768e-01
8.6171e-01
8.5332e-01
8.7152e-01
8.5490e-01
8.4716e-01
8.5204e-01
8.4129e-01
8.6890e-01
8.2961e-01
8.5565e-01
8.6384e-01
8.6683e-01
8.7686e-01
8.6318e-01
8.5269e-01
8.5429e-01
8.7329e-01
8.6280e-01
8.7291e-01
8.4720e-01
8.5025e-01
8.5358e-01
8.6204e-01
8.5481e-01
8.6334e-01
8.6714e-01
8.5917e-01
8.6681e-01
8.5793e-01
8.6059e-01
8.6152e-01
8.6681e-01
8.5506e-01
8.6233e-01
8.6457e-01
8.7128e-01
8.7479e-01
8.6574e-01
8.5158e-01
8.5913e-01
8.4961e-01
8.4847e-01
8.5882e-01
8.4979e-01
8.4986e-01
8.6386e-01
8.6668e-01
8.5530e-01
8.5302e-01
8.4425e-01
8.7585e-01
8.6466e-01
8.6903e-01
8.6086e-01
8.6736e-01
8.7015e-01
8.5934e-01
8.6161e-01
8.5164e-01
8.5352e-01
8.6284e-01
8.6088e-01
8.5653e-01
8.6501e-01
8.7115e-01
8.6237e-01
8.6188e-01
8.6578e-01
8.5510e-01
8.4869e-01
8.4518e-01
8.4735e-01
8.5769e-01
8.5802e-01
8.6986e-01
8.7073e-01
8.5483e-01
8.6479e-01
8.5829e-01
8.6981e-01
8.7161e-01
8.5763e-01
8.7521e-01
8.6241e-01
8.5528e-01
8.7266e-01
8.1090e-01
8.5175e-01
8.7504e-01
8.4982e-01
8.6365e-01
8.5887e-01
8.4537e-01
8.5806e-01
8.6044e-01
6.7476e-01
8.5732e-01
8.6272e-01
7.2578e-01
8.4445e-01
8.3239e-01
8.5593e-01
8.5136e-01
8.6505e-01
8.5655e-01
8.5637e-01
8.4407e-01
8.6903e-01
8.5349e-01
8.6561e-01
8.5025e-01
8.5364e-01
8.6539e-01
7.0216e-01
8.7247e-01
8.4366e-01
7.5228e-01
8.7401e-01
8.6766e-01
8.6168e-01
8.5492e-01
8.6650e-01
8.7245e-01
8.6026e-01
8.5379e-01
8.4950e-01
8.5177e-01
8.5667e-01
8.6022e-01
8.6674e-01
8.5883e-01
8.7660e-01
8.5525e-01
8.5532e-01
8.4801e-01
8.5938e-01
8.5524e-01
8.5459e-01
8.4349e-01
8.4946e-01
8.6033e-01
8.7992e-01
8.6499e-01
8.7690e-01
8.6220e-01
8.6152e-01
8.7377e-01
8.5736e-01
8.6375e-01
8.5701e-01
8.4737e-01
8.5105e-01
8.6365e-01
8.6715e-01
8.7568e-01
8.4586e-01
8.7010e-01
8.6268e-01
8.7166e-01
8.7010e-01
8.7050e-01
8.4568e-01
8.7127e-01
8.6707e-01
8.5246e-01
8.6451e-01
8.5626e-01
8.7967e-01
8.6208e-01
8.6324e-01
8.5866e-01
8.7624e-01
