8.4789e-01
8.4534e-01
8.4733e-01
8.5954e-01
8.5464e-01
8.5287e-01
8.4822e-01
7.8324e-01
7.8404e-01
8.4164e-01
7.8231e-01
8.3889e-01
8.6537e-01
8.4450e-01
8.5273e-01
8.7217e-01
8.7069e-01
6.9461e-01
8.5915e-01
8.4260e-01
8.3541e-01
8.1935e-01
8.4776e-01
8.4001e-01
8.5823e-01
8.5239e-01
8.1980e-01
8.6494e-01
8.6151e-01
8.4549e-01
8.4488e-01
8.6471e-01
8.4479e-01
7.4173e-01
8.5296e-01
7.3516e-01
8.6648e-01
8.5167e-01
8.5390e-01
8.7067e-01
8.3456e-01
7.7991e-01
8.4571e-01
8.4386e-01
8.5931e-01
8.5342e-01
8.5815e-01
8.4480e-01
7.7383e-01
8.6684e-01
8.6047e-01
8.4848e-01
8.4563e-01
8.3131e-01
8.5417e-01
8.6645e-01
8.3532e-01
8.6912e-01
8.0053e-01
8.5308e-01
8.4316e-01
8.5589e-01
8.5097e-01
8.5443e-01
8.4785e-01
8.5869e-01
8.4963e-01
7.7761e-01
8.4127e-01
8.4258e-01
8.5028e-01
8.6931e-01
8.7060e-01
8.5480e-01
8.6955e-01
8.7065e-01
8.5998e-01
8.6223e-01
8.5630e-01
8.5339e-01
8.4252e-01
8.5316e-01
8.6343e-01
8.4767e-01
8.6422e-01
8.7013e-01
8.5083e-01
8.5140e-01
8.6158e-01
7.2650e-01
8.6134e-01
8.5401e-01
7.7839e-01
8.4333e-01
8.6215e-01
8.3784e-01
8.5658e-01
8.6108e-01
8.4563e-01
8.5482e-01
8.4368e-01
8.4208e-01
8.4716e-01
8.6019e-01
7.2037e-01
8.4396e-01
8.3057e-01
7.7926e-01
8.3856e-01
8.6305e-01
8.5210e-01
7.0278e-01
8.5868e-01
8.5261e-01
8.2009e-01
8.4930e-01
8.5426e-01
8.5797e-01
8.1740e-01
8.4472e-01
8.7333e-01
8.5203e-01
8.5218e-01
8.5860e-01
7.7587e-01
8.6430e-01
8.8125e-01
8.4863e-01
8.3428e-01
8.5791e-01
8.4975e-01
8.6142e-01
8.6530e-01
8.5310e-01
8.5510e-01
6.9013e-01
7.3211e-01
8.4731e-01
8.4344e-01
7.2461e-01
8.5771e-01
8.5168e-01
8.5939e-01
8.5350e-01
8.4476e-01
8.5588e-01
8.4498e-01
8.4187e-01
8.5714e-01
8.5942e-01
8.3266e-01
8.6868e-01
8.5697e-01
8.6098e-01
8.6026e-01
8.4385e-01
8.4314e-01
8.5209e-01
8.6508e-01
8.5944e-01
8.6435e-01
8.4735e-01
8.4628e-01
8.4875e-01
8.4907e-01
8.5108e-01
8.5373e-01
8.5800e-01
8.4935e-01
7.8330e-01
7.2341e-01
8.3530e-01
8.5184e-01
8.7194e-01
8.3258e-01
8.5594e-01
8.4595e-01
8.6037e-01
7.2419e-01
8.4324e-01
8.2069e-01
8.7322e-01
8.4679e-01
8.5931e-01
8.6607e-01
8.5456e-01
8.6987e-01
8.5650e-01
8.5603e-01
8.5954e-01
8.5914e-01
8.3171e-01
8.5368e-01
8.4841e-01
8.4826e-01
8.2627e-01
8.6252e-01
8.5150e-01
8.5000e-01
8.5509e-01
8.0769e-01
8.1916e-01
8.4307e-01
8.1918e-01
8.4336e-01
8.5800e-01
8.5248e-01
8.3134e-01
7.6782e-01
8.6138e-01
8.6070e-01
8.6789e-01
8.0053e-01
8.5624e-01
8.6291e-01
8.5858e-01
7.3128e-01
8.7016e-01
8.3768e-01
8.4431e-01
8.4822e-01
8.4838e-01
7.5576e-01
8.5463e-01
8.4815e-01
8.5064e-01
8.5561e-01
8.0361e-01
8.5123e-01
7.3456e-01
8.4660e-01
7.0847e-01
8.6748e-01
8.6838e-01
8.6285e-01
8.6144e-01
8.6342e-01
8.6022e-01
8.5240e-01
8.5099e-01
8.4148e-01
8.4942e-01
8.3246e-01
8.5518e-01
6.7934e-01
8.5175e-01
8.1062e-01
8.6406e-01
7.2375e-01
8.7158e-01
8.2333e-01
8.6744e-01
8.7362e-01
7.6888e-01
8.5892e-01
8.5615e-01
8.4592e-01
8.4775e-01
8.4074e-01
8.5271e-01
7.4977e-01
8.1775e-01
8.3879e-01
8.3870e-01
8.6108e-01
8.6547e-01
8.5285e-01
8.6731e-01
8.6248e-01
8.6006e-01
8.4570e-01
8.5875e-01
8.6104e-01
8.5623e-01
8.5629e-01
8.5461e-01
8.6032e-01
7.9802e-01
8.5052e-01
8.5952e-01
8.5807e-01
8.4777e-01
8.1957e-01
8.5333e-01
6.7200e-01
7.2715e-01
8.3036e-01
8.5468e-01
7.9284e-01
8.5650e-01
8.7650e-01
8.4913e-01
8.6742e-01
8.5774e-01
8.4329e-01
8.6207e-01
8.6151e-01
8.0495e-01
8.3631e-01
8.6577e-01
8.4984e-01
8.6092e-01
8.6104e-01
8.5872e-01
8.6904e-01
8.5644e-01
8.5036e-01
8.4481e-01
8.6418e-01
8.5668e-01
8.6513e-01
8.5949e-01
7.3270e-01
7.6888e-01
8.4367e-01
8.1755e-01
8.6644e-01
8.6060e-01
8.5379e-01
8.4270e-01
8.5840e-01
8.5385e-01
8.6846e-01
8.4253e-01
8.5562e-01
8.4906e-01
8.5225e-01
8.4891e-01
8.5104e-01
8.5513e-01
8.6622e-01
8.7250e-01
8.0042e-01
8.4537e-01
8.2765e-01
8.7996e-01
8.7238e-01
8.4748e-01
7.7623e-01
8.6376e-01
8.5741e-01
8.6137e-01
8.4732e-01
8.6561e-01
8.7091e-01
8.5028e-01
8.6238e-01
8.5021e-01
8.4397e-01
8.6116e-01
8.4936e-01
8.3041e-01
8.4649e-01
8.3616e-01
8.2246e-01
8.5424e-01
8.3626e-01
8.4930e-01
7.3960e-01
8.4651e-01
8.4408e-01
8.5038e-01
8.5431e-01
7.8033e-01
8.4514e-01
8.6066e-01
6.4909e-01
8.4656e-01
8.5136e-01
8.5995e-01
8.6576e-01
8.4890e-01
8.5002e-01
8.6674e-01
8.5186e-01
8.5142e-01
8.5013e-01
8.5402e-01
8.5532e-01
8.5697e-01
8.6573e-01
8.2181e-01
8.4275e-01
8.5656e-01
8.5105e-01
8.7195e-01
7.0367e-01
8.4579e-01
8.6968e-01
8.5823e-01
7.7316e-01
7.4479e-01
8.5244e-01
8.6648e-01
8.5808e-01
8.5185e-01
7.9673e-01
8.4477e-01
8.4779e-01
8.3239e-01
8.6352e-01
8.4822e-01
8.4712e-01
8.4661e-01
8.6371e-01
8.7673e-01
8.1671e-01
8.3087e-01
8.3538e-01
8.6206e-01
8.4476e-01
8.6326e-01
8.5653e-01
8.5500e-01
8.5121e-01
8.4807e-01
8.3577e-01
8.4522e-01
8.7245e-01
8.4071e-01
8.5690e-01
8.4818e-01
8.3637e-01
8.5256e-01
8.7358e-01
8.5656e-01
7.0004e-01
8.0685e-01
8.5152e-01
8.5383e-01
8.4472e-01
8.4924e-01
8.4669e-01
8.5487e-01
8.4248e-01
6.8837e-01
8.6169e-01
8.5270e-01
8.1775e-01
8.5018e-01
8.4703e-01
8.5339e-01
8.5381e-01
8.6569e-01
8.6098e-01
8.5152e-01
8.5428e-01
8.2460e-01
8.4357e-01
8.3508e-01
8.4224e-01
8.5958e-01
8.6015e-01
8.5196e-01
7.3608e-01
8.4429e-01
8.4109e-01
8.4815e-01
8.5816e-01
8.5055e-01
8.4632e-01
8.5086e-01
8.5102e-01
8.7358e-01
7.1238e-01
8.5639e-01
8.6179e-01
8.1731e-01
8.5081e-01
8.5988e-01
8.5107e-01
8.4491e-01
8.5945e-01
8.3470e-01
8.5231e-01
8.5193e-01
8.4498e-01
8.4942e-01
8.3264e-01
8.6266e-01
8.4870e-01
6.9508e-01
8.6718e-01
8.3026e-01
8.7080e-01
8.5392e-01
8.5500e-01
8.4976e-01
8.5088e-01
8.5325e-01
8.5642e-01
8.5124e-01
8.3896e-01
8.4986e-01
8.6744e-01
7.3729e-01
8.4918e-01
6.9648e-01
8.4856e-01
8.7541e-01
7.8223e-01
6.8344e-01
8.5125e-01
8.3639e-01
8.6856e-01
8.6158e-01
8.5971e-01
7.2610e-01
8.0768e-01
8.3553e-01
8.4100e-01
8.5723e-01
8.4199e-01
8.4800e-01
8.3321e-01
8.2494e-01
8.2629e-01
8.5696e-01
8.7109e-01
8.5225e-01
8.5239e-01
8.6296e-01
8.7203e-01
8.5212e-01
8.2576e-01
6.5226e-01
8.5319e-01
8.6290e-01
8.5399e-01
8.5637e-01
8.4898e-01
8.4214e-01
8.2270e-01
8.4828e-01
8.4860e-01
8.4703e-01
8.6523e-01
8.5781e-01
8.5185e-01
8.6813e-01
7.9441e-01
8.3695e-01
8.4214e-01
8.6055e-01
7.7403e-01
8.5914e-01
8.3806e-01
8.4697e-01
8.6111e-01
8.5689e-01
8.4535e-01
8.4274e-01
8.6698e-01
8.6904e-01
7.8351e-01
8.5272e-01
8.6129e-01
8.5538e-01
8.5453e-01
8.5817e-01
8.6310e-01
8.4293e-01
8.7322e-01
7.2577e-01
8.5497e-01
8.6825e-01
7.0196e-01
8.0853e-01
8.5121e-01
8.5745e-01
7.1826e-01
8.5932e-01
8.4209e-01
8.3565e-01
7.2095e-01
8.4335e-01
8.2300e-01
8.5662e-01
8.6986e-01
8.5010e-01
8.5124e-01
8.5207e-01
8.4502e-01
7.2585e-01
6.4586e-01
8.5151e-01
8.6077e-01
8.5790e-01
8.7177e-01
8.3906e-01
8.5128e-01
8.4396e-01
8.4517e-01
8.6114e-01
8.6177e-01
8.4335e-01
8.4676e-01
8.6005e-01
8.6583e-01
8.6147e-01
8.4098e-01
8.4750e-01
7.2127e-01
5.9702e-01
8.3605e-01
8.6173e-01
8.5557e-01
8.5839e-01
8.4988e-01
8.5412e-01
8.4870e-01
8.6427e-01
8.4711e-01
8.5521e-01
8.5855e-01
7.4987e-01
8.3584e-01
8.4022e-01
8.4708e-01
8.7490e-01
8.6222e-01
8.4714e-01
8.7095e-01
8.3013e-01
8.6218e-01
8.5807e-01
8.6152e-01
8.5105e-01
8.4976e-01
8.5043e-01
8.6178e-01
8.5639e-01
8.4353e-01
8.4849e-01
7.2929e-01
8.6259e-01
7.1811e-01
8.5053e-01
8.7251e-01
8.5178e-01
8.5720e-01
8.3990e-01
8.3160e-01
7.7963e-01
8.0341e-01
8.5988e-01
8.6921e-01
8.5011e-01
8.3963e-01
8.5083e-01
8.6068e-01
8.6442e-01
8.5218e-01
8.0805e-01
8.7575e-01
8.4719e-01
8.4335e-01
7.1995e-01
8.6910e-01
8.4347e-01
8.5894e-01
8.7003e-01
8.6665e-01
8.6414e-01
8.5289e-01
8.4204e-01
8.3954e-01
8.5226e-01
7.8738e-01
8.3526e-01
8.5457e-01
8.4465e-01
8.5421e-01
8.5678e-01
8.5621e-01
8.3411e-01
8.5413e-01
8.4692e-01
8.6189e-01
8.4443e-01
8.7745e-01
8.5880e-01
8.3965e-01
8.5992e-01
8.5556e-01
8.5076e-01
8.4759e-01
8.4922e-01
7.2267e-01
8.7549e-01
8.3925e-01
8.5766e-01
8.5121e-01
8.4788e-01
8.4626e-01
7.5724e-01
8.3865e-01
8.5973e-01
7.8000e-01
7.7615e-01
8.5264e-01
8.5778e-01
8.1401e-01
8.4944e-01
8.4066e-01
8.7379e-01
8.1053e-01
8.6954e-01
8.4224e-01
8.4008e-01
8.5158e-01
8.4915e-01
8.7010e-01
8.5191e-01
8.5088e-01
8.5040e-01
8.5345e-01
8.5215e-01
8.3722e-01
8.5480e-01
8.5131e-01
7.2691e-01
8.3984e-01
8.4794e-01
8.5756e-01
8.6016e-01
8.7520e-01
8.5260e-01
7.2020e-01
8.4611e-01
7.1617e-01
8.6649e-01
7.8130e-01
8.5235e-01
8.7073e-01
8.5168e-01
8.4815e-01
8.5471e-01
8.4895e-01
8.6491e-01
7.3588e-01
8.6289e-01
8.5295e-01
8.6456e-01
7.8658e-01
8.6191e-01
8.5945e-01
8.7096e-01
8.5857e-01
8.6848e-01
8.5351e-01
8.7538e-01
8.5999e-01
8.3438e-01
8.4784e-01
8.4806e-01
8.5957e-01
8.5022e-01
8.6158e-01
8.5043e-01
8.5504e-01
8.4789e-01
8.1646e-01
8.5483e-01
8.3885e-01
8.6551e-01
8.5694e-01
8.5270e-01
8.6134e-01
8.7401e-01
8.5376e-01
8.4572e-01
8.6415e-01
8.6504e-01
8.4767e-01
8.5713e-01
8.4269e-01
8.5307e-01
8.5204e-01
8.6077e-01
8.3532e-01
8.5388e-01
8.4462e-01
8.6734e-01
8.6347e-01
8.4605e-01
8.6815e-01
8.4107e-01
8.6175e-01
8.4601e-01
8.5665e-01
6.7904e-01
8.4915e-01
8.6786e-01
7.5137e-01
7.2574e-01
7.3299e-01
8.4273e-01
8.5083e-01
8.5711e-01
8.3374e-01
7.8555e-01
8.3415e-01
8.3765e-01
8.7795e-01
8.6519e-01
8.3602e-01
8.5085e-01
8.0788e-01
8.3982e-01
8.6091e-01
8.6408e-01
7.2696e-01
8.4434e-01
8.4743e-01
8.6570e-01
8.5785e-01
8.4612e-01
8.5851e-01
8.4009e-01
8.5711e-01
8.6320e-01
8.3120e-01
7.1928e-01
8.3493e-01
8.4177e-01
8.3028e-01
8.5192e-01
8.5897e-01
8.6485e-01
8.5282e-01
8.0868e-01
8.7342e-01
8.6291e-01
8.5708e-01
8.5067e-01
8.4413e-01
8.6191e-01
8.7535e-01
8.6560e-01
8.3267e-01
8.4642e-01
8.4707e-01
8.4763e-01
8.4805e-01
8.5375e-01
8.5010e-01
6.4795e-01
8.4459e-01
8.2317e-01
8.5004e-01
8.6775e-01
8.5801e-01
8.5783e-01
8.5604e-01
7.0871e-01
8.6806e-01
8.7292e-01
8.5889e-01
8.5701e-01
8.4022e-01
8.4608e-01
8.6145e-01
8.6430e-01
8.6615e-01
8.6480e-01
8.3445e-01
8.6311e-01
8.6083e-01
8.5294e-01
8.3694e-01
8.6332e-01
8.5536e-01
8.6939e-01
8.5516e-01
7.4130e-01
8.3687e-01
8.3838e-01
8.3381e-01
8.7429e-01
8.5571e-01
8.5094e-01
8.3208e-01
8.7367e-01
8.6310e-01
8.6020e-01
8.5131e-01
6.4694e-01
7.8293e-01
8.4177e-01
7.1544e-01
8.6219e-01
8.4012e-01
8.4670e-01
8.4374e-01
8.5237e-01
8.7303e-01
8.6016e-01
8.5421e-01
8.4925e-01
8.5609e-01
8.5717e-01
8.5060e-01
8.6614e-01
8.4424e-01
8.4634e-01
8.4717e-01
8.4861e-01
8.6050e-01
8.6056e-01
8.5996e-01
8.5464e-01
8.6292e-01
8.5502e-01
8.4625e-01
8.5147e-01
8.5009e-01
8.4626e-01
8.4220e-01
8.5238e-01
8.5007e-01
8.4982e-01
7.7771e-01
7.9261e-01
8.2891e-01
8.6391e-01
8.5440e-01
8.4555e-01
8.5023e-01
8.4322e-01
8.4515e-01
8.3794e-01
8.4119e-01
8.5369e-01
8.6067e-01
8.4649e-01
8.5984e-01
8.6921e-01
7.8249e-01
7.1588e-01
6.8361e-01
8.4356e-01
8.6186e-01
8.2222e-01
8.4047e-01
8.6549e-01
8.4271e-01
8.5658e-01
8.3821e-01
8.3250e-01
8.4505e-01
8.5842e-01
8.6233e-01
8.6181e-01
8.5631e-01
8.4984e-01
8.6065e-01
8.4656e-01
8.4681e-01
8.5510e-01
8.5132e-01
8.5291e-01
8.6675e-01
8.6950e-01
8.2718e-01
8.6223e-01
8.8170e-01
8.5043e-01
8.6062e-01
8.4361e-01
6.8845e-01
8.3697e-01
8.4386e-01
8.4525e-01
8.4972e-01
8.5561e-01
8.5355e-01
8.4904e-01
8.4726e-01
8.5871e-01
8.5831e-01
8.5550e-01
8.5344e-01
8.6773e-01
6.6082e-01
8.6134e-01
8.5005e-01
8.5285e-01
8.6008e-01
8.4656e-01
8.4704e-01
8.5754e-01
8.5996e-01
8.6871e-01
8.2121e-01
8.6372e-01
7.3382e-01
8.3793e-01
8.6878e-01
8.5708e-01
