6.0612e-01
7.8239e-01
7.6243e-01
7.7946e-01
7.5176e-01
7.4456e-01
7.6140e-01
7.6531e-01
7.9917e-01
7.6065e-01
7.7162e-01
7.4251e-01
7.7496e-01
7.7428e-01
7.7541e-01
7.7472e-01
7.4112e-01
7.5296e-01
7.8063e-01
7.6105e-01
7.8583e-01
7.8002e-01
7.7022e-01
7.4450e-01
7.6967e-01
7.8509e-01
7.7280e-01
7.5836e-01
7.5001e-01
7.7135e-01
7.7397e-01
7.5474e-01
7.6725e-01
7.7510e-01
7.6410e-01
7.9053e-01
7.6779e-01
7.7502e-01
7.6391e-01
7.7668e-01
7.8074e-01
7.4577e-01
7.7104e-01
7.6028e-01
7.6645e-01
7.5507e-01
7.6700e-01
7.5897e-01
7.5797e-01
7.5398e-01
7.7328e-01
7.5921e-01
7.4852e-01
7.6711e-01
7.7458e-01
7.5483e-01
7.6267e-01
7.4809e-01
7.9989e-01
7.7217e-01
7.6696e-01
7.8388e-01
7.5794e-01
7.7165e-01
7.6062e-01
7.4615e-01
7.7510e-01
7.8158e-01
7.7055e-01
7.3845e-01
7.7151e-01
7.7990e-01
7.3860e-01
7.8746e-01
7.7543e-01
7.6417e-01
7.4628e-01
7.9242e-01
7.6354e-01
7.7655e-01
7.7928e-01
7.4546e-01
7.4376e-01
7.7321e-01
7.4464e-01
7.6507e-01
7.6306e-01
7.5502e-01
7.7095e-01
7.7576e-01
7.4463e-01
7.6602e-01
7.6208e-01
7.6544e-01
7.8279e-01
7.7845e-01
7.5925e-01
7.6157e-01
7.5053e-01
7.5287e-01
6.0482e-01
7.7386e-01
7.8038e-01
7.3795e-01
7.2708e-01
7.7820e-01
7.7734e-01
7.5925e-01
7.8325e-01
7.9220e-01
7.8257e-01
7.9172e-01
7.4596e-01
7.6570e-01
7.5366e-01
7.0343e-01
7.9454e-01
8.2776e-01
7.5697e-01
7.7673e-01
7.7212e-01
7.5771e-01
7.6784e-01
7.8823e-01
7.8442e-01
7.7829e-01
7.6379e-01
7.6201e-01
7.5500e-01
7.9074e-01
7.5399e-01
7.5468e-01
7.8562e-01
6.3372e-01
7.7358e-01
7.4724e-01
7.9422e-01
7.7706e-01
7.9227e-01
7.6535e-01
7.6196e-01
7.8118e-01
7.6762e-01
7.6971e-01
7.8526e-01
7.3338e-01
7.4174e-01
8.0295e-01
7.6214e-01
7.7043e-01
7.9477e-01
7.8840e-01
7.4622e-01
7.4692e-01
7.8095e-01
7.6001e-01
7.6025e-01
7.6535e-01
7.8282e-01
7.3616e-01
7.6204e-01
7.7961e-01
7.9125e-01
7.4996e-01
7.7164e-01
7.7223e-01
7.6429e-01
7.6685e-01
8.1310e-01
7.7255e-01
7.6617e-01
7.6052e-01
7.6984e-01
7.8742e-01
7.5563e-01
7.5153e-01
8.1000e-01
7.7143e-01
7.9148e-01
7.6157e-01
7.5840e-01
7.8297e-01
7.8164e-01
7.6914e-01
7.7839e-01
7.5935e-01
7.6728e-01
7.8474e-01
7.6998e-01
7.5254e-01
7.7799e-01
7.5063e-01
7.5505e-01
7.6292e-01
7.7940e-01
7.6546e-01
7.6491e-01
7.7396e-01
7.6677e-01
7.7747e-01
7.7576e-01
7.3168e-01
7.4764e-01
7.8933e-01
7.4086e-01
7.7432e-01
7.6795e-01
7.6696e-01
7.9286e-01
7.4586e-01
7.6541e-01
7.4889e-01
7.6084e-01
7.6772e-01
7.6809e-01
7.7639e-01
7.8471e-01
7.6296e-01
7.6195e-01
7.5793e-01
7.7042e-01
7.5971e-01
7.8840e-01
7.7730e-01
7.6010e-01
7.6162e-01
7.6656e-01
7.6677e-01
7.7816e-01
7.5402e-01
7.4419e-01
7.6617e-01
7.4189e-01
7.5413e-01
7.6782e-01
7.8345e-01
7.7510e-01
7.7520e-01
7.8839e-01
7.7395e-01
7.4657e-01
5.9347e-01
7.8124e-01
7.5522e-01
7.8726e-01
7.5518e-01
7.7279e-01
7.8809e-01
7.5715e-01
7.6513e-01
7.5430e-01
7.7581e-01
7.7332e-01
7.6636e-01
7.5907e-01
7.6433e-01
7.7787e-01
7.5970e-01
7.5896e-01
7.6118e-01
7.4827e-01
7.4398e-01
7.4326e-01
7.6166e-01
7.7151e-01
7.6187e-01
7.9623e-01
7.6481e-01
7.7417e-01
7.6928e-01
7.7018e-01
7.8731e-01
7.8330e-01
7.9479e-01
7.5263e-01
7.7840e-01
7.6667e-01
8.0021e-01
7.6835e-01
7.6985e-01
7.6842e-01
7.3977e-01
7.8291e-01
7.6480e-01
7.6964e-01
7.7873e-01
7.7432e-01
7.5718e-01
7.8710e-01
7.5673e-01
7.6323e-01
7.5433e-01
7.4638e-01
7.6645e-01
7.6341e-01
7.6795e-01
7.5291e-01
7.6856e-01
7.7028e-01
7.3260e-01
7.7780e-01
7.6841e-01
7.9754e-01
7.6588e-01
7.7173e-01
7.6980e-01
7.8276e-01
7.2697e-01
7.6482e-01
7.7217e-01
7.9373e-01
7.6607e-01
7.6604e-01
7.6529e-01
7.8086e-01
7.4911e-01
7.8045e-01
7.8353e-01
7.6892e-01
7.5911e-01
7.6816e-01
7.4558e-01
7.7379e-01
7.9361e-01
7.9269e-01
7.6521e-01
7.6601e-01
7.5639e-01
7.8467e-01
7.8552e-01
7.4186e-01
7.8306e-01
7.9710e-01
7.8329e-01
7.6881e-01
7.8845e-01
7.7015e-01
7.6680e-01
7.5033e-01
7.4069e-01
7.6862e-01
8.0840e-01
7.2352e-01
7.6922e-01
7.7994e-01
7.7736e-01
7.8761e-01
7.6476e-01
7.7345e-01
7.5972e-01
7.8548e-01
7.6712e-01
7.7179e-01
7.6733e-01
7.6603e-01
7.6885e-01
7.7154e-01
7.7162e-01
7.8077e-01
7.7854e-01
7.6013e-01
7.6830e-01
7.6993e-01
7.4647e-01
8.0053e-01
7.7223e-01
7.9064e-01
7.6267e-01
7.8457e-01
7.7658e-01
7.7529e-01
7.6643e-01
7.7140e-01
7.7519e-01
7.7019e-01
7.4466e-01
7.6722e-01
7.8003e-01
7.7286e-01
7.8740e-01
7.6488e-01
7.6028e-01
7.6984e-01
7.6633e-01
7.5900e-01
7.6705e-01
7.5023e-01
7.9103e-01
7.6951e-01
7.6444e-01
7.7376e-01
7.8039e-01
7.0393e-01
7.3825e-01
7.7315e-01
7.7210e-01
7.6872e-01
7.5479e-01
7.6991e-01
7.7968e-01
7.9487e-01
7.9566e-01
7.8324e-01
7.5601e-01
7.6338e-01
7.5253e-01
7.7652e-01
7.7581e-01
7.6601e-01
7.6545e-01
7.7127e-01
7.8941e-01
7.7326e-01
7.7198e-01
7.7179e-01
7.5814e-01
7.5023e-01
7.7923e-01
7.6651e-01
7.6609e-01
7.5739e-01
7.8393e-01
7.8297e-01
7.6306e-01
7.4874e-01
7.7191e-01
7.7696e-01
7.8452e-01
7.6326e-01
7.4835e-01
8.0224e-01
7.5782e-01
7.7564e-01
7.3806e-01
7.5398e-01
7.5738e-01
7.7860e-01
7.6561e-01
7.7869e-01
7.6666e-01
7.5396e-01
7.8845e-01
7.9349e-01
7.6178e-01
7.5125e-01
7.7754e-01
7.6219e-01
7.5292e-01
7.6525e-01
7.8437e-01
7.6484e-01
7.4432e-01
7.5436e-01
7.5911e-01
7.9125e-01
8.0809e-01
7.6697e-01
7.9520e-01
7.6061e-01
7.6573e-01
7.5311e-01
7.7085e-01
7.8136e-01
7.8202e-01
7.7073e-01
7.9176e-01
7.8185e-01
7.8976e-01
7.8253e-01
5.9970e-01
7.5691e-01
7.7227e-01
7.7372e-01
7.5946e-01
8.0085e-01
7.7487e-01
7.7136e-01
7.4512e-01
7.7181e-01
7.6995e-01
7.5750e-01
7.9398e-01
7.8078e-01
7.7697e-01
7.5607e-01
7.6808e-01
7.8511e-01
7.5805e-01
7.6738e-01
7.5198e-01
7.6685e-01
7.6175e-01
7.8034e-01
7.5865e-01
7.8987e-01
7.4885e-01
7.8165e-01
7.5775e-01
7.8685e-01
7.6575e-01
7.5785e-01
7.8596e-01
7.4277e-01
7.7937e-01
7.7293e-01
7.5191e-01
7.6770e-01
7.6903e-01
7.7271e-01
7.4711e-01
7.5541e-01
7.7801e-01
6.5187e-01
7.7349e-01
7.6408e-01
7.4808e-01
7.8231e-01
7.4125e-01
7.6298e-01
7.4883e-01
7.5909e-01
7.6714e-01
7.8377e-01
7.7473e-01
7.7088e-01
7.9518e-01
7.7142e-01
7.9508e-01
7.4947e-01
7.7373e-01
8.2571e-01
7.5068e-01
7.7619e-01
7.5020e-01
7.7584e-01
7.6615e-01
7.5946e-01
7.4551e-01
7.2594e-01
7.7122e-01
7.7462e-01
7.8927e-01
7.4675e-01
7.7656e-01
7.5300e-01
7.5584e-01
7.5520e-01
6.9180e-01
7.6946e-01
7.9277e-01
7.6799e-01
7.7621e-01
7.8920e-01
7.9182e-01
7.9475e-01
7.5843e-01
7.7724e-01
6.1295e-01
7.6374e-01
7.5373e-01
7.6801e-01
7.6610e-01
8.0581e-01
7.6416e-01
7.5651e-01
7.5429e-01
7.4363e-01
7.8956e-01
7.5088e-01
7.7881e-01
7.6285e-01
7.6771e-01
7.5289e-01
7.4611e-01
7.7701e-01
7.7199e-01
7.6645e-01
7.6838e-01
7.8343e-01
6.0931e-01
7.7153e-01
6.0805e-01
7.7508e-01
7.8040e-01
7.8650e-01
7.6057e-01
7.5166e-01
7.9204e-01
7.8616e-01
7.5221e-01
7.6873e-01
7.8853e-01
7.4476e-01
7.7404e-01
7.5306e-01
7.4190e-01
7.4472e-01
7.6379e-01
7.6328e-01
7.7723e-01
7.8043e-01
7.7914e-01
7.7010e-01
7.7077e-01
7.9293e-01
7.6835e-01
7.7808e-01
7.4239e-01
7.4672e-01
7.6288e-01
7.7111e-01
7.8795e-01
7.8665e-01
7.7535e-01
7.9412e-01
7.9452e-01
7.8257e-01
7.6836e-01
7.7749e-01
7.7586e-01
7.4256e-01
7.5892e-01
7.6004e-01
7.8209e-01
7.7089e-01
7.8848e-01
7.8083e-01
7.6972e-01
7.4517e-01
7.6139e-01
7.5856e-01
7.3525e-01
8.0221e-01
7.6539e-01
7.6211e-01
7.3739e-01
7.3709e-01
7.6168e-01
7.4571e-01
7.7502e-01
7.7251e-01
7.9293e-01
7.5013e-01
7.6968e-01
6.2006e-01
7.7478e-01
7.4571e-01
6.0940e-01
7.7208e-01
6.0339e-01
7.4680e-01
7.6184e-01
7.4863e-01
7.6551e-01
7.7176e-01
7.8607e-01
7.7376e-01
7.8658e-01
7.5590e-01
7.4857e-01
7.6355e-01
7.4649e-01
7.5851e-01
7.9671e-01
7.6870e-01
7.7762e-01
7.8122e-01
7.4485e-01
7.6765e-01
7.7914e-01
7.5176e-01
7.5457e-01
7.4654e-01
7.6788e-01
7.7830e-01
7.3113e-01
7.5871e-01
8.0796e-01
7.7289e-01
7.6426e-01
8.0673e-01
8.0175e-01
7.4433e-01
7.4943e-01
7.6465e-01
7.6806e-01
7.4487e-01
7.5616e-01
7.6639e-01
7.8578e-01
7.4723e-01
7.6134e-01
7.7632e-01
7.5630e-01
7.6950e-01
7.6728e-01
7.8013e-01
7.9314e-01
7.6705e-01
7.6933e-01
7.5558e-01
7.9260e-01
7.5734e-01
7.5574e-01
7.2820e-01
7.4250e-01
7.7257e-01
7.4471e-01
7.7848e-01
7.5264e-01
7.5522e-01
7.6268e-01
7.5416e-01
7.7052e-01
9.0000e-01
7.6076e-01
7.8809e-01
7.5135e-01
7.6422e-01
7.8475e-01
7.6594e-01
7.7290e-01
7.3656e-01
6.8454e-01
7.7362e-01
7.6248e-01
8.0368e-01
7.4664e-01
7.6720e-01
7.4398e-01
7.7327e-01
7.7419e-01
7.8175e-01
7.8441e-01
7.6928e-01
7.5990e-01
7.5226e-01
7.7040e-01
7.8207e-01
7.9207e-01
7.9158e-01
7.7470e-01
7.7688e-01
7.8192e-01
7.4806e-01
7.5552e-01
7.5257e-01
7.5829e-01
7.8572e-01
7.6334e-01
7.6710e-01
7.6083e-01
7.5999e-01
7.5375e-01
7.8473e-01
7.9087e-01
7.8084e-01
7.7016e-01
7.6159e-01
7.6953e-01
7.6064e-01
7.5897e-01
7.5898e-01
7.7177e-01
7.5537e-01
7.8745e-01
7.8343e-01
7.6676e-01
7.5327e-01
7.5997e-01
7.7427e-01
7.5834e-01
7.5285e-01
7.7293e-01
7.6903e-01
7.6355e-01
7.6776e-01
7.5241e-01
7.4466e-01
7.7897e-01
7.7072e-01
7.6776e-01
7.6491e-01
7.2405e-01
7.7497e-01
7.4808e-01
7.9513e-01
7.5474e-01
7.8869e-01
7.6838e-01
7.6696e-01
7.7378e-01
7.6614e-01
7.5517e-01
7.7332e-01
7.8326e-01
7.7673e-01
7.5281e-01
7.7480e-01
7.6780e-01
7.8141e-01
7.8232e-01
7.6482e-01
7.8812e-01
7.5693e-01
7.6701e-01
7.4257e-01
7.5078e-01
7.6034e-01
7.6680e-01
7.6870e-01
7.5878e-01
7.6925e-01
7.7305e-01
7.6480e-01
7.8764e-01
7.4760e-01
7.9449e-01
7.5217e-01
7.7574e-01
7.4236e-01
7.5350e-01
7.7805e-01
7.6624e-01
7.7272e-01
7.8483e-01
7.7241e-01
7.5772e-01
7.6676e-01
7.7481e-01
7.5606e-01
7.3646e-01
7.3814e-01
7.6581e-01
7.5279e-01
7.8266e-01
7.6284e-01
7.7791e-01
7.7843e-01
7.8017e-01
7.6934e-01
7.4395e-01
7.7023e-01
7.9998e-01
7.6493e-01
7.5892e-01
7.7311e-01
7.6160e-01
7.7139e-01
5.9916e-01
7.4287e-01
7.9403e-01
7.7770e-01
7.9982e-01
7.5415e-01
7.7688e-01
7.7652e-01
7.6570e-01
7.5951e-01
7.4379e-01
7.7777e-01
7.5564e-01
7.7277e-01
7.6215e-01
7.6514e-01
7.4368e-01
7.5844e-01
7.6491e-01
7.5932e-01
7.6761e-01
7.5233e-01
7.6941e-01
7.6061e-01
7.4576e-01
7.6852e-01
7.7806e-01
7.3653e-01
7.5223e-01
7.6034e-01
7.6070e-01
7.7675e-01
7.3670e-01
7.7570e-01
7.6228e-01
7.5488e-01
7.5963e-01
7.8419e-01
7.6040e-01
7.4830e-01
7.7171e-01
7.6441e-01
7.4595e-01
7.6575e-01
7.6524e-01
7.6828e-01
7.6062e-01
7.8075e-01
7.7196e-01
8.1002e-01
8.0795e-01
8.0039e-01
7.4601e-01
5.9472e-01
7.9496e-01
7.2699e-01
7.8455e-01
7.9379e-01
5.9507e-01
7.2163e-01
7.8567e-01
7.9349e-01
7.7030e-01
7.7120e-01
7.5372e-01
7.6006e-01
6.8895e-01
7.7119e-01
7.4643e-01
7.6460e-01
7.6016e-01
7.7450e-01
7.6361e-01
7.6663e-01
7.5661e-01
7.4150e-01
7.6056e-01
7.3407e-01
7.5397e-01
7.4650e-01
7.8825e-01
7.8680e-01
7.9934e-01
7.5290e-01
7.6067e-01
7.6519e-01
7.8353e-01
7.4844e-01
7.9400e-01
7.3362e-01
7.7670e-01
7.5463e-01
7.7070e-01
7.5589e-01
7.7216e-01
7.5783e-01
7.6476e-01
7.8510e-01
7.4435e-01
7.7162e-01
7.6967e-01
7.6502e-01
7.8283e-01
7.5951e-01
7.6519e-01
7.7170e-01
7.6769e-01
7.6163e-01
7.6871e-01
6.9763e-01
7.7431e-01
7.4676e-01
7.9708e-01
7.6452e-01
7.6081e-01
7.6518e-01
7.8207e-01
7.6546e-01
7.7042e-01
7.6489e-01
7.6469e-01
7.6955e-01
7.7035e-01
7.5945e-01
7.7991e-01
7.5756e-01
7.7825e-01
7.7063e-01
7.7381e-01
7.6633e-01
7.6930e-01
7.8069e-01
7.8623e-01
7.6253e-01
7.7008e-01
7.9055e-01
7.4509e-01
7.6147e-01
7.9064e-01
7.5633e-01
7.5886e-01
7.4248e-01
7.9384e-01
7.8360e-01
7.5507e-01
7.8846e-01
7.6444e-01
7.5341e-01
7.7334e-01
7.6570e-01
7.6371e-01
