8.2493e-01
8.2605e-01
8.2581e-01
8.2321e-01
8.2135e-01
8.2321e-01
8.2463e-01
8.2059e-01
8.2498e-01
8.2268e-01
8.2085e-01
8.2459e-01
8.1841e-01
8.1674e-01
8.2227e-01
8.2394e-01
8.1991e-01
8.2374e-01
8.2546e-01
8.2098e-01
8.2325e-01
8.2262e-01
8.2151e-01
8.2449e-01
8.2292e-01
8.1990e-01
8.2220e-01
8.2475e-01
8.2567e-01
8.1797e-01
8.2449e-01
8.2331e-01
8.2153e-01
8.2474e-01
8.2444e-01
8.2194e-01
8.2018e-01
8.2290e-01
8.1996e-01
8.2184e-01
8.2345e-01
8.2632e-01
8.2223e-01
8.1625e-01
8.2524e-01
8.2086e-01
8.2405e-01
8.1926e-01
8.2206e-01
8.1826e-01
8.2494e-01
8.1862e-01
8.2407e-01
8.2181e-01
8.2500e-01
8.2633e-01
8.2453e-01
8.2427e-01
8.2031e-01
8.2109e-01
8.2199e-01
8.2203e-01
8.2510e-01
8.2042e-01
8.2370e-01
8.1897e-01
8.2177e-01
8.2281e-01
8.2396e-01
8.2377e-01
8.1973e-01
8.2449e-01
8.2318e-01
8.2263e-01
8.2343e-01
8.2032e-01
8.1722e-01
8.2705e-01
8.2152e-01
8.2093e-01
8.2388e-01
8.2034e-01
8.2667e-01
8.2693e-01
8.2603e-01
8.2084e-01
8.2165e-01
8.2396e-01
8.2461e-01
8.2518e-01
8.2343e-01
8.2516e-01
8.2445e-01
8.2551e-01
8.2687e-01
8.2222e-01
8.2760e-01
8.2192e-01
8.1802e-01
8.1920e-01
8.2458e-01
8.2415e-01
8.2510e-01
8.1908e-01
8.2318e-01
8.2135e-01
8.2361e-01
8.2370e-01
8.2783e-01
8.2357e-01
8.2409e-01
8.2183e-01
8.2409e-01
8.2376e-01
8.2386e-01
8.1973e-01
8.2542e-01
8.2260e-01
8.2091e-01
8.2429e-01
8.2687e-01
8.1985e-01
8.2745e-01
8.2527e-01
8.2448e-01
8.2431e-01
8.2260e-01
8.2045e-01
8.2092e-01
8.2593e-01
8.2720e-01
8.2189e-01
8.1437e-01
8.2277e-01
8.2144e-01
8.2497e-01
8.1976e-01
8.2422e-01
8.2599e-01
8.2289e-01
8.2007e-01
8.2018e-01
8.2220e-01
8.2116e-01
8.2075e-01
8.2682e-01
8.2138e-01
8.2358e-01
8.2143e-01
8.1844e-01
8.2145e-01
8.2300e-01
8.2178e-01
8.2402e-01
8.1887e-01
8.1831e-01
8.2574e-01
8.2168e-01
8.1741e-01
8.2283e-01
8.2104e-01
8.2101e-01
8.1886e-01
8.2310e-01
8.2230e-01
8.2469e-01
8.2754e-01
8.2421e-01
8.1840e-01
8.2497e-01
8.2599e-01
8.2269e-01
8.2356e-01
8.2492e-01
8.2403e-01
8.2288e-01
8.1953e-01
8.2005e-01
8.2254e-01
8.2489e-01
8.2551e-01
8.1584e-01
8.1995e-01
8.1621e-01
8.2473e-01
8.2395e-01
8.2169e-01
8.2383e-01
8.1840e-01
8.2038e-01
8.2224e-01
8.2360e-01
8.2199e-01
8.1684e-01
8.1997e-01
8.2644e-01
8.2606e-01
8.2375e-01
8.1978e-01
8.2321e-01
8.2418e-01
8.1964e-01
8.2319e-01
8.1867e-01
8.2071e-01
8.1791e-01
8.2360e-01
8.2054e-01
8.2664e-01
8.2231e-01
8.2217e-01
8.2216e-01
8.2451e-01
8.2070e-01
8.2666e-01
8.2500e-01
8.2193e-01
8.2497e-01
8.2360e-01
8.2179e-01
8.2394e-01
8.2344e-01
8.2494e-01
8.2367e-01
7.9518e-01
8.2643e-01
8.2786e-01
8.2088e-01
8.2472e-01
8.1826e-01
8.4948e-01
8.2724e-01
8.2431e-01
8.2325e-01
8.2605e-01
8.1813e-01
8.2277e-01
8.2102e-01
8.2469e-01
8.2460e-01
8.2433e-01
8.2361e-01
8.2063e-01
8.2737e-01
8.1827e-01
8.2112e-01
8.2388e-01
8.2520e-01
8.2773e-01
8.1872e-01
7.9949e-01
8.2507e-01
8.2419e-01
8.2395e-01
8.2589e-01
8.2155e-01
8.1515e-01
8.1996e-01
8.2247e-01
8.2291e-01
8.2057e-01
8.1895e-01
8.1831e-01
8.1856e-01
8.2653e-01
8.2158e-01
8.2140e-01
8.2052e-01
8.2478e-01
8.2205e-01
8.2298e-01
8.2703e-01
8.2374e-01
8.2392e-01
8.2397e-01
8.2351e-01
8.2585e-01
8.2342e-01
8.2131e-01
8.1624e-01
8.2090e-01
8.1786e-01
8.2251e-01
8.2585e-01
8.2239e-01
8.2388e-01
8.2613e-01
8.1983e-01
8.2567e-01
8.1803e-01
8.2340e-01
8.2171e-01
8.1986e-01
8.2605e-01
8.2613e-01
8.2383e-01
8.2202e-01
8.2232e-01
8.2300e-01
8.2194e-01
8.2456e-01
8.2452e-01
8.2424e-01
8.2386e-01
8.2045e-01
8.2298e-01
8.1863e-01
8.2163e-01
8.2218e-01
8.1891e-01
8.2291e-01
8.2360e-01
8.2330e-01
8.2097e-01
8.2443e-01
8.2341e-01
8.2744e-01
8.2641e-01
8.2778e-01
8.2466e-01
8.2269e-01
8.2390e-01
8.2254e-01
8.2302e-01
8.1927e-01
8.2212e-01
8.1939e-01
8.2874e-01
8.2395e-01
8.1758e-01
8.2327e-01
8.2361e-01
8.2384e-01
8.2047e-01
8.1824e-01
8.2038e-01
8.1832e-01
8.2579e-01
8.2815e-01
8.2552e-01
8.2288e-01
8.2099e-01
8.2310e-01
8.2300e-01
8.2680e-01
8.1893e-01
8.2241e-01
8.2115e-01
8.2194e-01
8.2268e-01
8.2564e-01
8.2479e-01
8.2497e-01
8.1995e-01
8.2266e-01
8.2096e-01
8.2377e-01
8.2160e-01
8.2275e-01
8.2479e-01
8.2898e-01
8.2742e-01
8.2275e-01
8.2057e-01
8.2090e-01
8.2134e-01
8.2028e-01
8.1979e-01
8.2236e-01
8.2457e-01
8.2721e-01
8.2679e-01
8.2274e-01
8.2014e-01
8.1937e-01
8.2474e-01
8.1967e-01
8.2440e-01
8.2806e-01
8.2354e-01
8.2108e-01
8.2247e-01
8.1914e-01
8.2392e-01
8.2162e-01
8.2184e-01
8.2479e-01
8.2635e-01
8.2230e-01
8.2495e-01
8.2096e-01
8.2253e-01
8.2063e-01
8.2122e-01
8.2002e-01
8.2143e-01
8.2267e-01
8.2280e-01
8.1986e-01
8.2349e-01
8.2254e-01
8.1812e-01
8.2649e-01
8.1764e-01
8.2129e-01
8.1908e-01
8.1960e-01
8.2344e-01
8.1711e-01
8.2363e-01
8.2709e-01
8.2359e-01
8.2206e-01
8.2634e-01
8.2372e-01
8.2555e-01
8.2536e-01
8.1881e-01
8.2696e-01
8.2498e-01
8.2633e-01
8.2225e-01
8.1920e-01
8.2268e-01
8.2322e-01
8.2425e-01
8.2553e-01
8.2248e-01
8.2186e-01
8.2285e-01
8.2471e-01
8.2298e-01
8.1932e-01
8.2428e-01
8.2371e-01
8.2387e-01
8.2395e-01
8.2197e-01
8.2338e-01
8.2248e-01
8.2339e-01
8.2469e-01
8.2580e-01
8.2301e-01
8.2180e-01
8.2285e-01
8.2520e-01
8.2494e-01
8.2426e-01
8.2302e-01
8.2360e-01
8.2332e-01
8.2620e-01
8.2597e-01
8.1785e-01
8.2532e-01
8.1903e-01
8.1969e-01
8.2040e-01
8.2730e-01
8.2315e-01
8.2502e-01
8.1771e-01
8.2473e-01
8.2380e-01
8.2481e-01
8.2300e-01
8.2233e-01
8.2634e-01
8.1694e-01
8.1664e-01
8.2391e-01
8.2555e-01
8.2592e-01
8.2206e-01
8.2196e-01
8.2455e-01
8.2319e-01
8.2121e-01
8.2089e-01
8.1796e-01
8.2113e-01
8.2680e-01
8.2154e-01
8.1536e-01
8.1999e-01
8.1839e-01
8.2497e-01
8.2639e-01
8.2410e-01
8.2539e-01
8.2317e-01
8.2124e-01
8.1957e-01
8.2447e-01
8.2028e-01
7.9849e-01
8.2243e-01
8.2329e-01
8.1938e-01
8.1927e-01
8.2364e-01
8.1902e-01
8.1824e-01
8.2080e-01
8.2316e-01
8.2249e-01
8.1998e-01
8.2216e-01
8.2412e-01
8.2760e-01
8.2611e-01
8.2075e-01
8.1775e-01
8.2600e-01
8.2158e-01
8.2482e-01
8.1937e-01
8.2415e-01
8.2565e-01
8.2370e-01
8.1981e-01
8.2273e-01
8.1813e-01
8.2569e-01
8.2141e-01
8.2399e-01
8.2192e-01
8.2046e-01
8.2354e-01
8.1910e-01
8.2553e-01
8.2255e-01
8.2208e-01
8.2504e-01
8.2287e-01
8.1804e-01
8.2179e-01
8.2439e-01
8.2194e-01
8.2346e-01
8.2195e-01
8.1826e-01
8.2428e-01
8.2398e-01
8.2494e-01
8.2035e-01
8.2047e-01
8.2507e-01
8.2623e-01
8.1952e-01
7.8017e-01
8.2390e-01
8.1671e-01
8.2376e-01
8.2561e-01
8.2051e-01
8.2002e-01
8.2042e-01
8.2564e-01
8.2086e-01
8.2330e-01
8.2454e-01
8.2199e-01
8.2038e-01
8.2215e-01
8.2296e-01
8.2657e-01
8.1868e-01
8.2329e-01
8.2026e-01
8.2130e-01
8.2204e-01
8.2084e-01
8.2338e-01
8.1778e-01
8.2334e-01
8.3329e-01
8.2860e-01
8.2228e-01
8.2204e-01
8.2533e-01
8.2318e-01
8.1714e-01
8.2124e-01
8.2195e-01
8.2121e-01
8.2012e-01
8.2560e-01
8.2342e-01
8.1950e-01
8.2269e-01
8.2205e-01
8.2019e-01
8.2078e-01
8.2245e-01
8.2189e-01
8.2001e-01
8.1963e-01
8.2207e-01
8.2344e-01
8.2266e-01
8.2219e-01
8.1183e-01
8.2470e-01
8.2029e-01
8.1605e-01
8.2073e-01
8.2454e-01
8.2198e-01
8.2503e-01
8.2377e-01
8.2321e-01
8.2137e-01
8.2416e-01
8.1856e-01
8.2715e-01
8.2413e-01
8.2327e-01
8.2685e-01
8.2507e-01
8.2216e-01
8.2705e-01
8.2447e-01
8.1948e-01
8.2358e-01
8.2133e-01
8.2220e-01
8.2314e-01
8.1912e-01
8.2147e-01
8.2121e-01
8.1629e-01
8.2438e-01
8.2456e-01
8.2248e-01
8.2219e-01
8.2196e-01
8.1991e-01
8.2220e-01
8.2458e-01
7.9626e-01
8.2234e-01
8.1996e-01
8.2384e-01
8.2522e-01
8.2415e-01
8.2476e-01
8.2196e-01
8.2562e-01
8.2485e-01
8.2688e-01
8.1931e-01
8.2011e-01
8.2307e-01
8.2369e-01
8.2249e-01
8.2002e-01
8.2417e-01
8.2744e-01
8.2064e-01
8.2334e-01
8.1818e-01
8.1870e-01
8.2382e-01
8.2720e-01
8.2070e-01
8.2459e-01
8.1852e-01
8.2283e-01
8.2401e-01
8.2399e-01
8.1916e-01
8.1916e-01
8.2446e-01
8.2022e-01
8.2035e-01
8.1442e-01
8.2223e-01
8.2078e-01
8.2286e-01
8.2548e-01
8.2374e-01
8.1824e-01
8.1965e-01
8.1789e-01
8.2314e-01
8.2394e-01
8.2399e-01
8.2365e-01
8.2057e-01
8.2368e-01
8.2281e-01
8.2260e-01
8.2494e-01
8.1752e-01
8.1955e-01
8.2174e-01
8.2147e-01
8.2017e-01
8.1691e-01
8.2190e-01
8.2068e-01
8.2415e-01
8.2257e-01
8.2096e-01
8.2294e-01
8.2203e-01
8.2519e-01
8.2239e-01
8.2714e-01
8.2241e-01
8.1957e-01
8.2150e-01
8.2185e-01
8.2493e-01
8.2588e-01
8.2305e-01
8.2052e-01
8.2385e-01
8.2361e-01
8.2254e-01
8.2394e-01
8.1904e-01
8.2739e-01
8.2235e-01
8.1756e-01
8.2293e-01
8.1971e-01
8.2047e-01
8.2636e-01
8.2145e-01
8.2133e-01
8.2661e-01
8.1988e-01
8.2129e-01
8.2346e-01
8.2055e-01
8.2436e-01
8.2702e-01
8.2343e-01
8.2277e-01
8.1932e-01
8.2569e-01
8.2459e-01
8.2003e-01
8.2346e-01
8.2385e-01
8.2303e-01
8.2590e-01
8.2357e-01
8.1931e-01
8.2560e-01
8.2339e-01
8.2237e-01
8.1766e-01
8.1933e-01
8.2103e-01
8.2304e-01
8.2256e-01
8.1920e-01
8.2602e-01
8.2435e-01
8.2805e-01
8.1685e-01
8.2590e-01
8.1955e-01
8.2192e-01
8.2163e-01
8.2307e-01
8.2543e-01
8.2197e-01
8.2642e-01
8.2246e-01
8.2069e-01
8.2120e-01
8.2394e-01
8.1792e-01
8.2570e-01
8.2356e-01
8.1685e-01
8.2420e-01
8.2031e-01
8.2467e-01
8.1737e-01
8.2424e-01
8.2436e-01
8.2542e-01
8.1960e-01
8.2652e-01
8.1884e-01
8.1841e-01
8.2519e-01
8.1895e-01
8.2504e-01
8.2266e-01
8.2351e-01
8.2076e-01
8.2362e-01
8.2446e-01
8.1758e-01
8.2439e-01
8.2109e-01
8.2565e-01
8.1920e-01
8.1602e-01
8.2280e-01
8.2085e-01
8.2402e-01
8.2165e-01
8.1782e-01
8.2857e-01
8.2290e-01
8.2843e-01
8.2310e-01
8.2497e-01
8.2682e-01
8.2113e-01
8.2772e-01
8.2422e-01
8.2131e-01
8.1856e-01
8.2387e-01
8.2235e-01
8.2349e-01
8.2062e-01
8.2714e-01
8.1880e-01
8.2424e-01
8.2614e-01
8.2465e-01
8.2308e-01
8.1929e-01
8.2500e-01
8.2098e-01
8.2364e-01
8.2378e-01
8.2150e-01
8.2137e-01
8.1941e-01
8.2217e-01
8.2191e-01
8.2407e-01
8.2397e-01
8.2505e-01
8.2566e-01
8.2444e-01
8.2041e-01
8.2242e-01
8.2651e-01
8.2745e-01
8.2002e-01
8.2591e-01
8.2135e-01
8.2536e-01
8.2038e-01
8.2620e-01
8.2494e-01
8.2228e-01
8.2110e-01
8.2311e-01
8.2369e-01
8.2218e-01
8.2473e-01
8.2626e-01
8.2719e-01
8.2420e-01
8.2349e-01
8.2006e-01
8.2298e-01
8.2074e-01
8.2053e-01
8.1912e-01
8.1941e-01
8.2074e-01
8.2084e-01
8.2503e-01
8.2095e-01
8.2337e-01
8.2553e-01
8.2406e-01
8.2304e-01
8.2233e-01
8.2318e-01
8.2238e-01
8.2165e-01
8.1900e-01
8.1968e-01
8.2070e-01
8.2025e-01
8.2392e-01
8.1977e-01
8.2657e-01
8.2335e-01
8.2488e-01
8.2206e-01
8.2506e-01
8.2440e-01
8.2410e-01
8.2411e-01
8.2066e-01
8.2408e-01
8.2374e-01
8.1930e-01
8.2178e-01
8.2479e-01
8.2129e-01
8.2421e-01
8.2584e-01
8.2139e-01
8.2295e-01
8.2311e-01
8.2667e-01
8.2282e-01
8.2260e-01
8.2216e-01
8.2273e-01
8.2582e-01
8.1705e-01
8.2347e-01
8.2522e-01
8.2395e-01
8.2365e-01
8.1956e-01
8.1965e-01
8.2402e-01
8.2139e-01
8.2370e-01
8.2235e-01
8.2196e-01
8.1804e-01
8.2207e-01
8.2303e-01
8.2802e-01
8.2021e-01
8.1769e-01
8.1651e-01
8.2437e-01
8.2191e-01
8.2288e-01
8.2449e-01
8.2447e-01
8.2370e-01
8.2464e-01
8.2236e-01
8.2489e-01
8.2451e-01
8.2387e-01
8.2359e-01
8.1693e-01
8.2453e-01
8.1855e-01
8.2327e-01
8.2402e-01
8.2157e-01
8.1974e-01
8.2218e-01
8.1887e-01
8.2716e-01
8.0880e-01
8.2414e-01
8.2464e-01
8.2547e-01
8.2181e-01
8.2328e-01
8.2364e-01
8.2759e-01
8.2113e-01
8.2405e-01
8.2461e-01
8.2751e-01
8.2199e-01
8.2380e-01
8.2306e-01
8.2532e-01
8.2130e-01
8.2058e-01
8.2601e-01
8.2194e-01
8.0101e-01
8.2440e-01
8.2431e-01
8.1756e-01
8.1998e-01
8.2420e-01
8.2382e-01
8.2658e-01
8.2578e-01
8.2317e-01
8.2198e-01
8.2503e-01
8.2154e-01
8.2462e-01
8.2115e-01
8.1519e-01
8.2372e-01
8.1969e-01
8.2115e-01
8.2285e-01
8.2245e-01
