8.6382e-01
8.2582e-01
8.5645e-01
8.1892e-01
8.5272e-01
8.4809e-01
8.3546e-01
8.5845e-01
8.4217e-01
8.5699e-01
8.5019e-01
8.7053e-01
8.6381e-01
8.5790e-01
8.6404e-01
8.4804e-01
8.5647e-01
8.7484e-01
8.5208e-01
8.6912e-01
8.5985e-01
8.5238e-01
8.7112e-01
8.5759e-01
8.7156e-01
8.6375e-01
8.3868e-01
8.4752e-01
8.2601e-01
8.4756e-01
8.5833e-01
8.7464e-01
8.5488e-01
8.5799e-01
8.6117e-01
8.5939e-01
8.5235e-01
8.6630e-01
8.5727e-01
8.5449e-01
8.5733e-01
8.5493e-01
8.6999e-01
8.5587e-01
8.3245e-01
8.7230e-01
8.5349e-01
8.4520e-01
8.6397e-01
8.6598e-01
8.7033e-01
8.5579e-01
8.4205e-01
8.4244e-01
8.4040e-01
8.5338e-01
8.7016e-01
8.5439e-01
8.4957e-01
8.6078e-01
8.6119e-01
8.6768e-01
8.4614e-01
8.5917e-01
8.5862e-01
8.5138e-01
8.6348e-01
8.5059e-01
8.6208e-01
8.5249e-01
8.6195e-01
8.5152e-01
8.5179e-01
8.6914e-01
8.6098e-01
8.5362e-01
8.6826e-01
8.5978e-01
8.4502e-01
8.3661e-01
8.5788e-01
8.7999e-01
8.6413e-01
8.5762e-01
8.6731e-01
8.5502e-01
8.5011e-01
8.3421e-01
8.3530e-01
8.7404e-01
8.4733e-01
8.4980e-01
8.6056e-01
8.6513e-01
8.5962e-01
8.5355e-01
8.5810e-01
8.4917e-01
8.7195e-01
8.5555e-01
8.6018e-01
8.6518e-01
8.5862e-01
8.5497e-01
8.5703e-01
8.4572e-01
8.5585e-01
8.6448e-01
8.5307e-01
8.4752e-01
8.6053e-01
8.5632e-01
8.5542e-01
8.6001e-01
8.4628e-01
8.6379e-01
8.6224e-01
8.5181e-01
8.5373e-01
8.8869e-01
8.5205e-01
8.6691e-01
8.4005e-01
8.7077e-01
8.6404e-01
8.4735e-01
8.7429e-01
8.4586e-01
8.2366e-01
8.4624e-01
8.5044e-01
8.6229e-01
8.5965e-01
8.6268e-01
8.5935e-01
8.7066e-01
8.6693e-01
8.3653e-01
8.6200e-01
8.4627e-01
8.4569e-01
8.7015e-01
8.9991e-01
8.5615e-01
8.5156e-01
8.5527e-01
8.5214e-01
8.6653e-01
8.5184e-01
8.6251e-01
8.6029e-01
8.6249e-01
8.6137e-01
8.5120e-01
8.5098e-01
8.6471e-01
8.5488e-01
8.6324e-01
8.4260e-01
8.6064e-01
8.7328e-01
8.3793e-01
8.6949e-01
8.5390e-01
8.5175e-01
8.3908e-01
8.7151e-01
8.4330e-01
8.6069e-01
8.5955e-01
8.5261e-01
8.5854e-01
8.5428e-01
8.5009e-01
8.6620e-01
8.4364e-01
8.5538e-01
8.5533e-01
8.5029e-01
8.5523e-01
8.4421e-01
8.4829e-01
8.7277e-01
8.5971e-01
8.5284e-01
8.7638e-01
8.6380e-01
8.5263e-01
8.6234e-01
8.6179e-01
8.6091e-01
8.4925e-01
8.6405e-01
8.7237e-01
8.5497e-01
8.4204e-01
8.5431e-01
8.4944e-01
8.5311e-01
8.6162e-01
8.5067e-01
8.4264e-01
8.4738e-01
8.3300e-01
8.6466e-01
8.5022e-01
8.5499e-01
8.6549e-01
8.5934e-01
8.7856e-01
8.6490e-01
8.5643e-01
8.5370e-01
8.4983e-01
8.6105e-01
8.3924e-01
8.5961e-01
8.3602e-01
8.5028e-01
8.5691e-01
8.6806e-01
8.2634e-01
8.7250e-01
8.6054e-01
8.5114e-01
8.5609e-01
8.5959e-01
8.4568e-01
8.5236e-01
8.6733e-01
8.4852e-01
8.5554e-01
8.5494e-01
8.5363e-01
8.5968e-01
8.5999e-01
8.5476e-01
8.3019e-01
8.3377e-01
8.5327e-01
8.7299e-01
8.5366e-01
8.6362e-01
8.5745e-01
8.5444e-01
8.6469e-01
8.6009e-01
8.5065e-01
8.5011e-01
8.6516e-01
8.4633e-01
8.6041e-01
8.5114e-01
8.5136e-01
8.5177e-01
8.6456e-01
8.6159e-01
8.6918e-01
8.5670e-01
8.4184e-01
8.6072e-01
8.4824e-01
8.7653e-01
8.4428e-01
8.5345e-01
8.4464e-01
8.5016e-01
8.5809e-01
8.7410e-01
8.6046e-01
8.6030e-01
8.6010e-01
8.6464e-01
8.5492e-01
8.5670e-01
8.4766e-01
8.6062e-01
8.4861e-01
8.5368e-01
8.6300e-01
8.6563e-01
8.6290e-01
8.5817e-01
8.6548e-01
8.5252e-01
8.6281e-01
8.5808e-01
8.5769e-01
8.5438e-01
8.4982e-01
8.4560e-01
8.5533e-01
8.4709e-01
8.5061e-01
8.6540e-01
8.5216e-01
8.5252e-01
8.6236e-01
8.6029e-01
8.6821e-01
8.5777e-01
8.4812e-01
8.5795e-01
8.2880e-01
8.6412e-01
8.6119e-01
8.6831e-01
8.6278e-01
8.7143e-01
8.5385e-01
8.6298e-01
8.5230e-01
8.6414e-01
8.5876e-01
8.6549e-01
8.5396e-01
8.6307e-01
8.3913e-01
8.5897e-01
8.6495e-01
8.5460e-01
8.6070e-01
8.5702e-01
8.5797e-01
8.6718e-01
8.6027e-01
8.5591e-01
8.4229e-01
8.5623e-01
8.5115e-01
8.5520e-01
8.6564e-01
8.5745e-01
8.6536e-01
8.5539e-01
8.6293e-01
8.5893e-01
8.4648e-01
8.3556e-01
8.6633e-01
8.8038e-01
8.6686e-01
8.6057e-01
8.7775e-01
8.4838e-01
8.4767e-01
8.5953e-01
8.5306e-01
8.4770e-01
8.6286e-01
8.5283e-01
8.4865e-01
8.5856e-01
8.6612e-01
8.6613e-01
8.4406e-01
8.4568e-01
8.6098e-01
8.4958e-01
8.5538e-01
8.4936e-01
8.5778e-01
8.8008e-01
8.4000e-01
8.6502e-01
8.6817e-01
8.2799e-01
8.1020e-01
8.5226e-01
8.4466e-01
8.4410e-01
8.5260e-01
8.5837e-01
8.5492e-01
8.6256e-01
8.6331e-01
8.5803e-01
8.5611e-01
8.5059e-01
8.6978e-01
8.5703e-01
8.6627e-01
8.7489e-01
8.5871e-01
8.5848e-01
8.7329e-01
8.7070e-01
8.7219e-01
8.4824e-01
8.4605e-01
8.5929e-01
8.6290e-01
8.6192e-01
8.4303e-01
8.5646e-01
8.5363e-01
8.5910e-01
8.6114e-01
8.6552e-01
8.2949e-01
8.3985e-01
8.5677e-01
8.4996e-01
8.6703e-01
8.5122e-01
8.6056e-01
8.6694e-01
8.4667e-01
8.6703e-01
8.5344e-01
8.5996e-01
8.4880e-01
8.6026e-01
8.5143e-01
8.5162e-01
8.5085e-01
8.4666e-01
8.4661e-01
8.4315e-01
8.6508e-01
8.3730e-01
8.5812e-01
8.4931e-01
8.5346e-01
8.5481e-01
8.5054e-01
8.5418e-01
8.5629e-01
8.5450e-01
8.5753e-01
8.6689e-01
8.6231e-01
8.6932e-01
8.4945e-01
8.5030e-01
8.7205e-01
8.4344e-01
8.3488e-01
8.5899e-01
8.5060e-01
8.6495e-01
8.6297e-01
8.5904e-01
8.5668e-01
8.4922e-01
8.5143e-01
8.4686e-01
8.5376e-01
8.7631e-01
8.6247e-01
8.6725e-01
8.5776e-01
8.5510e-01
8.6868e-01
8.5803e-01
8.4811e-01
8.6101e-01
8.4220e-01
8.6503e-01
8.4580e-01
8.6520e-01
8.6748e-01
8.7383e-01
8.6761e-01
8.6543e-01
8.4710e-01
8.4824e-01
8.6055e-01
8.6054e-01
8.3667e-01
8.4895e-01
8.7954e-01
8.5846e-01
8.6888e-01
8.5885e-01
8.5959e-01
8.6218e-01
8.7362e-01
8.6179e-01
8.5634e-01
8.4069e-01
8.5931e-01
8.5435e-01
8.5544e-01
8.5460e-01
8.4491e-01
8.6051e-01
8.5509e-01
8.6610e-01
8.3643e-01
8.5234e-01
8.5897e-01
8.6645e-01
8.6599e-01
8.6353e-01
8.5787e-01
8.3813e-01
8.5443e-01
8.6454e-01
8.6774e-01
8.5805e-01
8.6361e-01
8.7159e-01
8.6084e-01
8.5423e-01
8.4934e-01
8.5437e-01
8.5538e-01
8.5302e-01
8.4597e-01
8.6700e-01
8.6396e-01
8.5717e-01
8.6520e-01
8.6109e-01
8.5767e-01
8.5069e-01
8.5861e-01
8.4232e-01
8.4756e-01
8.6083e-01
8.7937e-01
8.5874e-01
8.7052e-01
8.5672e-01
8.5517e-01
8.6363e-01
8.5572e-01
8.5722e-01
8.2739e-01
8.6472e-01
8.6099e-01
8.6659e-01
8.7171e-01
8.5084e-01
8.4297e-01
8.5510e-01
8.5951e-01
8.4351e-01
8.6488e-01
8.4745e-01
8.5482e-01
8.5300e-01
8.4884e-01
8.5769e-01
8.5941e-01
8.5276e-01
8.4842e-01
8.6032e-01
8.7317e-01
8.6518e-01
8.5551e-01
8.6382e-01
8.6897e-01
8.4656e-01
8.6955e-01
8.5808e-01
8.5868e-01
8.3656e-01
8.5248e-01
8.4966e-01
8.4051e-01
8.6181e-01
8.4953e-01
8.6425e-01
8.4596e-01
8.7596e-01
8.5628e-01
8.6975e-01
8.5547e-01
8.5329e-01
8.5275e-01
8.4817e-01
8.5283e-01
8.6500e-01
8.6250e-01
8.6933e-01
8.5114e-01
8.6148e-01
8.3853e-01
8.5607e-01
8.6580e-01
8.6271e-01
8.5624e-01
8.4815e-01
8.5735e-01
8.5944e-01
8.4891e-01
8.5749e-01
8.4592e-01
8.4579e-01
8.3677e-01
8.5835e-01
8.6211e-01
8.4777e-01
8.6097e-01
8.6512e-01
8.5697e-01
8.6719e-01
8.7195e-01
8.6348e-01
8.7066e-01
8.6185e-01
8.5290e-01
8.2639e-01
8.5437e-01
8.4932e-01
8.5694e-01
8.6068e-01
8.5635e-01
8.4540e-01
8.6156e-01
8.4844e-01
8.5307e-01
8.5758e-01
8.5893e-01
8.7192e-01
8.6524e-01
8.4962e-01
8.6607e-01
8.6852e-01
8.6591e-01
8.5907e-01
8.5028e-01
8.5505e-01
8.4719e-01
8.5167e-01
8.5571e-01
8.5206e-01
8.5324e-01
8.6766e-01
8.5449e-01
8.4732e-01
8.4409e-01
8.5110e-01
8.5951e-01
8.4747e-01
8.6305e-01
8.4181e-01
8.4803e-01
8.5281e-01
8.6493e-01
8.5319e-01
8.6112e-01
8.5186e-01
8.5249e-01
8.5865e-01
8.7302e-01
8.2802e-01
8.5091e-01
8.5330e-01
8.6844e-01
8.6080e-01
8.6850e-01
8.5896e-01
8.4766e-01
8.5204e-01
8.6204e-01
8.5658e-01
8.6347e-01
8.4749e-01
8.5666e-01
8.4337e-01
8.5774e-01
8.4661e-01
8.5100e-01
8.5471e-01
8.4385e-01
8.5416e-01
8.5275e-01
8.6306e-01
8.5782e-01
8.5169e-01
8.6692e-01
8.6805e-01
8.4085e-01
8.4459e-01
8.7495e-01
8.5001e-01
8.5705e-01
8.8993e-01
8.6252e-01
8.6622e-01
8.6179e-01
8.6407e-01
8.6728e-01
8.5882e-01
8.6403e-01
8.4012e-01
8.4846e-01
8.4520e-01
8.5771e-01
8.4980e-01
8.4843e-01
8.6923e-01
8.5661e-01
8.4997e-01
8.6250e-01
8.5686e-01
8.5836e-01
8.4622e-01
8.0992e-01
8.4755e-01
8.5116e-01
8.5957e-01
8.5544e-01
8.5543e-01
8.7047e-01
8.5752e-01
8.5516e-01
8.5887e-01
8.5232e-01
8.4778e-01
8.6111e-01
8.5263e-01
8.4774e-01
8.5399e-01
8.6589e-01
8.5707e-01
8.5924e-01
8.4003e-01
8.5624e-01
8.5697e-01
8.5974e-01
8.5539e-01
8.5270e-01
8.6624e-01
8.6217e-01
8.5819e-01
8.6105e-01
8.7408e-01
8.1763e-01
8.4609e-01
8.6927e-01
8.5593e-01
8.6147e-01
8.1849e-01
8.7013e-01
8.4597e-01
8.5013e-01
8.6766e-01
8.6048e-01
8.6875e-01
8.4285e-01
8.4450e-01
7.1734e-01
7.1464e-01
8.7556e-01
8.7116e-01
8.6052e-01
8.6254e-01
8.6167e-01
8.6287e-01
8.5495e-01
8.4810e-01
8.5101e-01
8.4818e-01
8.6792e-01
8.6261e-01
8.4481e-01
8.5168e-01
8.7618e-01
8.4325e-01
8.4295e-01
8.4907e-01
8.6016e-01
8.7793e-01
8.4128e-01
8.4139e-01
8.5322e-01
8.5759e-01
8.4397e-01
8.4602e-01
8.6179e-01
8.5031e-01
8.4894e-01
8.5420e-01
8.5744e-01
8.5049e-01
8.5404e-01
8.5058e-01
8.8152e-01
8.4919e-01
8.5155e-01
8.6953e-01
8.5528e-01
8.6214e-01
8.5086e-01
8.5200e-01
8.5739e-01
8.4774e-01
8.5307e-01
8.5228e-01
8.6450e-01
8.4956e-01
8.5683e-01
8.6080e-01
8.7151e-01
7.1288e-01
8.6904e-01
8.7109e-01
8.4616e-01
8.5411e-01
8.6499e-01
8.7015e-01
8.4705e-01
8.6501e-01
8.4906e-01
8.7272e-01
8.5888e-01
8.4648e-01
8.6031e-01
8.4933e-01
8.4809e-01
8.7406e-01
8.5982e-01
8.4541e-01
8.4832e-01
8.2300e-01
8.4826e-01
8.6215e-01
8.4978e-01
8.2871e-01
8.6404e-01
8.5551e-01
8.5553e-01
8.7555e-01
8.5124e-01
8.4719e-01
8.5723e-01
8.5188e-01
8.5163e-01
8.3951e-01
8.5883e-01
8.5643e-01
8.5296e-01
8.4876e-01
8.4893e-01
8.6841e-01
8.6797e-01
8.6781e-01
8.4226e-01
8.7015e-01
8.7125e-01
8.5933e-01
8.6528e-01
8.5571e-01
8.5388e-01
8.6811e-01
8.6184e-01
8.4877e-01
8.4777e-01
8.3881e-01
8.6350e-01
8.5416e-01
8.4941e-01
8.5383e-01
8.5948e-01
8.4512e-01
8.6359e-01
8.4741e-01
8.6283e-01
8.4880e-01
8.7170e-01
8.5612e-01
8.7376e-01
8.6212e-01
8.5210e-01
8.5157e-01
8.6485e-01
8.6084e-01
8.5768e-01
8.4679e-01
8.4119e-01
8.4491e-01
8.6067e-01
8.5543e-01
8.6140e-01
8.5087e-01
8.6562e-01
8.6286e-01
8.6798e-01
8.4580e-01
8.5783e-01
8.4974e-01
8.3403e-01
8.5342e-01
8.5809e-01
8.6142e-01
8.4914e-01
8.5630e-01
8.7540e-01
8.4461e-01
8.5420e-01
8.4268e-01
8.5696e-01
8.5324e-01
8.6292e-01
8.6071e-01
8.5851e-01
8.6433e-01
8.5763e-01
8.6724e-01
8.3951e-01
8.6228e-01
8.3128e-01
8.5996e-01
8.6425e-01
8.5696e-01
8.6836e-01
8.6299e-01
8.5195e-01
8.5284e-01
8.5554e-01
8.5565e-01
8.6699e-01
8.5590e-01
8.5011e-01
8.5777e-01
8.6169e-01
8.4699e-01
8.6913e-01
8.6740e-01
8.4628e-01
8.4048e-01
8.5436e-01
8.6587e-01
8.5640e-01
8.5736e-01
8.5532e-01
8.6367e-01
8.5645e-01
8.7864e-01
8.5390e-01
8.4063e-01
8.5154e-01
8.5977e-01
8.5225e-01
8.5177e-01
8.5349e-01
8.5825e-01
8.6692e-01
8.5585e-01
8.5110e-01
8.5862e-01
8.4768e-01
8.7712e-01
8.5025e-01
8.5629e-01
8.5202e-01
8.5472e-01
8.4500e-01
8.5592e-01
8.5611e-01
8.4672e-01
8.5718e-01
8.5375e-01
8.7841e-01
8.5102e-01
8.5844e-01
8.6184e-01
8.5939e-01
8.4773e-01
8.7270e-01
8.7545e-01
8.5503e-01
8.5307e-01
8.5939e-01
8.6458e-01
8.4381e-01
8.5524e-01
8.5482e-01
8.6575e-01
8.5327e-01
8.6058e-01
8.4717e-01
8.2604e-01
8.5144e-01
8.5221e-01
8.6672e-01
8.6121e-01
8.7701e-01
8.5047e-01
8.6856e-01
8.5307e-01
8.6012e-01
8.6401e-01
8.6609e-01
8.5395e-01
8.5254e-01
8.4421e-01
8.4326e-01
8.4768e-01
8.5201e-01
8.5625e-01
8.6123e-01
8.5175e-01
8.6177e-01
8.5071e-01
8.6397e-01
