6.9120e-01
6.9097e-01
6.9764e-01
6.9474e-01
6.9037e-01
7.0145e-01
6.9269e-01
6.9497e-01
6.9651e-01
6.8994e-01
6.9468e-01
6.9361e-01
6.8993e-01
7.0057e-01
6.9406e-01
6.9360e-01
6.9648e-01
6.9607e-01
6.9574e-01
6.9463e-01
6.9399e-01
6.9828e-01
6.9593e-01
6.9342e-01
6.9850e-01
6.9697e-01
6.8837e-01
6.9447e-01
6.8655e-01
6.8999e-01
6.9322e-01
6.9424e-01
6.9256e-01
6.8872e-01
6.9054e-01
6.9661e-01
6.9276e-01
6.9430e-01
6.9274e-01
6.9330e-01
6.9410e-01
6.8510e-01
6.9500e-01
6.9477e-01
6.9015e-01
6.9225e-01
7.0221e-01
6.8831e-01
6.9474e-01
6.8831e-01
6.8496e-01
6.9078e-01
6.9195e-01
6.8097e-01
6.9313e-01
6.8906e-01
6.8746e-01
6.9445e-01
6.8911e-01
6.9341e-01
6.9364e-01
6.8684e-01
6.9449e-01
6.8932e-01
6.9286e-01
6.9083e-01
6.9521e-01
6.9529e-01
6.9495e-01
6.9001e-01
6.8921e-01
6.9001e-01
6.9363e-01
6.9392e-01
6.8930e-01
6.8929e-01
6.9353e-01
6.9536e-01
6.9815e-01
6.9213e-01
6.9153e-01
6.9619e-01
6.8657e-01
6.8870e-01
6.9024e-01
6.9663e-01
6.9176e-01
6.9400e-01
6.9337e-01
6.9325e-01
6.9169e-01
6.9193e-01
7.0002e-01
6.9326e-01
6.9511e-01
6.8911e-01
6.9686e-01
6.9041e-01
6.8486e-01
6.8402e-01
6.9504e-01
6.9057e-01
6.8816e-01
6.9337e-01
6.9419e-01
6.9731e-01
6.8941e-01
6.8928e-01
6.9238e-01
6.9973e-01
6.8863e-01
6.9321e-01
7.1704e-01
6.8481e-01
6.9413e-01
6.9274e-01
6.9448e-01
6.9294e-01
6.9108e-01
6.9035e-01
6.9254e-01
6.9317e-01
6.9602e-01
6.9107e-01
6.8219e-01
6.8802e-01
6.9536e-01
6.9900e-01
6.9521e-01
6.9384e-01
6.9101e-01
6.6319e-01
6.9413e-01
6.9883e-01
6.9907e-01
6.9070e-01
6.9132e-01
6.9107e-01
6.8938e-01
6.4146e-01
6.9399e-01
6.9287e-01
6.9809e-01
6.9570e-01
6.8839e-01
6.9278e-01
6.9678e-01
7.0040e-01
6.9794e-01
6.8980e-01
6.8996e-01
7.0046e-01
6.9157e-01
6.9897e-01
6.9522e-01
6.9564e-01
6.8329e-01
6.9555e-01
6.9458e-01
6.9182e-01
6.9560e-01
6.9356e-01
6.8576e-01
6.9542e-01
6.9416e-01
6.9203e-01
6.9564e-01
6.9406e-01
6.9480e-01
6.9357e-01
6.9316e-01
6.9269e-01
6.9078e-01
6.9105e-01
6.9793e-01
6.9073e-01
6.6940e-01
6.9146e-01
6.9365e-01
6.9649e-01
6.9165e-01
6.9381e-01
6.9227e-01
6.9004e-01
6.9070e-01
6.9844e-01
6.9328e-01
6.8965e-01
6.9356e-01
6.9511e-01
6.9414e-01
6.8871e-01
6.9017e-01
6.8755e-01
6.7820e-01
6.9443e-01
6.9134e-01
6.6588e-01
6.9217e-01
6.9135e-01
7.1983e-01
6.9048e-01
6.8921e-01
6.9144e-01
6.9383e-01
6.9079e-01
6.9583e-01
6.9540e-01
6.9046e-01
6.9291e-01
6.9719e-01
6.9988e-01
6.8698e-01
6.9525e-01
6.9322e-01
6.9183e-01
6.9120e-01
6.9599e-01
6.9420e-01
6.9271e-01
6.9008e-01
6.9035e-01
6.8954e-01
6.9517e-01
6.9585e-01
6.9613e-01
6.8865e-01
6.9003e-01
6.8438e-01
6.8816e-01
6.9243e-01
6.9664e-01
6.9107e-01
6.9626e-01
6.9317e-01
6.8664e-01
6.9206e-01
6.8401e-01
6.9040e-01
6.9570e-01
6.9491e-01
6.7651e-01
6.9869e-01
6.9899e-01
6.9256e-01
6.9465e-01
6.8789e-01
6.9047e-01
6.9619e-01
6.9060e-01
6.9848e-01
6.9513e-01
6.9670e-01
6.9408e-01
6.8536e-01
6.4651e-01
6.9313e-01
6.9092e-01
6.8849e-01
6.9285e-01
6.8409e-01
6.9563e-01
6.9523e-01
6.9106e-01
6.9695e-01
6.9304e-01
6.8712e-01
7.0175e-01
6.9495e-01
6.9404e-01
6.8096e-01
6.9446e-01
6.9025e-01
6.9482e-01
6.9385e-01
6.8778e-01
6.8756e-01
6.8606e-01
6.9893e-01
6.8834e-01
6.9485e-01
6.8985e-01
6.9834e-01
6.9173e-01
6.9424e-01
6.8315e-01
6.9652e-01
6.9419e-01
6.9706e-01
6.9354e-01
6.9651e-01
6.8206e-01
6.9377e-01
6.8431e-01
6.9194e-01
6.8102e-01
6.9664e-01
6.9129e-01
6.9239e-01
6.9522e-01
6.9627e-01
6.9083e-01
7.0920e-01
6.8833e-01
6.9153e-01
6.8706e-01
6.9094e-01
6.8968e-01
6.9248e-01
6.9018e-01
6.9402e-01
6.8802e-01
6.9124e-01
6.8951e-01
6.9061e-01
6.8964e-01
6.9961e-01
6.9264e-01
6.9240e-01
6.9217e-01
6.9038e-01
6.9068e-01
6.9304e-01
6.8794e-01
6.9449e-01
6.9344e-01
6.9357e-01
6.9166e-01
6.8782e-01
6.9757e-01
6.9206e-01
6.9166e-01
6.8693e-01
6.9143e-01
6.8879e-01
6.9814e-01
6.9174e-01
6.9155e-01
6.9488e-01
6.9607e-01
6.8354e-01
6.9104e-01
6.9540e-01
6.8196e-01
6.9811e-01
6.8387e-01
6.8536e-01
6.9150e-01
6.9719e-01
6.8646e-01
6.9593e-01
6.9265e-01
6.9103e-01
6.9236e-01
6.8580e-01
6.8760e-01
6.9706e-01
6.9126e-01
6.8806e-01
6.9170e-01
6.9459e-01
6.9141e-01
6.9013e-01
6.9555e-01
6.9174e-01
6.9344e-01
6.9195e-01
6.9430e-01
6.9368e-01
6.9137e-01
6.8969e-01
6.9328e-01
6.9862e-01
6.9461e-01
6.8987e-01
6.9438e-01
6.9495e-01
6.9235e-01
6.8408e-01
6.9128e-01
6.8839e-01
6.9302e-01
6.9105e-01
6.9243e-01
6.9939e-01
6.9805e-01
7.0209e-01
6.9240e-01
6.9442e-01
6.9145e-01
6.9361e-01
6.9564e-01
6.8758e-01
6.9077e-01
6.9600e-01
6.9276e-01
7.0186e-01
6.9250e-01
6.9024e-01
6.9534e-01
6.9336e-01
6.9454e-01
6.9011e-01
6.9453e-01
6.9099e-01
6.9314e-01
6.8967e-01
6.8706e-01
6.9761e-01
6.9386e-01
6.9271e-01
6.8975e-01
6.9397e-01
6.9955e-01
6.9096e-01
6.9547e-01
6.9283e-01
6.8976e-01
6.8891e-01
6.9516e-01
6.9244e-01
6.8985e-01
6.9475e-01
6.9247e-01
6.9246e-01
6.9032e-01
6.9209e-01
6.8970e-01
6.9125e-01
6.8964e-01
6.9409e-01
6.9655e-01
6.8994e-01
6.9321e-01
6.8490e-01
6.9172e-01
6.9099e-01
6.9477e-01
6.9606e-01
6.9561e-01
6.9434e-01
7.0013e-01
6.8787e-01
6.9506e-01
7.0194e-01
6.9379e-01
6.9854e-01
6.9470e-01
6.9384e-01
6.9128e-01
6.9623e-01
6.9496e-01
6.8347e-01
6.9119e-01
6.9403e-01
6.8857e-01
6.9321e-01
6.8942e-01
6.9530e-01
6.9374e-01
6.9614e-01
6.9578e-01
6.9509e-01
6.8950e-01
6.9803e-01
6.9407e-01
6.9297e-01
6.9493e-01
6.8579e-01
6.9685e-01
6.9385e-01
6.8913e-01
6.8919e-01
6.8782e-01
6.8846e-01
6.8601e-01
6.9905e-01
6.9739e-01
6.9095e-01
6.9346e-01
6.8841e-01
6.9465e-01
6.9447e-01
6.9549e-01
6.9404e-01
6.8497e-01
6.8677e-01
6.9524e-01
6.9613e-01
6.9723e-01
6.8956e-01
6.9850e-01
6.9230e-01
6.9922e-01
6.8960e-01
6.9375e-01
6.8907e-01
6.9781e-01
6.8982e-01
6.8635e-01
6.9364e-01
6.9552e-01
6.9013e-01
6.9445e-01
6.9915e-01
6.9099e-01
6.9194e-01
7.0214e-01
6.9884e-01
6.9721e-01
6.9428e-01
6.9503e-01
6.9259e-01
6.8729e-01
6.9406e-01
6.9257e-01
6.9278e-01
6.9023e-01
6.8944e-01
6.9499e-01
6.9429e-01
6.9143e-01
6.9007e-01
6.9875e-01
6.9244e-01
6.9438e-01
6.9106e-01
6.8874e-01
6.8976e-01
6.9474e-01
6.9055e-01
6.9217e-01
6.9071e-01
6.6275e-01
6.9278e-01
6.9619e-01
6.8543e-01
6.9884e-01
6.8774e-01
6.9054e-01
6.9466e-01
6.8920e-01
6.8949e-01
6.9773e-01
6.9169e-01
6.8569e-01
6.8510e-01
6.9744e-01
7.0006e-01
6.9479e-01
6.6109e-01
6.9274e-01
6.9614e-01
6.8896e-01
6.9509e-01
6.8745e-01
6.9515e-01
6.8921e-01
6.8641e-01
6.8183e-01
6.9676e-01
6.8769e-01
6.9013e-01
6.9244e-01
6.9182e-01
6.9330e-01
6.9410e-01
6.9286e-01
6.9032e-01
6.9379e-01
6.9649e-01
6.8837e-01
6.9561e-01
6.8336e-01
6.9267e-01
6.9804e-01
6.9048e-01
6.9553e-01
6.8644e-01
6.9365e-01
6.9123e-01
6.9082e-01
6.9190e-01
6.8572e-01
6.9432e-01
6.9340e-01
6.9122e-01
6.9972e-01
6.9307e-01
6.9520e-01
6.9954e-01
6.9404e-01
6.9090e-01
6.9490e-01
6.9120e-01
6.8920e-01
6.9140e-01
6.9012e-01
6.9236e-01
6.8863e-01
6.9371e-01
6.9119e-01
6.9697e-01
6.9337e-01
6.9990e-01
6.8422e-01
6.8587e-01
6.9125e-01
6.9462e-01
6.9192e-01
6.9099e-01
6.9633e-01
6.9127e-01
6.8877e-01
6.9395e-01
6.9795e-01
6.8930e-01
6.9111e-01
6.9739e-01
7.0091e-01
6.9603e-01
6.8603e-01
6.9488e-01
6.9062e-01
6.9927e-01
6.8789e-01
6.9110e-01
6.8469e-01
6.9472e-01
6.8774e-01
6.8498e-01
6.9356e-01
6.8959e-01
6.9193e-01
6.9601e-01
7.1945e-01
6.8155e-01
6.9404e-01
6.9658e-01
6.9273e-01
6.9071e-01
6.9520e-01
6.9182e-01
6.8836e-01
6.9356e-01
6.8624e-01
6.9486e-01
6.9672e-01
6.9151e-01
6.9069e-01
6.8580e-01
6.9854e-01
6.9358e-01
6.9387e-01
6.8879e-01
6.9279e-01
6.9044e-01
6.4605e-01
6.9033e-01
6.8964e-01
6.9060e-01
6.9259e-01
6.9343e-01
6.9491e-01
6.9373e-01
6.8990e-01
6.9155e-01
7.0848e-01
6.9593e-01
6.9240e-01
6.9724e-01
6.9149e-01
6.9402e-01
6.9299e-01
6.9647e-01
6.9781e-01
6.8601e-01
6.9503e-01
6.9367e-01
6.8882e-01
6.9495e-01
6.8970e-01
6.8505e-01
6.9462e-01
6.9761e-01
6.7972e-01
6.9539e-01
6.9542e-01
6.9503e-01
6.9401e-01
6.9313e-01
6.9175e-01
7.3458e-01
6.8892e-01
6.8772e-01
6.9228e-01
6.9208e-01
6.8984e-01
6.8873e-01
6.8982e-01
6.9358e-01
6.8300e-01
6.9675e-01
6.9255e-01
6.8531e-01
6.9713e-01
6.9395e-01
6.8686e-01
6.8358e-01
6.9262e-01
6.9480e-01
6.9339e-01
6.8725e-01
6.9193e-01
6.9600e-01
6.9813e-01
6.9356e-01
7.1235e-01
6.9477e-01
6.9427e-01
6.8487e-01
6.8628e-01
6.9071e-01
6.9122e-01
6.9220e-01
6.8528e-01
6.9455e-01
6.9001e-01
6.9379e-01
6.9048e-01
7.0082e-01
6.9270e-01
6.8041e-01
6.8883e-01
6.9399e-01
6.9200e-01
6.8621e-01
6.9358e-01
6.9174e-01
6.9483e-01
6.8849e-01
6.9569e-01
6.9234e-01
6.9024e-01
6.9310e-01
6.9293e-01
6.8752e-01
6.9293e-01
6.9096e-01
6.9373e-01
6.9422e-01
6.9079e-01
6.8942e-01
6.9616e-01
6.8760e-01
6.8815e-01
6.9185e-01
6.9300e-01
6.9654e-01
6.8913e-01
6.8858e-01
6.8765e-01
6.9644e-01
6.9397e-01
6.9488e-01
6.7177e-01
6.8958e-01
6.9422e-01
7.0005e-01
6.9315e-01
6.8988e-01
6.8677e-01
6.8978e-01
6.8466e-01
6.9298e-01
6.8904e-01
6.9094e-01
6.9481e-01
6.9257e-01
6.8495e-01
6.8995e-01
6.9359e-01
6.9416e-01
6.8965e-01
6.9219e-01
6.8386e-01
6.9517e-01
6.9196e-01
6.9617e-01
6.8676e-01
6.9278e-01
6.9768e-01
6.9159e-01
6.9418e-01
6.9115e-01
6.9349e-01
6.9498e-01
6.9826e-01
6.4554e-01
6.9339e-01
6.9622e-01
6.9086e-01
6.9245e-01
6.9474e-01
6.9820e-01
6.9318e-01
6.9125e-01
6.9590e-01
6.9376e-01
6.9235e-01
6.9489e-01
6.8847e-01
6.9428e-01
6.9095e-01
6.9405e-01
6.9648e-01
6.8352e-01
6.9120e-01
6.9681e-01
6.9078e-01
6.8870e-01
6.9138e-01
6.9347e-01
6.9567e-01
6.9269e-01
6.9318e-01
6.9307e-01
6.9395e-01
6.9132e-01
6.9464e-01
6.9440e-01
6.9597e-01
6.6371e-01
6.9137e-01
6.9128e-01
6.9261e-01
6.9276e-01
6.9108e-01
6.8401e-01
6.8686e-01
6.8909e-01
6.8944e-01
6.9673e-01
6.9739e-01
6.9750e-01
6.9335e-01
6.9491e-01
6.8822e-01
6.8914e-01
6.8922e-01
6.8991e-01
6.9715e-01
6.9222e-01
6.9294e-01
6.9483e-01
6.9761e-01
6.8735e-01
6.8911e-01
6.9319e-01
6.9278e-01
6.8884e-01
6.9645e-01
6.9823e-01
6.9360e-01
6.9350e-01
6.9206e-01
6.8919e-01
6.9123e-01
6.8629e-01
6.8708e-01
6.9024e-01
6.9282e-01
6.9564e-01
6.9167e-01
6.9081e-01
6.9219e-01
6.9372e-01
6.9387e-01
6.9120e-01
6.9403e-01
6.8967e-01
6.9172e-01
6.9277e-01
6.9663e-01
6.9376e-01
6.9076e-01
6.8554e-01
6.9466e-01
6.9264e-01
6.8581e-01
6.9151e-01
6.9495e-01
6.9578e-01
6.8855e-01
6.9020e-01
6.9666e-01
6.9285e-01
6.9292e-01
6.9181e-01
6.9556e-01
6.9458e-01
6.9077e-01
6.8549e-01
6.9136e-01
6.9354e-01
6.9563e-01
6.9074e-01
6.8852e-01
6.8813e-01
6.9543e-01
6.9373e-01
6.9038e-01
6.9696e-01
6.9742e-01
6.8694e-01
6.9400e-01
6.9380e-01
6.8844e-01
6.9442e-01
6.8820e-01
6.9499e-01
6.9506e-01
6.9571e-01
6.8785e-01
6.8497e-01
6.9061e-01
6.9472e-01
6.8645e-01
6.8852e-01
6.8981e-01
6.9831e-01
6.8696e-01
6.8921e-01
6.9442e-01
6.9128e-01
6.9247e-01
6.9219e-01
6.9495e-01
6.9295e-01
6.9761e-01
6.9401e-01
6.9000e-01
6.9471e-01
6.8171e-01
6.9778e-01
6.9178e-01
6.9451e-01
6.9229e-01
6.8982e-01
6.9514e-01
6.9631e-01
6.8944e-01
6.9012e-01
6.9625e-01
6.9377e-01
6.8558e-01
6.9807e-01
6.8328e-01
6.9096e-01
6.9416e-01
6.9555e-01
6.9071e-01
6.9322e-01
6.9143e-01
7.0091e-01
6.9354e-01
6.9661e-01
6.9106e-01
6.9639e-01
6.8580e-01
6.9663e-01
6.9287e-01
6.9299e-01
6.9732e-01
7.0026e-01
6.9724e-01
6.9281e-01
6.9549e-01
6.8969e-01
6.8798e-01
6.9740e-01
6.9128e-01
6.9387e-01
6.8794e-01
6.9194e-01
6.9616e-01
6.9498e-01
6.8984e-01
6.8843e-01
6.8623e-01
6.9526e-01
6.9266e-01
6.8990e-01
6.9533e-01
6.9445e-01
6.9485e-01
6.8103e-01
6.9199e-01
6.9082e-01
6.9910e-01
