7.3679e-01
7.6853e-01
7.7918e-01
7.7556e-01
7.7695e-01
7.9720e-01
7.5408e-01
7.6343e-01
7.5949e-01
7.5630e-01
7.6039e-01
7.7500e-01
7.4247e-01
7.4947e-01
7.3849e-01
7.7766e-01
6.8879e-01
7.8626e-01
6.0594e-01
7.4857e-01
7.3525e-01
7.6386e-01
7.7650e-01
7.7540e-01
7.6778e-01
7.8073e-01
7.5660e-01
7.8669e-01
7.5308e-01
7.8304e-01
7.3810e-01
7.7744e-01
7.4724e-01
7.7175e-01
7.6259e-01
7.7242e-01
7.7074e-01
7.4625e-01
7.6955e-01
7.6775e-01
7.5413e-01
7.5670e-01
8.0386e-01
7.4526e-01
7.2618e-01
7.5677e-01
7.5508e-01
7.4955e-01
7.5258e-01
7.5470e-01
7.6847e-01
7.4649e-01
7.9059e-01
7.5715e-01
7.6736e-01
7.7933e-01
7.5274e-01
7.6457e-01
7.8307e-01
7.9300e-01
7.6888e-01
7.7446e-01
7.6109e-01
7.5352e-01
7.3099e-01
7.6504e-01
7.7606e-01
7.4733e-01
7.5296e-01
7.6166e-01
7.7234e-01
7.4659e-01
7.7156e-01
7.5537e-01
7.4999e-01
7.5722e-01
7.5991e-01
7.2688e-01
7.7611e-01
7.6016e-01
7.7095e-01
7.6235e-01
7.1611e-01
6.4141e-01
7.4935e-01
7.4132e-01
7.7843e-01
7.3940e-01
7.4414e-01
7.7204e-01
7.7806e-01
7.5011e-01
7.6747e-01
7.4406e-01
7.7234e-01
7.7362e-01
7.6293e-01
7.6720e-01
7.6591e-01
7.6213e-01
7.8184e-01
7.9267e-01
7.6306e-01
7.7210e-01
7.4769e-01
7.7488e-01
7.5087e-01
7.7228e-01
7.6509e-01
7.5154e-01
7.4932e-01
7.6425e-01
7.5943e-01
7.8781e-01
7.5312e-01
7.5236e-01
7.8440e-01
7.5761e-01
7.1527e-01
7.6975e-01
7.6098e-01
7.5435e-01
7.9067e-01
7.8689e-01
7.4849e-01
7.8013e-01
7.5435e-01
7.7720e-01
7.7140e-01
7.7273e-01
7.4852e-01
7.6003e-01
7.5383e-01
7.7653e-01
8.0104e-01
7.5874e-01
7.8163e-01
7.6706e-01
7.8985e-01
7.4602e-01
7.1837e-01
7.4805e-01
7.6295e-01
7.6516e-01
7.7173e-01
7.5398e-01
7.7263e-01
7.3861e-01
7.6662e-01
7.5731e-01
7.4481e-01
7.5148e-01
7.8463e-01
7.3449e-01
7.6459e-01
7.3794e-01
7.6970e-01
7.7934e-01
7.7436e-01
7.6749e-01
7.6856e-01
7.6270e-01
7.8893e-01
7.7726e-01
7.7218e-01
7.8194e-01
7.6987e-01
7.8460e-01
7.5668e-01
7.5269e-01
7.5368e-01
7.8456e-01
7.5979e-01
7.9206e-01
7.9731e-01
7.8567e-01
7.4848e-01
7.8041e-01
7.2590e-01
7.4158e-01
7.5172e-01
7.6217e-01
7.5242e-01
7.6779e-01
7.5125e-01
7.5445e-01
7.7540e-01
7.7006e-01
7.6187e-01
7.8340e-01
7.3351e-01
7.6596e-01
7.7006e-01
7.7987e-01
7.2807e-01
6.9152e-01
7.5248e-01
7.7218e-01
7.8133e-01
7.5072e-01
7.5240e-01
7.4925e-01
7.5494e-01
7.5103e-01
7.6550e-01
7.7601e-01
7.8217e-01
7.5248e-01
7.3406e-01
7.4228e-01
7.4283e-01
7.6119e-01
7.4838e-01
7.5661e-01
7.7667e-01
7.5680e-01
7.7723e-01
7.7469e-01
7.5995e-01
7.1222e-01
7.3355e-01
7.2952e-01
7.7081e-01
7.2848e-01
7.7212e-01
7.4508e-01
7.5526e-01
7.4894e-01
7.7501e-01
7.4752e-01
7.6361e-01
7.5261e-01
8.0622e-01
7.5480e-01
7.6846e-01
7.3777e-01
6.6444e-01
7.5524e-01
7.7640e-01
7.5568e-01
7.7520e-01
7.5133e-01
7.9382e-01
7.5866e-01
7.5846e-01
7.7043e-01
7.5808e-01
7.5825e-01
7.7807e-01
7.5861e-01
7.9299e-01
7.9642e-01
7.8390e-01
7.5683e-01
7.4468e-01
6.6960e-01
7.6826e-01
7.7508e-01
7.6864e-01
7.9795e-01
7.5988e-01
8.2297e-01
7.3869e-01
7.8247e-01
7.4224e-01
7.6122e-01
7.4676e-01
7.7220e-01
7.6076e-01
7.8248e-01
7.4125e-01
7.5487e-01
7.5139e-01
7.4435e-01
7.7137e-01
5.9765e-01
7.6897e-01
7.6163e-01
7.8556e-01
7.7983e-01
7.4396e-01
7.6304e-01
7.4796e-01
7.7518e-01
7.6365e-01
7.4434e-01
7.6727e-01
7.8164e-01
7.6896e-01
7.8766e-01
7.7202e-01
7.7440e-01
7.8335e-01
7.7221e-01
7.4487e-01
7.6323e-01
6.0080e-01
7.6242e-01
7.5229e-01
7.7892e-01
7.7530e-01
7.8895e-01
6.2447e-01
7.5664e-01
7.4597e-01
7.2807e-01
7.9583e-01
8.1293e-01
7.9025e-01
7.6093e-01
7.2764e-01
7.5370e-01
7.7239e-01
7.5536e-01
7.8482e-01
7.4405e-01
7.4985e-01
7.6769e-01
7.9379e-01
7.7921e-01
7.8081e-01
7.5142e-01
7.6893e-01
7.9450e-01
7.6840e-01
7.5336e-01
7.7216e-01
7.2606e-01
7.0829e-01
7.6138e-01
7.9573e-01
7.7355e-01
7.9787e-01
7.4699e-01
7.5665e-01
7.5041e-01
7.8110e-01
7.4070e-01
7.7622e-01
7.6266e-01
7.4224e-01
7.6279e-01
7.5448e-01
7.3365e-01
7.7953e-01
7.6169e-01
7.5799e-01
7.3079e-01
7.4806e-01
7.7644e-01
7.5350e-01
7.6514e-01
7.6055e-01
7.4617e-01
7.8458e-01
7.7843e-01
7.7806e-01
7.7288e-01
7.3946e-01
7.5760e-01
7.4846e-01
7.5996e-01
7.6336e-01
7.0097e-01
7.6162e-01
7.5114e-01
7.7748e-01
7.7807e-01
7.5813e-01
5.9827e-01
7.6443e-01
7.6432e-01
7.7066e-01
7.6773e-01
7.3663e-01
7.7593e-01
7.7137e-01
7.6757e-01
7.6085e-01
7.8108e-01
7.8366e-01
7.7520e-01
7.8712e-01
7.6738e-01
7.5665e-01
7.1673e-01
7.5138e-01
7.5622e-01
7.4110e-01
7.6050e-01
7.3054e-01
7.4692e-01
7.5285e-01
7.8044e-01
7.5671e-01
7.6622e-01
7.9966e-01
7.6931e-01
7.4933e-01
7.5102e-01
7.7054e-01
7.4409e-01
7.4864e-01
7.5529e-01
7.4593e-01
7.7095e-01
7.7412e-01
7.5493e-01
7.9532e-01
8.2307e-01
7.3165e-01
7.5319e-01
7.7152e-01
7.8940e-01
7.6653e-01
7.6219e-01
7.5721e-01
7.4832e-01
7.4164e-01
7.4232e-01
7.7232e-01
7.7351e-01
7.8655e-01
7.7655e-01
7.6095e-01
7.6930e-01
7.8472e-01
7.5902e-01
7.6508e-01
7.5474e-01
7.6883e-01
7.5644e-01
7.5736e-01
7.6517e-01
7.6298e-01
7.8936e-01
7.3492e-01
7.7633e-01
7.6345e-01
7.7222e-01
7.8066e-01
7.8290e-01
7.6853e-01
7.8612e-01
7.4751e-01
7.6884e-01
7.7076e-01
7.6012e-01
7.5655e-01
7.4078e-01
7.5692e-01
7.2489e-01
7.5906e-01
7.4058e-01
7.6629e-01
7.7940e-01
7.8335e-01
7.5330e-01
7.6831e-01
7.7599e-01
7.6140e-01
7.7765e-01
7.8160e-01
7.5812e-01
7.5622e-01
7.7431e-01
7.6671e-01
7.5700e-01
7.4984e-01
7.7875e-01
7.7008e-01
7.4915e-01
7.3084e-01
6.2096e-01
7.6066e-01
7.6059e-01
7.3975e-01
7.4163e-01
7.3975e-01
7.8511e-01
7.9021e-01
8.0836e-01
7.3175e-01
7.3858e-01
7.3790e-01
7.7690e-01
7.5198e-01
7.6708e-01
7.8623e-01
7.4063e-01
7.4376e-01
8.0993e-01
7.4442e-01
7.8023e-01
7.7263e-01
7.6756e-01
7.7499e-01
7.6696e-01
7.5780e-01
8.2087e-01
7.4161e-01
7.6202e-01
7.7688e-01
7.4255e-01
7.4209e-01
7.6383e-01
7.6383e-01
7.4144e-01
7.5442e-01
7.7976e-01
7.8006e-01
7.4924e-01
7.8178e-01
7.9068e-01
7.3289e-01
7.6777e-01
7.5666e-01
7.7969e-01
7.6598e-01
7.9259e-01
7.7457e-01
7.1687e-01
7.7755e-01
7.5631e-01
7.9831e-01
7.3063e-01
7.8517e-01
7.6551e-01
6.0756e-01
7.5774e-01
7.7428e-01
7.5415e-01
7.6244e-01
7.3305e-01
7.5438e-01
7.8811e-01
7.6065e-01
7.6984e-01
7.2297e-01
7.7270e-01
7.2880e-01
7.6998e-01
7.5292e-01
7.3557e-01
7.8071e-01
7.6555e-01
7.7075e-01
7.5825e-01
7.5447e-01
7.8256e-01
7.5308e-01
7.2769e-01
7.6430e-01
7.7802e-01
7.8843e-01
7.3455e-01
7.6447e-01
7.4852e-01
7.7631e-01
7.6154e-01
7.8225e-01
7.6437e-01
7.6105e-01
5.8404e-01
7.7508e-01
7.6324e-01
7.6962e-01
7.7169e-01
7.5565e-01
8.0235e-01
7.6744e-01
7.8375e-01
7.3971e-01
7.6408e-01
7.5804e-01
7.5730e-01
7.8160e-01
7.6326e-01
7.4055e-01
7.5562e-01
7.7099e-01
7.5242e-01
6.8562e-01
7.5507e-01
7.7236e-01
7.8084e-01
7.6098e-01
7.6343e-01
7.6174e-01
7.5985e-01
7.8765e-01
7.9791e-01
7.6494e-01
7.6304e-01
7.5874e-01
7.4915e-01
7.6532e-01
7.6158e-01
7.6413e-01
7.6479e-01
7.8495e-01
7.7548e-01
7.5981e-01
7.6184e-01
7.6978e-01
7.7184e-01
7.6210e-01
7.9628e-01
7.6357e-01
7.5514e-01
7.7035e-01
7.4704e-01
7.4949e-01
7.4457e-01
7.8050e-01
7.5101e-01
7.5429e-01
7.6988e-01
7.7469e-01
7.6541e-01
7.6027e-01
7.3349e-01
6.8011e-01
7.5282e-01
7.9164e-01
7.7114e-01
7.6547e-01
7.7387e-01
7.6775e-01
7.8099e-01
7.3946e-01
7.5854e-01
7.4299e-01
7.8263e-01
7.8610e-01
6.6746e-01
7.1773e-01
7.4150e-01
7.9058e-01
7.6101e-01
7.8182e-01
7.5303e-01
7.6407e-01
7.5737e-01
7.8231e-01
7.6663e-01
7.5032e-01
7.8021e-01
7.7810e-01
7.8156e-01
7.7114e-01
7.9675e-01
7.8133e-01
7.3652e-01
7.9749e-01
7.7483e-01
7.5565e-01
7.7344e-01
7.8203e-01
7.7323e-01
7.9111e-01
7.6919e-01
7.6851e-01
7.5529e-01
7.8678e-01
7.5556e-01
7.5196e-01
7.8000e-01
7.4899e-01
7.1794e-01
7.5993e-01
7.7076e-01
7.4630e-01
7.5361e-01
7.3843e-01
7.6775e-01
7.7134e-01
7.9704e-01
7.7740e-01
7.6375e-01
7.3815e-01
7.6787e-01
7.7596e-01
7.7581e-01
7.4174e-01
7.5914e-01
7.6840e-01
7.7763e-01
7.5429e-01
7.7119e-01
7.7479e-01
7.6421e-01
7.7476e-01
7.6385e-01
7.1717e-01
7.6123e-01
7.6752e-01
7.4890e-01
7.7516e-01
7.4857e-01
7.5782e-01
7.7162e-01
7.4577e-01
7.8505e-01
7.7388e-01
7.5033e-01
7.9332e-01
7.4285e-01
7.2180e-01
7.6973e-01
7.7251e-01
7.8053e-01
7.4726e-01
7.6591e-01
7.5447e-01
7.7167e-01
7.7753e-01
7.6608e-01
7.9861e-01
7.8302e-01
7.7709e-01
7.5879e-01
7.6510e-01
7.3308e-01
7.6751e-01
7.7156e-01
7.5180e-01
7.5990e-01
7.5297e-01
7.5326e-01
7.6382e-01
7.7228e-01
7.6898e-01
7.8392e-01
7.4734e-01
7.7550e-01
7.4965e-01
7.7466e-01
7.9107e-01
7.3707e-01
7.3068e-01
7.5719e-01
7.6839e-01
7.8665e-01
7.3111e-01
7.7361e-01
7.5940e-01
7.3232e-01
7.7223e-01
7.6849e-01
7.5282e-01
7.6673e-01
7.9170e-01
7.7398e-01
7.1450e-01
7.4570e-01
7.7436e-01
7.8105e-01
7.3772e-01
7.5526e-01
7.9824e-01
7.4890e-01
7.3619e-01
7.6581e-01
7.5636e-01
7.4256e-01
7.8632e-01
7.5065e-01
7.9431e-01
7.5637e-01
7.6152e-01
7.6276e-01
7.5668e-01
7.5270e-01
7.4271e-01
7.5463e-01
7.5621e-01
7.3715e-01
7.6291e-01
7.8396e-01
7.4604e-01
7.5802e-01
7.2185e-01
7.9858e-01
7.9668e-01
7.8074e-01
7.8204e-01
7.5826e-01
7.7797e-01
7.6125e-01
7.6715e-01
7.3222e-01
7.6434e-01
7.4753e-01
7.6810e-01
7.8189e-01
7.7160e-01
7.6855e-01
7.6998e-01
7.6211e-01
7.6758e-01
7.6579e-01
7.6267e-01
7.5168e-01
7.5638e-01
7.5617e-01
7.8465e-01
7.5999e-01
7.3895e-01
7.7107e-01
7.5624e-01
7.7986e-01
7.4777e-01
7.3118e-01
7.3868e-01
7.5906e-01
7.6319e-01
7.7015e-01
7.8470e-01
7.5350e-01
7.7125e-01
7.5101e-01
7.5859e-01
7.3733e-01
7.8194e-01
7.5762e-01
7.7168e-01
7.4655e-01
7.8818e-01
7.8367e-01
7.7606e-01
7.6009e-01
7.7164e-01
7.5216e-01
7.6443e-01
7.6393e-01
7.7041e-01
7.3536e-01
7.4894e-01
7.8050e-01
7.3791e-01
7.4761e-01
7.4934e-01
7.8043e-01
7.7790e-01
7.7287e-01
7.3062e-01
8.0145e-01
7.6757e-01
7.4812e-01
7.1530e-01
8.0077e-01
7.6698e-01
7.5268e-01
7.7187e-01
7.7043e-01
7.2242e-01
7.8925e-01
7.8214e-01
7.8283e-01
7.2155e-01
7.8177e-01
7.6261e-01
7.2967e-01
7.5496e-01
7.5856e-01
7.8855e-01
7.9364e-01
7.8653e-01
7.8689e-01
7.5798e-01
7.2368e-01
7.6886e-01
7.5250e-01
7.5247e-01
7.6109e-01
7.3923e-01
7.4775e-01
7.5338e-01
7.6896e-01
7.4911e-01
7.8136e-01
7.7840e-01
7.8201e-01
7.5475e-01
7.7470e-01
7.5885e-01
7.7274e-01
7.6667e-01
7.8551e-01
7.8125e-01
7.6902e-01
7.6908e-01
7.7767e-01
7.5802e-01
8.0567e-01
7.6110e-01
7.6606e-01
7.6994e-01
7.7398e-01
7.8083e-01
7.6376e-01
7.9613e-01
7.6175e-01
7.7340e-01
7.6877e-01
7.5521e-01
7.7681e-01
7.4462e-01
7.6277e-01
7.6795e-01
7.7652e-01
7.6745e-01
7.4795e-01
7.5191e-01
7.7544e-01
7.8156e-01
7.3234e-01
7.5662e-01
7.5548e-01
7.5677e-01
7.7035e-01
7.5414e-01
7.8773e-01
7.8897e-01
7.9968e-01
7.8009e-01
7.8868e-01
7.6445e-01
7.6587e-01
7.6552e-01
7.9661e-01
7.5176e-01
7.8871e-01
7.7462e-01
7.9242e-01
5.9919e-01
7.4782e-01
7.6019e-01
7.4242e-01
6.3297e-01
7.9594e-01
7.6485e-01
7.7891e-01
7.7578e-01
7.5017e-01
7.7336e-01
7.8114e-01
7.1409e-01
7.5614e-01
6.9970e-01
7.6721e-01
7.7216e-01
7.2970e-01
7.4811e-01
7.8340e-01
7.7860e-01
7.7503e-01
7.5335e-01
7.5898e-01
7.6574e-01
7.8608e-01
7.9635e-01
7.8147e-01
5.8499e-01
7.6847e-01
7.5551e-01
7.6693e-01
7.7244e-01
7.6057e-01
7.4982e-01
6.0913e-01
7.9100e-01
7.6236e-01
6.2674e-01
7.6607e-01
7.5505e-01
7.4102e-01
7.8064e-01
8.0632e-01
7.4751e-01
7.7761e-01
7.6742e-01
7.5550e-01
7.4700e-01
7.7364e-01
7.5819e-01
7.8154e-01
7.6145e-01
7.3881e-01
7.5733e-01
7.6358e-01
7.5883e-01
7.5956e-01
7.5800e-01
7.6675e-01
7.8324e-01
7.1885e-01
7.4337e-01
7.4575e-01
