8.2025e-01
8.1552e-01
8.1596e-01
8.1803e-01
8.1582e-01
8.1719e-01
8.1704e-01
8.1268e-01
8.2095e-01
8.1827e-01
8.1539e-01
8.1905e-01
8.1621e-01
8.1711e-01
8.1972e-01
8.1710e-01
8.1853e-01
8.1640e-01
8.1687e-01
8.1311e-01
8.1919e-01
8.1171e-01
8.1848e-01
8.1692e-01
8.1669e-01
8.1619e-01
8.1793e-01
8.1131e-01
8.1513e-01
8.1817e-01
8.1677e-01
8.1255e-01
8.1384e-01
8.1435e-01
8.1636e-01
8.1880e-01
8.2052e-01
8.1678e-01
8.1338e-01
8.1635e-01
8.1766e-01
8.1245e-01
8.1770e-01
8.1642e-01
8.1802e-01
8.1747e-01
8.1573e-01
8.1934e-01
8.1113e-01
8.1649e-01
8.1447e-01
8.1115e-01
8.1486e-01
8.1472e-01
8.1910e-01
8.1915e-01
8.1716e-01
8.1367e-01
8.0968e-01
8.1753e-01
8.1967e-01
8.1718e-01
8.1818e-01
8.1402e-01
8.1625e-01
8.1430e-01
8.1230e-01
8.1482e-01
8.1578e-01
8.2023e-01
8.2049e-01
8.1067e-01
8.1764e-01
8.1786e-01
8.1247e-01
8.1631e-01
8.1470e-01
8.1718e-01
8.1857e-01
8.1983e-01
8.1493e-01
8.1698e-01
8.1809e-01
8.1883e-01
8.0987e-01
8.1538e-01
8.1445e-01
8.1809e-01
8.1878e-01
8.1509e-01
8.1659e-01
8.1567e-01
8.1631e-01
8.2017e-01
8.1714e-01
8.1851e-01
8.1939e-01
8.2403e-01
8.1730e-01
8.1668e-01
8.1514e-01
8.1549e-01
8.1907e-01
8.1507e-01
8.1562e-01
8.2033e-01
8.1787e-01
8.1534e-01
8.1845e-01
8.1981e-01
8.1994e-01
8.1924e-01
8.1814e-01
8.1467e-01
8.1742e-01
8.1766e-01
8.1586e-01
8.1610e-01
8.1610e-01
8.1422e-01
8.1625e-01
8.2017e-01
8.1767e-01
8.1697e-01
8.1438e-01
8.1599e-01
8.1728e-01
8.1109e-01
8.1905e-01
8.1500e-01
8.1770e-01
8.1730e-01
8.1303e-01
8.1737e-01
8.1393e-01
8.1198e-01
8.1517e-01
8.1767e-01
8.1845e-01
8.1503e-01
8.2112e-01
8.2032e-01
8.1215e-01
8.1631e-01
8.1663e-01
8.0923e-01
7.8994e-01
8.1614e-01
7.6742e-01
8.1451e-01
8.1939e-01
8.1286e-01
8.1324e-01
8.1530e-01
8.1920e-01
8.1808e-01
8.1694e-01
8.1769e-01
8.1923e-01
8.1674e-01
8.1465e-01
8.1471e-01
8.1689e-01
8.1577e-01
8.1800e-01
8.1744e-01
8.1723e-01
8.2064e-01
8.1486e-01
8.1578e-01
8.1541e-01
8.1469e-01
8.1686e-01
8.1808e-01
8.1771e-01
8.1620e-01
8.1524e-01
8.1403e-01
8.1422e-01
8.1792e-01
8.1999e-01
8.1994e-01
8.1226e-01
8.1624e-01
8.1777e-01
8.1744e-01
8.1284e-01
8.1803e-01
8.1332e-01
8.1694e-01
8.1636e-01
8.1938e-01
8.1481e-01
8.1935e-01
8.1711e-01
8.1700e-01
8.1064e-01
8.1400e-01
8.1723e-01
8.1671e-01
8.1445e-01
8.1788e-01
8.1582e-01
8.1781e-01
8.1772e-01
8.1822e-01
8.1234e-01
8.1334e-01
8.1924e-01
8.1932e-01
8.1217e-01
8.1178e-01
8.2029e-01
8.1608e-01
8.1805e-01
8.1803e-01
8.1813e-01
8.1883e-01
8.0966e-01
8.1621e-01
8.1932e-01
8.1902e-01
8.1445e-01
8.1648e-01
8.1901e-01
8.1725e-01
8.1564e-01
8.1539e-01
8.1593e-01
8.1797e-01
8.1396e-01
8.1358e-01
8.1467e-01
8.1257e-01
8.1584e-01
8.1950e-01
8.1672e-01
8.1845e-01
8.1631e-01
8.2020e-01
8.1377e-01
8.1776e-01
8.1973e-01
8.1832e-01
8.1878e-01
8.1392e-01
8.1599e-01
8.2083e-01
8.1916e-01
8.1717e-01
8.1781e-01
8.1733e-01
8.1684e-01
8.1822e-01
8.1214e-01
8.1510e-01
8.1810e-01
8.1714e-01
8.1879e-01
8.1620e-01
8.1723e-01
8.1679e-01
8.1707e-01
8.1759e-01
8.2164e-01
8.1806e-01
8.1822e-01
8.1753e-01
8.1272e-01
8.2057e-01
8.1619e-01
8.1292e-01
8.1751e-01
8.2245e-01
8.1447e-01
8.1300e-01
8.2030e-01
8.1363e-01
8.1829e-01
8.1710e-01
8.1708e-01
8.1892e-01
8.1418e-01
8.1254e-01
8.1586e-01
8.1573e-01
8.1795e-01
8.1447e-01
8.2040e-01
8.1355e-01
8.1765e-01
8.1859e-01
8.1587e-01
8.1878e-01
8.1577e-01
8.1482e-01
8.1849e-01
8.1679e-01
8.1444e-01
8.1555e-01
8.1449e-01
8.1522e-01
8.0813e-01
8.1659e-01
8.1469e-01
8.1328e-01
8.1604e-01
8.1478e-01
8.1664e-01
8.1602e-01
8.1367e-01
8.1531e-01
8.1990e-01
8.1776e-01
8.1561e-01
8.1630e-01
8.1857e-01
8.1710e-01
8.1944e-01
8.1823e-01
8.1340e-01
8.1882e-01
8.1552e-01
8.1307e-01
8.1576e-01
8.1513e-01
8.1661e-01
8.1695e-01
8.1791e-01
8.1359e-01
8.1533e-01
8.1899e-01
8.1551e-01
8.1639e-01
8.2079e-01
8.1284e-01
8.1407e-01
8.1640e-01
8.1684e-01
8.1887e-01
8.1591e-01
8.1905e-01
8.2123e-01
8.1768e-01
8.1726e-01
8.1643e-01
8.2021e-01
8.1600e-01
8.1644e-01
8.1682e-01
8.1727e-01
8.1855e-01
8.1753e-01
8.1660e-01
8.2010e-01
8.1748e-01
8.1940e-01
8.1728e-01
8.1724e-01
8.1383e-01
8.1840e-01
8.2271e-01
8.1678e-01
8.1527e-01
8.1552e-01
8.1497e-01
8.1637e-01
8.1939e-01
8.1618e-01
8.1608e-01
8.1309e-01
8.1802e-01
8.1651e-01
8.1610e-01
8.1929e-01
8.2033e-01
8.2129e-01
8.1648e-01
8.1486e-01
8.1726e-01
8.1361e-01
8.2011e-01
8.1594e-01
8.1485e-01
8.2053e-01
8.1515e-01
8.1579e-01
8.1991e-01
8.1406e-01
8.1574e-01
8.1573e-01
8.1311e-01
8.1586e-01
8.1737e-01
8.1630e-01
8.1853e-01
8.1540e-01
8.1733e-01
8.1341e-01
8.1100e-01
8.1979e-01
8.1504e-01
8.1232e-01
8.1506e-01
8.1332e-01
8.1147e-01
8.1979e-01
8.1887e-01
8.1818e-01
8.1605e-01
8.1795e-01
8.1812e-01
8.1292e-01
8.2106e-01
8.1300e-01
8.1782e-01
8.1624e-01
8.1825e-01
8.2083e-01
8.1875e-01
8.1746e-01
8.1452e-01
8.1820e-01
8.1491e-01
8.1818e-01
8.1788e-01
8.1541e-01
8.1396e-01
8.1885e-01
8.1860e-01
8.1826e-01
8.1388e-01
8.2001e-01
8.1482e-01
8.1771e-01
8.1280e-01
8.1925e-01
8.1416e-01
8.1501e-01
8.1650e-01
8.1775e-01
8.1873e-01
8.1661e-01
8.1969e-01
8.1462e-01
8.1398e-01
8.1634e-01
8.1811e-01
8.1574e-01
8.1768e-01
8.1683e-01
8.1384e-01
8.1895e-01
8.1598e-01
8.1619e-01
8.1739e-01
8.1634e-01
8.1990e-01
8.1395e-01
8.1268e-01
8.2097e-01
8.1817e-01
8.1649e-01
8.1872e-01
8.1624e-01
8.1431e-01
8.1828e-01
8.1784e-01
8.1713e-01
8.1908e-01
8.1777e-01
8.2330e-01
8.1741e-01
8.1472e-01
8.1481e-01
8.1954e-01
8.1850e-01
8.1749e-01
8.1890e-01
8.1774e-01
8.1809e-01
8.1330e-01
8.1599e-01
8.1775e-01
8.1867e-01
8.1310e-01
8.1617e-01
8.1057e-01
8.1738e-01
8.2081e-01
8.1839e-01
8.1446e-01
8.1563e-01
8.1572e-01
8.1673e-01
8.2036e-01
8.2288e-01
8.1581e-01
8.1980e-01
8.1787e-01
8.1770e-01
8.1348e-01
8.1370e-01
8.1487e-01
8.1520e-01
8.1765e-01
8.1743e-01
8.2310e-01
8.1877e-01
8.2001e-01
8.1453e-01
8.1348e-01
8.1795e-01
8.1991e-01
8.1273e-01
8.1746e-01
8.1854e-01
8.1467e-01
8.1606e-01
8.1714e-01
8.2125e-01
8.1690e-01
8.1623e-01
8.1837e-01
8.1780e-01
8.1795e-01
8.1859e-01
8.1884e-01
8.1724e-01
8.1410e-01
8.1674e-01
8.1539e-01
8.1389e-01
8.1370e-01
8.1903e-01
8.1101e-01
8.1633e-01
8.1483e-01
8.1930e-01
8.1824e-01
8.1050e-01
8.1458e-01
8.1968e-01
8.2033e-01
8.1726e-01
8.1764e-01
8.1658e-01
8.1794e-01
8.1590e-01
8.1392e-01
8.2062e-01
8.1350e-01
8.1781e-01
8.1775e-01
8.1763e-01
8.1591e-01
8.2010e-01
8.0878e-01
8.1866e-01
8.1488e-01
8.1625e-01
8.1423e-01
8.1676e-01
8.1863e-01
8.1533e-01
8.1954e-01
8.1503e-01
8.1291e-01
8.1570e-01
8.1567e-01
8.1860e-01
8.1284e-01
8.1828e-01
8.2010e-01
8.1746e-01
8.1241e-01
8.1570e-01
8.1729e-01
8.1707e-01
8.1656e-01
8.1731e-01
8.1876e-01
8.1816e-01
8.1803e-01
8.1724e-01
8.1376e-01
8.1702e-01
8.1462e-01
8.1405e-01
8.1257e-01
8.1406e-01
8.1564e-01
8.1928e-01
8.1288e-01
8.1450e-01
8.1635e-01
8.1766e-01
8.1759e-01
8.1780e-01
8.1757e-01
8.0592e-01
8.0741e-01
8.1846e-01
8.1741e-01
8.1802e-01
8.1544e-01
8.1685e-01
8.1755e-01
8.2022e-01
8.2035e-01
8.1978e-01
8.1766e-01
8.1445e-01
8.1468e-01
8.1788e-01
8.1962e-01
8.1800e-01
8.1824e-01
8.1295e-01
8.1665e-01
8.1814e-01
8.1755e-01
8.1396e-01
8.1670e-01
8.1650e-01
8.1504e-01
8.1103e-01
8.1544e-01
8.1781e-01
8.1813e-01
8.1388e-01
8.1572e-01
8.1395e-01
8.1378e-01
8.1973e-01
8.1770e-01
8.2097e-01
8.1603e-01
8.1710e-01
8.1371e-01
8.1371e-01
8.1846e-01
8.1673e-01
8.1533e-01
8.1731e-01
8.1757e-01
8.1659e-01
8.1595e-01
8.1786e-01
8.1541e-01
8.1899e-01
8.1558e-01
8.1797e-01
8.1552e-01
8.1664e-01
8.1515e-01
8.1658e-01
8.1758e-01
8.1586e-01
8.1472e-01
8.1674e-01
8.1824e-01
8.1451e-01
8.1672e-01
8.1702e-01
8.1718e-01
8.1591e-01
8.1390e-01
8.1449e-01
8.1952e-01
8.1069e-01
8.1793e-01
8.1859e-01
8.1784e-01
8.1862e-01
8.1538e-01
8.2724e-01
8.1736e-01
8.1928e-01
8.1539e-01
8.1874e-01
8.1583e-01
8.1859e-01
8.1750e-01
8.1709e-01
8.1614e-01
8.1932e-01
8.1903e-01
8.1931e-01
8.1390e-01
8.1823e-01
8.1499e-01
8.1849e-01
8.1963e-01
8.1583e-01
8.1841e-01
8.1860e-01
8.1858e-01
8.1686e-01
8.1862e-01
8.1445e-01
8.1209e-01
8.1752e-01
8.1780e-01
8.1616e-01
8.1721e-01
8.1456e-01
8.1444e-01
8.1724e-01
8.1507e-01
8.2048e-01
8.1633e-01
8.1764e-01
8.1777e-01
8.1404e-01
8.1510e-01
8.1776e-01
8.1521e-01
8.1504e-01
8.1977e-01
8.1737e-01
8.1535e-01
8.1523e-01
8.1677e-01
8.1340e-01
8.1746e-01
8.1846e-01
8.1582e-01
8.1615e-01
8.1124e-01
8.1844e-01
8.1534e-01
8.1380e-01
8.1461e-01
8.1872e-01
8.1906e-01
8.1228e-01
8.1633e-01
8.1506e-01
8.1480e-01
8.1495e-01
8.1596e-01
8.1546e-01
8.1688e-01
8.1434e-01
8.1429e-01
8.1628e-01
8.1578e-01
8.1885e-01
7.9083e-01
8.0973e-01
8.1895e-01
8.1723e-01
8.1569e-01
8.1804e-01
8.1631e-01
8.1526e-01
8.1772e-01
8.1477e-01
8.1441e-01
8.1940e-01
8.1902e-01
8.1605e-01
8.1741e-01
8.1613e-01
7.8871e-01
8.1548e-01
8.0491e-01
8.1439e-01
8.1561e-01
8.1214e-01
8.1902e-01
8.1569e-01
8.1668e-01
8.1595e-01
8.2044e-01
8.2047e-01
8.1799e-01
8.1850e-01
8.1578e-01
8.1926e-01
8.1349e-01
8.1409e-01
8.1410e-01
8.1684e-01
8.1224e-01
8.1872e-01
8.1451e-01
8.1486e-01
8.1975e-01
8.1264e-01
8.1327e-01
8.1899e-01
8.1766e-01
8.1712e-01
8.1934e-01
8.1646e-01
8.1344e-01
8.1457e-01
8.1713e-01
8.1853e-01
8.1829e-01
8.1991e-01
8.2008e-01
8.1872e-01
8.1406e-01
8.1341e-01
8.1822e-01
8.1722e-01
8.1451e-01
8.1428e-01
8.1072e-01
8.1487e-01
8.1724e-01
8.2067e-01
8.1570e-01
8.2268e-01
8.1420e-01
8.1798e-01
8.1497e-01
8.1598e-01
8.1806e-01
8.2005e-01
8.1322e-01
8.1946e-01
8.1981e-01
8.1986e-01
8.2130e-01
8.1501e-01
8.1002e-01
8.1585e-01
8.1391e-01
8.2073e-01
8.1774e-01
8.1813e-01
8.1639e-01
8.1290e-01
8.1886e-01
8.1868e-01
8.1913e-01
8.1694e-01
8.1930e-01
8.1250e-01
8.1467e-01
8.1263e-01
8.1174e-01
8.1949e-01
8.1729e-01
8.1950e-01
8.1995e-01
8.1993e-01
8.1971e-01
8.1810e-01
8.1601e-01
8.1667e-01
8.2277e-01
8.1675e-01
8.1712e-01
8.1943e-01
8.2021e-01
8.1854e-01
8.1974e-01
8.1597e-01
8.1554e-01
8.1082e-01
8.1500e-01
8.1865e-01
8.1719e-01
8.1437e-01
8.1896e-01
8.1322e-01
8.1791e-01
8.1822e-01
8.1424e-01
8.1529e-01
8.1410e-01
8.1509e-01
8.1437e-01
8.1194e-01
8.1550e-01
8.1397e-01
8.1609e-01
8.1485e-01
8.1855e-01
8.1791e-01
8.1972e-01
8.1716e-01
8.1504e-01
8.1847e-01
8.1910e-01
8.1791e-01
8.1830e-01
8.1749e-01
8.1644e-01
8.2224e-01
8.1390e-01
8.1811e-01
8.1902e-01
8.1530e-01
8.1814e-01
8.1565e-01
8.1428e-01
8.1484e-01
8.1286e-01
8.1961e-01
8.1176e-01
8.1845e-01
8.1420e-01
8.1618e-01
8.1827e-01
8.1497e-01
8.1710e-01
8.1618e-01
8.1972e-01
8.1741e-01
8.1563e-01
7.9082e-01
8.1439e-01
8.1999e-01
8.1418e-01
8.1818e-01
8.1378e-01
8.1184e-01
8.1450e-01
8.1391e-01
8.1796e-01
8.1890e-01
8.1202e-01
8.1408e-01
8.1581e-01
8.1851e-01
8.2038e-01
8.0880e-01
8.2147e-01
8.1889e-01
8.1541e-01
8.1930e-01
8.1754e-01
8.1669e-01
7.9459e-01
8.1539e-01
8.1710e-01
8.2086e-01
8.1634e-01
8.1670e-01
8.2019e-01
8.1994e-01
8.1607e-01
8.1896e-01
8.1548e-01
8.1652e-01
8.1707e-01
8.1975e-01
8.1636e-01
8.1712e-01
8.1231e-01
8.2379e-01
8.1127e-01
8.1598e-01
8.2025e-01
8.1663e-01
8.1701e-01
8.1875e-01
8.1791e-01
8.1593e-01
8.1532e-01
8.1205e-01
8.1542e-01
8.1770e-01
8.1633e-01
8.1403e-01
8.1493e-01
8.1922e-01
8.1693e-01
8.1471e-01
8.1673e-01
8.1658e-01
8.1795e-01
8.1962e-01
8.1738e-01
8.1416e-01
8.1592e-01
8.1682e-01
7.7831e-01
8.1965e-01
8.1781e-01
8.1460e-01
8.1527e-01
8.1972e-01
8.1569e-01
8.1556e-01
8.1927e-01
8.1147e-01
8.1713e-01
8.1678e-01
8.1473e-01
8.1493e-01
8.1709e-01
8.1439e-01
8.1426e-01
