8.2077e-01
8.2205e-01
8.1886e-01
8.2284e-01
8.2010e-01
8.1790e-01
7.6204e-01
8.1795e-01
8.2170e-01
8.1899e-01
8.1899e-01
8.1753e-01
8.2160e-01
8.2108e-01
8.1929e-01
8.1994e-01
8.2222e-01
8.2230e-01
8.1996e-01
8.2175e-01
8.2022e-01
8.2080e-01
8.1943e-01
8.2261e-01
8.1929e-01
8.2072e-01
8.1935e-01
8.2102e-01
8.2319e-01
8.1711e-01
8.1836e-01
8.1779e-01
8.2130e-01
8.1916e-01
8.1924e-01
8.1834e-01
8.1969e-01
8.1835e-01
8.1694e-01
8.2322e-01
8.2099e-01
8.1894e-01
8.2291e-01
8.1819e-01
8.1806e-01
8.1884e-01
8.1695e-01
8.1931e-01
8.2049e-01
8.1941e-01
8.1850e-01
8.1946e-01
8.2253e-01
8.2122e-01
8.1823e-01
8.2127e-01
8.1820e-01
8.2088e-01
8.1759e-01
8.1907e-01
8.1906e-01
8.2039e-01
8.2078e-01
8.1860e-01
8.1816e-01
8.1507e-01
8.1823e-01
8.1924e-01
8.1782e-01
8.2031e-01
8.1996e-01
8.1872e-01
8.1812e-01
8.2126e-01
8.1941e-01
8.2191e-01
8.1985e-01
8.2042e-01
8.2254e-01
8.1898e-01
8.2194e-01
8.1845e-01
8.2067e-01
8.2013e-01
8.2371e-01
8.2042e-01
8.1875e-01
8.1982e-01
8.1803e-01
8.1935e-01
8.1737e-01
8.2184e-01
8.2001e-01
8.2148e-01
8.1913e-01
8.2215e-01
8.1914e-01
8.2093e-01
8.2075e-01
8.1895e-01
8.1993e-01
8.2062e-01
8.1808e-01
8.1658e-01
8.1831e-01
8.2016e-01
8.2056e-01
8.1977e-01
8.1853e-01
8.2136e-01
8.2186e-01
8.2051e-01
8.1921e-01
8.1900e-01
8.2085e-01
8.1737e-01
8.2026e-01
8.2137e-01
8.1667e-01
8.1895e-01
8.2264e-01
8.1718e-01
8.2063e-01
8.1995e-01
8.2160e-01
8.2232e-01
8.1997e-01
8.1688e-01
8.2095e-01
8.2078e-01
8.1772e-01
8.2262e-01
8.2148e-01
8.2167e-01
8.1804e-01
8.2030e-01
8.1807e-01
8.2059e-01
8.1705e-01
8.2237e-01
8.2370e-01
8.1834e-01
8.2128e-01
8.2275e-01
8.2013e-01
8.1808e-01
8.1846e-01
8.2379e-01
8.2185e-01
8.2058e-01
8.1693e-01
8.2180e-01
8.1901e-01
8.2377e-01
8.2182e-01
8.2095e-01
8.1808e-01
8.1784e-01
8.2081e-01
8.2023e-01
8.1982e-01
8.2028e-01
8.2062e-01
8.1900e-01
8.2039e-01
8.1748e-01
8.1912e-01
8.1993e-01
8.2008e-01
8.1692e-01
8.2016e-01
8.1807e-01
8.2243e-01
8.1922e-01
8.2002e-01
8.1795e-01
8.1830e-01
8.2042e-01
8.1848e-01
8.1566e-01
8.1930e-01
8.2079e-01
8.1890e-01
8.1919e-01
8.2023e-01
8.2063e-01
8.1901e-01
8.1864e-01
8.1987e-01
8.2133e-01
8.1850e-01
8.1615e-01
8.1780e-01
8.2394e-01
8.2234e-01
8.2071e-01
8.2084e-01
8.2168e-01
8.1764e-01
8.2023e-01
8.2188e-01
8.1993e-01
8.1989e-01
8.2121e-01
8.1954e-01
8.1660e-01
8.1812e-01
8.1802e-01
8.1829e-01
8.1982e-01
8.2123e-01
8.2067e-01
8.1808e-01
8.2198e-01
8.1838e-01
8.2142e-01
8.1571e-01
8.1867e-01
8.1842e-01
8.1728e-01
8.2081e-01
8.1934e-01
8.2086e-01
8.1618e-01
8.2081e-01
8.2141e-01
8.1905e-01
8.2134e-01
8.1659e-01
8.1974e-01
8.2105e-01
8.1542e-01
8.2024e-01
8.2437e-01
8.1918e-01
8.2355e-01
8.1564e-01
8.2055e-01
8.2120e-01
8.1939e-01
8.1972e-01
8.2102e-01
8.1874e-01
8.1930e-01
8.1979e-01
8.2035e-01
8.1922e-01
8.1807e-01
8.1699e-01
8.1989e-01
8.2063e-01
8.1783e-01
8.2195e-01
8.2094e-01
8.1977e-01
8.2176e-01
8.1808e-01
8.1865e-01
8.1955e-01
8.1656e-01
8.1823e-01
8.2314e-01
8.1937e-01
8.2031e-01
8.2053e-01
8.1983e-01
8.2188e-01
8.1939e-01
8.2167e-01
8.1884e-01
8.0638e-01
8.1922e-01
8.2171e-01
8.1931e-01
8.2157e-01
8.2373e-01
8.0524e-01
8.2029e-01
8.2069e-01
8.2110e-01
8.2143e-01
8.2058e-01
8.1722e-01
8.1807e-01
8.1992e-01
8.2052e-01
8.1807e-01
8.2196e-01
8.1965e-01
8.1799e-01
8.1870e-01
8.2318e-01
8.1891e-01
8.1765e-01
8.1811e-01
8.2074e-01
8.1880e-01
8.1941e-01
8.1791e-01
8.2054e-01
8.2108e-01
8.1880e-01
8.2061e-01
8.1963e-01
8.1884e-01
8.1923e-01
8.2172e-01
8.2067e-01
8.2301e-01
8.1658e-01
8.1875e-01
8.1739e-01
8.1944e-01
8.1958e-01
8.2322e-01
8.1736e-01
8.2127e-01
8.1981e-01
8.2071e-01
8.1934e-01
8.1660e-01
8.2048e-01
8.1967e-01
8.2136e-01
8.1880e-01
8.1857e-01
8.1620e-01
8.2058e-01
8.1879e-01
8.1946e-01
8.2439e-01
8.1789e-01
8.2066e-01
8.1963e-01
8.1868e-01
8.2104e-01
8.2340e-01
8.2086e-01
8.2030e-01
8.1886e-01
8.1748e-01
8.1703e-01
8.1898e-01
8.1802e-01
8.1826e-01
8.2423e-01
8.2020e-01
8.1907e-01
8.1666e-01
8.1909e-01
8.2049e-01
8.2090e-01
8.2123e-01
8.2441e-01
8.2275e-01
8.1881e-01
8.1831e-01
8.2228e-01
8.1782e-01
8.2170e-01
8.2167e-01
8.1746e-01
8.2110e-01
8.1937e-01
8.1857e-01
8.2343e-01
8.1789e-01
8.2172e-01
8.2067e-01
8.1736e-01
8.1994e-01
8.1890e-01
8.2030e-01
8.1986e-01
8.1909e-01
8.1744e-01
8.2035e-01
8.1970e-01
8.1883e-01
8.1925e-01
8.1963e-01
8.1897e-01
8.2192e-01
8.1579e-01
8.2092e-01
8.1984e-01
8.2457e-01
8.1785e-01
8.1838e-01
8.1859e-01
8.1848e-01
8.1996e-01
8.2511e-01
8.1894e-01
8.1889e-01
8.1854e-01
8.1909e-01
8.1856e-01
8.2034e-01
8.1785e-01
8.2164e-01
8.1706e-01
8.1881e-01
8.1799e-01
8.2180e-01
8.1953e-01
8.1797e-01
8.1958e-01
8.2023e-01
8.1830e-01
8.1976e-01
8.1763e-01
8.2215e-01
8.1666e-01
8.2052e-01
8.2160e-01
8.2130e-01
8.1927e-01
8.2110e-01
8.1846e-01
8.2181e-01
8.1808e-01
8.2031e-01
8.1890e-01
8.2071e-01
8.1882e-01
8.2137e-01
8.2176e-01
8.2042e-01
8.1761e-01
8.2141e-01
8.1727e-01
8.1952e-01
8.1943e-01
8.1896e-01
8.1668e-01
8.1873e-01
8.1703e-01
8.2058e-01
8.1789e-01
8.2471e-01
8.1991e-01
8.2173e-01
8.2001e-01
8.1768e-01
8.2187e-01
8.2214e-01
8.1916e-01
8.2087e-01
8.1886e-01
8.1813e-01
8.1949e-01
8.2031e-01
8.1999e-01
8.1924e-01
8.2378e-01
8.2033e-01
8.2131e-01
8.1991e-01
8.2128e-01
8.1835e-01
8.1763e-01
8.1953e-01
8.1788e-01
8.1973e-01
8.2103e-01
8.1958e-01
8.2087e-01
8.1781e-01
8.1836e-01
8.1951e-01
8.1742e-01
8.2176e-01
8.2246e-01
8.1881e-01
8.1830e-01
8.1967e-01
8.1933e-01
8.1892e-01
8.1881e-01
8.1874e-01
8.1829e-01
8.2038e-01
8.1961e-01
8.2121e-01
8.1951e-01
8.2134e-01
8.1947e-01
8.1909e-01
8.2185e-01
8.1890e-01
8.1828e-01
8.2068e-01
8.1938e-01
8.2035e-01
8.1840e-01
8.2182e-01
8.1844e-01
8.1975e-01
8.1905e-01
8.2108e-01
7.7212e-01
8.2138e-01
8.1926e-01
8.1857e-01
8.1723e-01
8.1877e-01
8.1819e-01
8.2174e-01
8.1721e-01
8.1698e-01
8.1856e-01
8.1928e-01
8.1735e-01
8.2160e-01
8.1722e-01
8.2123e-01
8.2085e-01
8.2168e-01
8.1841e-01
8.2296e-01
8.2193e-01
8.2093e-01
8.1688e-01
8.2080e-01
8.2076e-01
8.1883e-01
8.2116e-01
8.2121e-01
8.1731e-01
8.1985e-01
8.1798e-01
8.1831e-01
8.2119e-01
8.1839e-01
8.1687e-01
8.1869e-01
8.1805e-01
8.2192e-01
8.1916e-01
8.1796e-01
8.1653e-01
8.2064e-01
8.1911e-01
8.1886e-01
8.2036e-01
8.1894e-01
8.2127e-01
8.1990e-01
8.2001e-01
8.1904e-01
8.1784e-01
8.1964e-01
8.2020e-01
7.9348e-01
8.1817e-01
8.1666e-01
8.2046e-01
8.1638e-01
8.2107e-01
8.1947e-01
8.1715e-01
8.2107e-01
8.1753e-01
8.2092e-01
8.1943e-01
8.2089e-01
8.2156e-01
8.1862e-01
8.1975e-01
8.2004e-01
8.2350e-01
8.1843e-01
8.2086e-01
8.1946e-01
8.2219e-01
8.2279e-01
8.1705e-01
8.1999e-01
8.2270e-01
8.1734e-01
8.2053e-01
8.1729e-01
8.1992e-01
8.2064e-01
8.2076e-01
8.2049e-01
8.2228e-01
8.1786e-01
8.1960e-01
8.1880e-01
8.1793e-01
8.2405e-01
8.1941e-01
8.2137e-01
8.1811e-01
8.1995e-01
7.9296e-01
8.2104e-01
8.2107e-01
8.2149e-01
8.1835e-01
8.1820e-01
8.1785e-01
8.2288e-01
8.1822e-01
8.1946e-01
8.2041e-01
8.2020e-01
8.1777e-01
8.1782e-01
8.1797e-01
8.1997e-01
8.2147e-01
8.1929e-01
8.2060e-01
8.1646e-01
8.1796e-01
8.1861e-01
8.2027e-01
8.2267e-01
8.2341e-01
8.1902e-01
8.1972e-01
8.2045e-01
8.2053e-01
8.2103e-01
8.2237e-01
8.1841e-01
8.1934e-01
8.1910e-01
8.2207e-01
8.1804e-01
8.1873e-01
8.1890e-01
8.1992e-01
8.1665e-01
8.2124e-01
8.2029e-01
8.2165e-01
8.2138e-01
8.1771e-01
8.1868e-01
8.2178e-01
8.2082e-01
8.2362e-01
8.1895e-01
8.2113e-01
8.2093e-01
8.1849e-01
8.1595e-01
8.1984e-01
8.1842e-01
8.1901e-01
8.2038e-01
8.1984e-01
8.2020e-01
8.1856e-01
8.1972e-01
8.1994e-01
8.1835e-01
8.2063e-01
8.2245e-01
8.1818e-01
8.1901e-01
8.1975e-01
8.2307e-01
8.2005e-01
8.2244e-01
8.1920e-01
8.2089e-01
8.2085e-01
8.2101e-01
8.1972e-01
8.1882e-01
8.2039e-01
8.2077e-01
8.2090e-01
8.2093e-01
8.2036e-01
8.1935e-01
8.2073e-01
8.1989e-01
8.2296e-01
8.1894e-01
8.2016e-01
8.1969e-01
8.2115e-01
8.1742e-01
8.1851e-01
8.2099e-01
8.2130e-01
7.9429e-01
8.2313e-01
8.1376e-01
8.2292e-01
8.1782e-01
8.1886e-01
8.2092e-01
8.2091e-01
8.2089e-01
8.2180e-01
8.1693e-01
8.2068e-01
8.1941e-01
8.2108e-01
8.2000e-01
8.2118e-01
8.1972e-01
8.1714e-01
8.2174e-01
8.1861e-01
8.1840e-01
8.1704e-01
8.1926e-01
8.1919e-01
8.1943e-01
8.1960e-01
8.2201e-01
8.1685e-01
8.1607e-01
8.2017e-01
8.1956e-01
8.1875e-01
8.2135e-01
8.2053e-01
8.1961e-01
8.2009e-01
8.1730e-01
8.2167e-01
8.1847e-01
8.2064e-01
8.2091e-01
8.2180e-01
8.1903e-01
8.2017e-01
8.2084e-01
8.2006e-01
8.1947e-01
8.1975e-01
8.1916e-01
8.1928e-01
8.2282e-01
8.1767e-01
8.1662e-01
8.1864e-01
8.2209e-01
8.2107e-01
8.2066e-01
8.1829e-01
8.2029e-01
8.1903e-01
8.2020e-01
8.1886e-01
8.2019e-01
8.2020e-01
8.2206e-01
8.2249e-01
8.2182e-01
8.2093e-01
8.2221e-01
8.2201e-01
8.1819e-01
8.1998e-01
8.1846e-01
8.1968e-01
8.2018e-01
8.2010e-01
8.2304e-01
8.1902e-01
8.1955e-01
8.1930e-01
8.1849e-01
8.1783e-01
8.2165e-01
8.1875e-01
8.1814e-01
8.2215e-01
8.1789e-01
8.2096e-01
8.2003e-01
8.1883e-01
8.2005e-01
8.1834e-01
8.1700e-01
8.2004e-01
8.2050e-01
8.1813e-01
8.1897e-01
8.1728e-01
8.2149e-01
8.1899e-01
8.1980e-01
8.2125e-01
8.2233e-01
8.1756e-01
8.1904e-01
8.2073e-01
8.2036e-01
8.1829e-01
8.2305e-01
8.1799e-01
8.1798e-01
8.1891e-01
8.2112e-01
8.1997e-01
8.1740e-01
8.1826e-01
8.1693e-01
8.1873e-01
8.1996e-01
8.2292e-01
8.1762e-01
8.1629e-01
8.2113e-01
8.2137e-01
8.2235e-01
8.2128e-01
8.2148e-01
8.2136e-01
8.1755e-01
8.2130e-01
8.1913e-01
8.1919e-01
8.1995e-01
8.1957e-01
8.1705e-01
8.1924e-01
8.1757e-01
8.1984e-01
8.2130e-01
8.1664e-01
8.1886e-01
8.1908e-01
8.2070e-01
8.2089e-01
8.2096e-01
8.1577e-01
8.2130e-01
8.1868e-01
8.1760e-01
8.1968e-01
8.1950e-01
8.1838e-01
8.1959e-01
8.1932e-01
8.2203e-01
8.1619e-01
7.6162e-01
8.2089e-01
8.1696e-01
7.6178e-01
8.2267e-01
8.2039e-01
8.2057e-01
8.1742e-01
8.1856e-01
8.2063e-01
8.1925e-01
8.1978e-01
8.2061e-01
8.2074e-01
8.1945e-01
7.6536e-01
8.2103e-01
8.2217e-01
8.1793e-01
8.1661e-01
8.2196e-01
8.2126e-01
8.1760e-01
8.2038e-01
8.1842e-01
8.1890e-01
8.1903e-01
8.1858e-01
8.1919e-01
8.1876e-01
8.2494e-01
8.2072e-01
8.1841e-01
8.1827e-01
8.2076e-01
8.1629e-01
8.1711e-01
8.2113e-01
8.1799e-01
8.2049e-01
8.1626e-01
8.1876e-01
8.2319e-01
8.1600e-01
8.1761e-01
8.2220e-01
8.1980e-01
8.1963e-01
8.1952e-01
8.2202e-01
8.2265e-01
8.1950e-01
8.2033e-01
8.2046e-01
8.1913e-01
8.1784e-01
8.1993e-01
8.1826e-01
7.9586e-01
8.1659e-01
8.1961e-01
8.1812e-01
8.1956e-01
8.2080e-01
8.1927e-01
8.1900e-01
8.1591e-01
8.1817e-01
8.2243e-01
8.1874e-01
8.1991e-01
8.2035e-01
8.2045e-01
8.1835e-01
8.1986e-01
8.1998e-01
8.1836e-01
8.1964e-01
8.2268e-01
8.1774e-01
8.1912e-01
8.1767e-01
8.1940e-01
8.2108e-01
8.2104e-01
8.1940e-01
8.1896e-01
8.2068e-01
8.1928e-01
8.1996e-01
8.1691e-01
8.1723e-01
8.1956e-01
8.2090e-01
8.1858e-01
8.1897e-01
8.1772e-01
8.1979e-01
8.1966e-01
8.2144e-01
8.1853e-01
8.2050e-01
8.1795e-01
8.2235e-01
8.2227e-01
8.1787e-01
8.1847e-01
8.1729e-01
8.2266e-01
8.1960e-01
8.2036e-01
8.1928e-01
8.1791e-01
8.2041e-01
8.2090e-01
8.2000e-01
8.2081e-01
8.2030e-01
8.1930e-01
8.2382e-01
8.1901e-01
8.2095e-01
8.2061e-01
8.2112e-01
8.1975e-01
8.1821e-01
8.1912e-01
8.2109e-01
8.2066e-01
8.1910e-01
8.2125e-01
8.1994e-01
8.2030e-01
8.2029e-01
8.2072e-01
8.1888e-01
8.3427e-01
8.2313e-01
8.2174e-01
8.1969e-01
8.2117e-01
8.1922e-01
8.2027e-01
8.2155e-01
8.1980e-01
8.1768e-01
8.1605e-01
8.1930e-01
8.2356e-01
8.2081e-01
8.1983e-01
8.2008e-01
