6.8471e-01
6.8270e-01
6.8721e-01
6.7726e-01
6.7702e-01
6.8391e-01
6.8632e-01
6.8281e-01
6.8153e-01
6.8060e-01
6.8878e-01
6.8551e-01
6.8195e-01
6.8486e-01
6.8667e-01
6.8902e-01
6.8217e-01
6.8705e-01
6.8481e-01
6.7398e-01
6.8367e-01
6.8804e-01
6.8010e-01
6.8316e-01
6.8739e-01
6.8112e-01
6.8320e-01
6.9044e-01
6.7980e-01
6.8043e-01
6.8104e-01
6.8425e-01
6.8195e-01
6.8689e-01
6.7807e-01
6.8682e-01
6.8607e-01
6.9124e-01
6.8970e-01
6.8628e-01
6.8100e-01
6.8495e-01
6.8308e-01
6.7707e-01
6.8300e-01
6.8052e-01
6.8787e-01
6.8327e-01
6.8417e-01
6.7913e-01
6.8079e-01
6.8455e-01
6.8723e-01
6.8465e-01
7.0154e-01
6.8103e-01
6.8008e-01
6.8677e-01
6.8301e-01
6.7964e-01
6.7865e-01
6.8399e-01
6.7728e-01
6.8496e-01
6.7824e-01
6.8535e-01
6.8504e-01
6.8473e-01
6.8607e-01
6.8214e-01
6.8583e-01
6.7731e-01
6.8704e-01
6.8853e-01
6.8384e-01
6.8286e-01
6.7364e-01
6.8314e-01
6.8998e-01
6.8202e-01
6.8144e-01
6.8195e-01
6.8645e-01
6.8365e-01
6.8042e-01
6.8585e-01
6.7935e-01
6.9015e-01
6.8731e-01
6.8799e-01
6.8830e-01
6.7591e-01
6.7815e-01
6.8891e-01
6.8474e-01
6.9191e-01
6.8364e-01
6.8884e-01
6.8816e-01
6.7701e-01
6.8738e-01
6.9261e-01
6.8717e-01
6.8855e-01
6.8405e-01
6.8115e-01
6.7066e-01
6.8265e-01
6.6679e-01
6.8800e-01
6.7669e-01
6.8588e-01
6.8294e-01
6.7454e-01
6.9040e-01
6.8344e-01
6.7153e-01
6.8383e-01
6.7776e-01
6.8404e-01
6.8294e-01
6.9033e-01
6.8937e-01
6.7836e-01
6.8766e-01
6.9013e-01
6.8683e-01
6.9309e-01
6.8567e-01
6.9067e-01
6.8578e-01
6.8236e-01
6.7857e-01
6.8187e-01
6.7933e-01
6.8367e-01
6.8540e-01
6.7865e-01
6.8689e-01
6.8631e-01
6.8640e-01
6.8836e-01
6.8551e-01
6.7730e-01
6.8176e-01
6.8369e-01
6.8213e-01
6.8516e-01
6.8567e-01
6.8547e-01
6.8339e-01
6.8396e-01
6.8337e-01
6.8546e-01
6.8034e-01
6.8014e-01
6.8575e-01
6.7686e-01
6.8183e-01
6.8708e-01
6.8913e-01
6.8305e-01
6.8535e-01
6.8623e-01
6.8159e-01
6.8055e-01
6.8227e-01
6.8555e-01
6.8465e-01
6.8325e-01
6.8939e-01
6.8120e-01
6.8035e-01
6.8320e-01
6.8813e-01
6.8386e-01
6.8394e-01
6.8670e-01
6.8617e-01
6.8659e-01
6.7953e-01
6.8498e-01
6.8579e-01
6.8462e-01
6.8281e-01
6.8361e-01
6.7151e-01
6.8584e-01
6.9119e-01
6.8993e-01
6.8480e-01
6.8914e-01
6.7775e-01
6.8805e-01
6.8143e-01
6.8497e-01
6.8314e-01
6.8512e-01
6.8544e-01
6.8231e-01
6.8992e-01
6.7975e-01
6.8327e-01
6.8705e-01
6.8357e-01
6.8253e-01
6.8202e-01
6.8042e-01
6.8445e-01
6.7901e-01
6.8642e-01
6.8073e-01
6.8825e-01
6.8462e-01
6.7884e-01
6.8226e-01
6.8614e-01
6.8602e-01
6.8295e-01
6.8510e-01
6.8492e-01
6.8104e-01
6.9176e-01
6.8043e-01
6.8250e-01
6.9170e-01
6.8551e-01
6.7743e-01
6.8712e-01
6.8426e-01
6.7968e-01
6.8200e-01
6.8299e-01
6.8220e-01
6.8363e-01
6.8131e-01
6.7943e-01
6.8888e-01
6.7996e-01
6.8507e-01
6.7822e-01
6.8678e-01
6.8613e-01
6.8267e-01
6.8926e-01
6.8054e-01
6.8254e-01
6.9061e-01
6.8151e-01
6.8252e-01
6.8362e-01
6.8621e-01
6.8933e-01
6.8897e-01
6.7356e-01
6.8196e-01
6.8277e-01
6.8398e-01
6.8097e-01
6.8449e-01
6.8333e-01
6.7912e-01
6.8429e-01
6.8426e-01
6.8253e-01
6.8319e-01
6.9315e-01
6.8003e-01
6.7515e-01
6.7321e-01
6.8508e-01
6.8187e-01
6.7800e-01
6.8581e-01
6.8782e-01
6.8283e-01
6.8404e-01
6.8689e-01
6.8331e-01
6.8533e-01
6.8014e-01
6.8431e-01
6.8693e-01
6.8279e-01
6.8192e-01
6.8284e-01
6.7636e-01
6.7977e-01
6.7120e-01
6.8218e-01
6.7888e-01
6.8057e-01
6.8831e-01
6.9127e-01
6.8417e-01
6.8445e-01
6.8615e-01
6.8649e-01
6.7985e-01
6.8239e-01
6.8248e-01
6.8216e-01
6.8481e-01
6.8141e-01
6.8022e-01
6.7682e-01
6.7959e-01
6.8657e-01
6.8804e-01
6.7642e-01
6.8733e-01
6.8618e-01
6.8511e-01
6.8136e-01
6.8759e-01
6.8808e-01
6.8516e-01
6.8414e-01
6.8619e-01
6.8629e-01
6.8307e-01
6.8173e-01
6.8885e-01
6.8601e-01
6.8118e-01
6.8499e-01
6.3698e-01
6.8449e-01
6.9254e-01
6.7983e-01
6.8417e-01
6.8106e-01
6.8471e-01
6.8467e-01
6.9144e-01
6.8928e-01
6.8619e-01
6.8375e-01
6.8656e-01
6.8292e-01
6.7519e-01
6.8355e-01
6.8235e-01
6.8976e-01
6.8235e-01
6.7981e-01
6.7773e-01
6.8246e-01
6.8925e-01
6.7701e-01
6.7836e-01
6.8842e-01
6.8472e-01
6.8439e-01
6.8018e-01
6.8376e-01
6.8382e-01
6.8140e-01
6.8539e-01
6.8266e-01
6.8577e-01
6.8326e-01
6.8511e-01
6.8677e-01
6.7801e-01
6.8455e-01
6.8833e-01
6.8182e-01
6.8384e-01
6.8059e-01
6.8119e-01
6.8961e-01
6.7356e-01
6.7398e-01
6.7984e-01
6.8223e-01
6.7841e-01
6.8463e-01
6.8916e-01
6.8816e-01
6.8750e-01
6.8212e-01
6.8086e-01
6.8307e-01
6.7903e-01
6.8248e-01
6.7947e-01
6.9032e-01
6.7933e-01
6.8335e-01
6.8736e-01
6.8102e-01
6.8144e-01
6.8256e-01
6.8771e-01
6.3146e-01
6.8381e-01
6.9046e-01
6.7789e-01
6.8344e-01
6.7944e-01
6.8632e-01
6.8753e-01
6.8631e-01
6.8291e-01
6.8371e-01
6.8944e-01
6.8478e-01
6.7315e-01
6.8368e-01
6.8341e-01
6.8198e-01
6.6508e-01
6.8876e-01
6.8579e-01
6.8048e-01
6.8802e-01
6.8670e-01
6.7679e-01
6.8408e-01
6.7347e-01
6.8145e-01
6.8136e-01
6.8836e-01
6.8149e-01
6.7996e-01
6.7903e-01
6.8575e-01
6.8328e-01
6.8986e-01
6.8241e-01
6.8697e-01
6.8452e-01
6.8983e-01
6.6727e-01
6.8400e-01
6.8444e-01
6.8686e-01
6.8055e-01
6.8480e-01
6.8873e-01
6.7436e-01
6.8647e-01
6.8189e-01
6.8221e-01
6.7965e-01
6.8829e-01
6.8351e-01
6.9051e-01
6.7874e-01
6.8858e-01
6.8501e-01
6.8415e-01
6.8350e-01
6.7441e-01
6.8491e-01
6.8616e-01
6.8880e-01
6.8647e-01
6.8731e-01
6.8002e-01
6.7881e-01
6.8375e-01
6.8582e-01
6.8732e-01
6.9148e-01
6.8271e-01
6.8052e-01
6.7906e-01
6.8331e-01
6.8247e-01
6.8883e-01
6.8896e-01
6.8765e-01
6.8783e-01
6.8619e-01
6.7633e-01
6.8505e-01
6.8420e-01
6.8484e-01
6.8110e-01
6.7959e-01
6.8863e-01
6.7715e-01
6.8222e-01
6.7728e-01
6.8293e-01
6.8594e-01
6.8558e-01
6.8398e-01
6.8284e-01
6.8083e-01
6.8063e-01
6.8751e-01
6.8797e-01
6.8194e-01
6.8460e-01
6.7992e-01
6.8530e-01
6.8287e-01
6.8353e-01
6.8607e-01
6.8871e-01
6.8901e-01
6.7873e-01
6.7701e-01
6.8400e-01
6.7635e-01
6.8658e-01
6.8559e-01
6.8471e-01
6.8130e-01
6.8330e-01
6.7431e-01
6.8168e-01
6.7659e-01
6.8435e-01
6.8878e-01
6.7471e-01
6.8166e-01
6.8320e-01
6.7163e-01
6.8175e-01
6.8595e-01
6.8285e-01
6.8720e-01
6.8280e-01
6.8443e-01
6.8446e-01
6.8686e-01
6.8560e-01
6.8168e-01
6.6286e-01
6.7962e-01
6.8569e-01
6.8502e-01
6.7918e-01
6.8099e-01
6.7989e-01
6.8794e-01
6.8287e-01
6.9129e-01
6.8628e-01
6.9074e-01
6.7844e-01
6.7692e-01
6.8240e-01
6.8165e-01
6.8386e-01
6.7817e-01
6.8998e-01
6.7667e-01
6.7988e-01
6.8703e-01
6.8122e-01
6.8857e-01
6.8615e-01
6.7783e-01
6.7929e-01
6.8858e-01
6.8536e-01
6.8643e-01
6.8523e-01
6.8376e-01
6.7842e-01
6.8066e-01
6.8424e-01
6.9096e-01
6.8520e-01
6.7844e-01
6.8634e-01
6.8797e-01
6.8627e-01
6.9057e-01
6.8393e-01
6.8082e-01
6.8754e-01
6.8606e-01
6.8310e-01
6.8329e-01
6.8451e-01
6.9610e-01
6.8464e-01
6.8382e-01
6.8050e-01
6.9146e-01
6.8417e-01
6.7739e-01
6.8366e-01
6.8911e-01
6.8480e-01
6.8050e-01
6.7759e-01
6.7696e-01
6.8735e-01
6.8123e-01
6.8577e-01
6.8369e-01
6.8421e-01
6.8497e-01
6.8595e-01
6.8708e-01
6.7979e-01
6.8312e-01
6.7780e-01
6.8602e-01
6.8807e-01
6.8579e-01
6.8277e-01
6.8564e-01
6.7560e-01
6.8489e-01
6.7574e-01
6.8317e-01
6.9207e-01
6.8243e-01
6.9151e-01
6.8468e-01
6.8433e-01
6.8418e-01
6.8833e-01
6.7076e-01
6.8317e-01
6.8208e-01
6.7670e-01
6.8961e-01
6.8187e-01
6.8676e-01
6.8295e-01
6.7867e-01
6.8372e-01
6.8645e-01
6.8805e-01
6.9043e-01
6.8020e-01
6.8525e-01
6.7873e-01
6.8122e-01
6.8954e-01
6.8560e-01
6.9019e-01
6.8389e-01
6.8648e-01
6.7703e-01
6.8579e-01
6.8669e-01
6.8324e-01
6.8721e-01
6.8592e-01
6.8464e-01
6.8797e-01
6.8348e-01
6.8190e-01
6.8771e-01
6.8005e-01
6.8539e-01
6.8229e-01
6.8382e-01
6.8362e-01
6.8618e-01
6.8704e-01
6.8511e-01
6.7767e-01
6.8219e-01
6.8606e-01
6.8473e-01
6.8460e-01
6.7768e-01
6.9005e-01
6.8762e-01
6.7485e-01
6.8255e-01
6.7169e-01
6.7590e-01
6.8670e-01
6.8482e-01
6.8340e-01
6.8891e-01
6.7460e-01
6.8908e-01
6.7678e-01
6.8829e-01
6.8919e-01
6.8437e-01
6.8636e-01
6.8335e-01
6.8513e-01
6.8206e-01
6.8163e-01
6.8896e-01
6.8111e-01
6.7454e-01
6.8353e-01
6.8995e-01
6.8444e-01
6.8722e-01
6.8513e-01
6.7317e-01
6.7944e-01
6.8786e-01
6.8527e-01
6.8500e-01
6.8430e-01
6.8569e-01
6.8182e-01
6.7756e-01
6.8641e-01
6.8712e-01
6.8423e-01
6.8627e-01
6.8323e-01
6.7983e-01
6.8270e-01
6.7449e-01
6.8432e-01
6.8017e-01
6.7742e-01
6.7651e-01
6.8994e-01
6.8237e-01
6.8023e-01
6.8167e-01
6.7752e-01
6.8814e-01
6.8843e-01
6.8719e-01
6.8343e-01
6.8225e-01
6.8012e-01
6.8657e-01
6.8808e-01
6.8869e-01
6.8240e-01
6.8476e-01
6.7671e-01
6.8534e-01
6.9128e-01
6.8605e-01
6.8463e-01
6.8688e-01
6.8291e-01
6.8188e-01
6.8781e-01
6.8005e-01
6.7327e-01
6.8383e-01
6.8154e-01
6.8248e-01
6.8720e-01
6.7256e-01
6.8662e-01
6.8684e-01
6.8300e-01
6.7727e-01
6.7417e-01
6.7748e-01
6.8377e-01
6.9123e-01
6.8759e-01
6.8669e-01
6.8247e-01
6.7941e-01
6.8222e-01
6.8169e-01
6.8229e-01
6.8088e-01
6.8957e-01
6.7874e-01
6.9186e-01
6.7674e-01
6.8430e-01
6.8418e-01
6.8029e-01
6.8232e-01
6.8240e-01
6.8514e-01
6.8884e-01
6.8156e-01
6.8604e-01
6.3069e-01
6.7635e-01
6.4353e-01
6.7610e-01
6.8570e-01
6.8926e-01
6.8802e-01
6.8191e-01
6.7162e-01
6.8642e-01
6.8009e-01
6.8895e-01
6.8563e-01
6.8403e-01
6.8155e-01
6.7816e-01
6.8563e-01
6.8263e-01
6.7785e-01
6.8003e-01
6.8694e-01
6.8244e-01
6.7852e-01
6.6938e-01
6.8642e-01
6.8346e-01
6.8512e-01
6.8510e-01
6.8755e-01
6.7771e-01
6.8032e-01
6.8859e-01
6.8137e-01
6.8643e-01
6.8218e-01
6.7998e-01
6.8607e-01
6.8272e-01
6.8406e-01
6.9153e-01
6.7971e-01
6.7640e-01
6.8471e-01
6.8486e-01
6.8988e-01
6.8775e-01
6.8656e-01
6.8401e-01
6.8168e-01
6.8479e-01
6.7405e-01
6.7567e-01
6.7781e-01
6.8606e-01
6.8721e-01
6.7672e-01
6.8608e-01
6.8533e-01
6.7882e-01
6.7780e-01
6.8408e-01
6.9044e-01
6.8520e-01
6.8297e-01
6.8195e-01
6.8203e-01
6.7937e-01
6.8442e-01
6.8174e-01
6.8981e-01
6.8689e-01
6.7990e-01
6.8166e-01
6.7752e-01
6.8418e-01
6.8428e-01
6.7413e-01
6.8566e-01
6.8066e-01
6.8117e-01
6.8363e-01
6.8211e-01
6.8513e-01
6.8573e-01
6.8898e-01
6.8102e-01
6.8280e-01
6.8388e-01
6.7454e-01
6.7509e-01
6.8517e-01
6.7498e-01
6.8593e-01
6.8559e-01
6.8756e-01
6.3363e-01
6.8684e-01
6.7966e-01
6.8463e-01
6.8582e-01
6.7876e-01
6.8346e-01
6.8198e-01
6.7211e-01
6.8806e-01
6.7793e-01
6.8525e-01
6.8699e-01
6.8588e-01
6.8058e-01
6.7908e-01
6.8191e-01
6.8105e-01
6.8325e-01
6.9048e-01
6.8214e-01
6.7876e-01
6.8027e-01
6.8781e-01
6.7434e-01
6.7888e-01
6.8418e-01
6.8595e-01
6.8922e-01
6.8487e-01
6.7454e-01
6.8229e-01
6.8669e-01
6.8206e-01
6.8211e-01
6.8479e-01
6.8501e-01
6.7930e-01
6.8032e-01
6.8225e-01
6.8565e-01
6.8549e-01
6.8312e-01
6.8498e-01
6.8126e-01
6.8371e-01
6.8899e-01
6.8466e-01
6.8229e-01
6.7379e-01
6.8768e-01
6.7431e-01
6.8572e-01
6.8568e-01
6.8400e-01
6.7961e-01
6.7773e-01
6.8338e-01
6.8381e-01
6.8345e-01
6.8650e-01
6.8052e-01
6.8184e-01
6.9100e-01
6.8027e-01
6.8568e-01
6.7713e-01
6.7701e-01
6.8456e-01
6.7851e-01
6.8653e-01
6.8863e-01
6.9119e-01
6.8376e-01
6.8042e-01
6.8613e-01
6.9081e-01
6.8895e-01
6.8385e-01
6.8411e-01
6.8873e-01
6.8283e-01
6.7958e-01
6.7137e-01
6.7283e-01
6.8880e-01
6.8887e-01
6.8095e-01
6.7762e-01
6.8604e-01
6.8137e-01
6.8533e-01
6.8193e-01
6.8428e-01
6.7918e-01
6.7846e-01
6.8406e-01
6.7204e-01
6.8005e-01
6.7940e-01
6.8712e-01
6.7403e-01
6.8818e-01
6.8288e-01
6.8112e-01
6.7993e-01
6.9001e-01
6.8273e-01
6.7701e-01
6.8074e-01
6.7891e-01
6.8584e-01
6.8157e-01
6.7671e-01
6.8395e-01
6.8688e-01
6.8324e-01
6.7772e-01
6.7869e-01
6.8296e-01
6.8126e-01
6.8031e-01
6.7748e-01
6.8072e-01
6.8516e-01
6.8458e-01
